concept_id|concept_code
35100000|10005329
35102033|10002086
35102034|10064477
35102035|10018849
35102036|10018865
35102037|10018902
35102038|10018911
35102039|10024324
35102040|10025319
35102041|10025323
35102042|10025320
35102043|10025321
35102044|10025322
35102045|10035227
35102046|10035534
35102047|10038158
35102048|10041641
35102049|10047954
35102366|10002042
35102367|10002067
35102368|10052827
35102369|10026847
35102370|10005133
35102371|10009737
35102372|10053567
35102373|10037550
35102374|10018847
35102375|10018845
35102376|10068203
35102377|10020118
35102378|10025353
35102379|10028578
35102380|10018904
35102381|10040651
35102382|10043389
35102383|10002055
35102384|10002052
35102385|10002053
35102386|10002054
35102387|10018913
35102388|10038185
35102389|10024310
35102390|10024292
35102391|10024290
35102392|10024291
35102393|10024297
35102394|10024298
35102395|10024295
35102396|10024296
35102397|10024303
35102398|10024309
35102399|10028536
35102400|10020243
35102401|10020214
35102402|10020226
35102403|10057170
35102404|10057172
35102405|10025634
35102406|10025324
35102407|10003900
35102408|10003909
35102409|10003921
35102410|10006596
35102411|10012819
35102412|10015821
35102413|10016895
35102414|10016903
35102415|10020068
35102416|10025343
35102417|10026798
35102418|10029461
35102419|10036524
35102420|10036711
35102421|10041650
35102422|10047802
35102423|10001414
35102424|10002235
35102425|10002412
35102426|10002450
35102427|10022704
35102428|10028484
35102429|10034622
35102430|10036544
35102431|10042988
35102432|10029592
35102433|10029606
35102434|10029608
35102435|10029621
35102436|10028229
35102437|10035228
35102438|10035533
35102439|10043564
35102440|10043555
35102441|10036052
35102442|10038144
35102443|10057180
35102444|10025198
35102445|10038798
35102446|10041635
35102447|10043677
35102448|10052828
35102449|10024379
35102450|10024385
35102451|10029355
35102452|10047936
35104065|10002043
35104066|10066468
35104067|10002080
35104068|10002081
35104069|10061101
35104070|10022972
35104071|10034695
35104072|10037006
35104073|10042272
35104074|10002034
35104075|10002064
35104076|10002065
35104077|10002068
35104078|10048861
35104079|10051899
35104080|10003965
35104081|10005644
35104082|10010329
35104083|10010538
35104084|10068819
35104085|10052293
35104086|10019902
35104087|10020605
35104088|10020969
35104089|10053199
35104090|10025487
35104091|10027538
35104092|10029783
35104093|10035500
35104094|10040661
35104095|10044697
35104096|10002073
35104097|10049105
35104098|10058116
35104099|10063429
35104100|10002965
35104101|10002967
35104102|10058956
35104103|10065553
35104104|10051779
35104105|10053138
35104106|10062759
35104107|10059589
35104108|10015279
35104109|10053213
35104110|10050443
35104111|10021074
35104112|10028560
35104113|10033661
35104114|10050026
35104115|10062941
35104116|10035537
35104117|10068043
35104118|10067940
35104119|10014080
35104120|10062713
35104121|10019008
35104122|10019009
35104123|10021688
35104124|10021749
35104125|10034754
35104126|10065304
35104127|10047623
35104128|10000531
35104129|10053745
35104130|10056496
35104131|10068370
35104132|10002832
35104133|10067787
35104134|10016075
35104135|10016076
35104136|10052473
35104137|10016077
35104138|10048930
35104139|10016079
35104140|10016080
35104141|10052474
35104142|10016082
35104143|10051806
35104144|10016083
35104145|10061992
35104146|10056492
35104147|10056493
35104148|10056494
35104149|10056495
35104150|10021085
35104151|10051298
35104152|10051292
35104153|10047715
35104154|10049862
35104155|10051122
35104156|10056867
35104157|10067010
35104158|10002817
35104159|10009732
35104160|10065442
35104161|10009802
35104162|10063563
35104163|10051123
35104164|10060906
35104165|10013442
35104166|10013443
35104167|10065003
35104168|10051778
35104169|10058279
35104170|10056335
35104171|10048619
35104172|10059608
35104173|10059598
35104174|10020608
35104175|10020973
35104176|10037556
35104177|10043645
35104178|10019617
35104179|10024377
35104180|10052316
35104181|10037549
35104182|10037557
35104183|10057739
35104184|10037560
35104185|10047097
35104186|10061590
35104187|10061729
35104188|10066816
35104189|10064851
35104190|10058822
35104191|10051763
35104192|10064269
35104193|10048396
35104194|10007246
35104195|10010543
35104196|10062714
35104197|10056474
35104198|10063827
35104199|10061188
35104200|10018873
35104201|10059484
35104202|10020630
35104203|10020633
35104204|10051151
35104205|10020974
35104206|10058002
35104207|10024404
35104208|10026891
35104209|10054978
35104210|10051662
35104211|10027496
35104212|10027498
35104213|10053869
35104214|10035146
35104215|10068179
35104216|10042490
35104217|10042949
35104218|10044359
35104219|10060997
35104220|10059425
35104221|10049557
35104222|10049556
35104223|10068123
35104224|10066476
35104225|10061187
35104226|10062044
35104227|10025638
35104228|10026702
35104229|10026851
35104230|10037127
35104231|10053190
35104232|10051169
35104233|10060801
35104234|10068785
35104235|10020117
35104236|10048595
35104237|10023688
35104238|10049646
35104239|10025581
35104240|10069097
35104241|10063397
35104242|10050251
35104243|10068349
35104244|10069070
35104245|10061232
35104246|10061233
35104247|10068348
35104248|10005089
35104249|10015493
35104250|10024383
35104251|10051141
35104252|10028537
35104253|10028561
35104254|10028576
35104255|10036057
35104256|10068581
35104257|10002058
35104258|10018883
35104259|10055021
35104260|10055019
35104261|10055020
35104262|10053215
35104263|10063740
35104264|10062917
35104265|10060892
35104266|10051895
35104267|10013609
35104268|10048775
35104269|10038935
35104270|10040641
35104271|10040642
35104272|10040650
35104273|10043395
35104274|10012236
35104275|10043388
35104276|10043390
35104277|10043391
35104278|10043396
35104279|10049009
35104280|10010940
35104281|10018916
35104282|10060893
35104283|10034042
35104284|10000206
35104285|10060935
35104286|10002046
35104287|10009868
35104288|10010941
35104289|10053873
35104290|10067122
35104291|10023052
35104292|10063676
35104293|10047822
35104294|10000205
35104295|10056369
35104296|10015251
35104297|10039037
35104298|10018932
35104299|10027527
35104300|10015871
35104301|10018901
35104302|10018910
35104303|10050190
35104304|10020578
35104305|10022822
35104306|10023126
35104307|10023128
35104308|10023138
35104309|10026827
35104310|10062622
35104311|10014490
35104312|10018444
35104313|10018919
35104314|10054920
35104315|10019904
35104316|10053589
35104317|10020022
35104318|10037682
35104319|10049191
35104320|10041509
35104321|10052483
35104322|10001660
35104323|10024288
35104324|10053180
35104325|10061220
35104326|10062489
35104327|10064987
35104328|10067117
35104329|10067431
35104330|10058671
35104331|10052368
35104332|10059239
35104333|10056450
35104334|10028958
35104335|10067399
35104336|10000830
35104337|10060930
35104338|10053747
35104339|10000846
35104340|10000847
35104341|10063620
35104342|10003890
35104343|10003917
35104344|10067184
35104345|10026945
35104346|10042987
35104347|10000860
35104348|10057194
35104349|10000871
35104350|10000872
35104351|10000880
35104352|10000881
35104353|10059034
35104354|10000890
35104355|10001019
35104356|10015246
35104357|10015281
35104358|10008943
35104359|10061042
35104360|10023791
35104361|10028811
35104362|10042970
35104363|10042985
35104364|10008958
35104365|10008959
35104366|10008961
35104367|10008962
35104368|10008963
35104369|10008964
35104370|10008965
35104371|10008966
35104372|10008967
35104373|10058717
35104374|10019053
35104375|10036888
35104376|10063092
35104377|10065854
35104378|10009013
35104379|10009014
35104380|10068232
35104381|10023249
35104382|10025270
35104383|10025300
35104384|10050282
35104385|10008583
35104386|10008584
35104387|10014958
35104388|10024293
35104389|10024299
35104390|10024305
35104391|10061295
35104392|10028549
35104393|10061301
35104394|10068532
35104395|10009018
35104396|10009019
35104397|10028533
35104398|10067387
35104399|10028535
35104400|10038269
35104401|10038270
35104402|10038272
35104403|10067959
35104404|10067960
35104405|10020206
35104406|10020266
35104407|10020267
35104408|10020268
35104409|10020269
35104410|10020270
35104411|10061597
35104412|10020271
35104413|10020208
35104414|10020209
35104415|10020210
35104416|10020211
35104417|10020212
35104418|10020213
35104419|10020215
35104420|10020216
35104421|10020217
35104422|10020218
35104423|10020219
35104424|10020220
35104425|10020221
35104426|10020222
35104427|10020223
35104428|10020224
35104429|10020225
35104430|10020227
35104431|10020228
35104432|10020229
35104433|10020230
35104434|10020231
35104435|10020233
35104436|10020234
35104437|10020235
35104438|10020236
35104439|10020237
35104440|10020238
35104441|10020239
35104442|10020240
35104443|10020241
35104444|10020242
35104445|10020245
35104446|10020246
35104447|10020247
35104448|10020248
35104449|10020249
35104450|10020250
35104451|10020251
35104452|10020252
35104453|10020253
35104454|10020254
35104455|10025635
35104456|10025636
35104457|10007953
35104458|10054951
35104459|10055112
35104460|10052178
35104461|10025310
35104462|10025312
35104463|10064344
35104464|10061240
35104465|10003899
35104466|10003902
35104467|10003903
35104468|10003904
35104469|10003905
35104470|10003906
35104471|10003907
35104472|10051708
35104473|10065857
35104474|10003908
35104475|10003911
35104476|10003912
35104477|10003913
35104478|10003914
35104479|10003915
35104480|10003916
35104481|10003922
35104482|10003923
35104483|10006595
35104484|10006598
35104485|10006599
35104486|10006600
35104487|10006601
35104488|10006602
35104489|10006603
35104490|10012818
35104491|10012821
35104492|10012822
35104493|10012823
35104494|10012824
35104495|10012825
35104496|10012826
35104497|10061850
35104498|10015823
35104499|10015824
35104500|10015825
35104501|10015826
35104502|10015827
35104503|10015828
35104504|10061957
35104505|10016897
35104506|10016898
35104507|10016899
35104508|10016900
35104509|10016901
35104510|10016902
35104511|10061170
35104512|10016905
35104513|10016906
35104514|10016907
35104515|10016908
35104516|10016909
35104517|10016910
35104518|10020067
35104519|10020070
35104520|10020071
35104521|10020072
35104522|10020073
35104523|10020074
35104524|10020075
35104525|10025342
35104526|10025345
35104527|10025346
35104528|10025347
35104529|10025348
35104530|10025349
35104531|10025350
35104532|10061275
35104533|10026800
35104534|10026801
35104535|10026802
35104536|10026803
35104537|10026804
35104538|10026805
35104539|10029460
35104540|10029463
35104541|10029464
35104542|10029465
35104543|10029466
35104544|10029467
35104545|10029468
35104546|10036523
35104547|10060910
35104548|10060911
35104549|10036532
35104550|10036533
35104551|10036534
35104552|10036535
35104553|10036710
35104554|10036713
35104555|10036714
35104556|10036715
35104557|10036716
35104558|10036717
35104559|10036718
35104560|10062113
35104561|10041652
35104562|10041653
35104563|10041654
35104564|10041655
35104565|10041656
35104566|10041657
35104567|10047801
35104568|10047804
35104569|10047805
35104570|10047806
35104571|10047807
35104572|10047808
35104573|10047809
35104574|10001413
35104575|10001416
35104576|10001417
35104577|10001418
35104578|10001419
35104579|10001420
35104580|10001421
35104581|10065855
35104582|10066957
35104583|10002227
35104584|10002229
35104585|10002230
35104586|10002231
35104587|10002232
35104588|10002233
35104589|10002234
35104590|10042971
35104591|10042979
35104592|10042980
35104593|10042981
35104594|10042982
35104595|10042983
35104596|10042984
35104597|10002411
35104598|10002414
35104599|10002415
35104600|10002416
35104601|10002417
35104602|10002418
35104603|10002419
35104604|10002449
35104605|10002452
35104606|10002453
35104607|10002454
35104608|10002455
35104609|10002456
35104610|10002457
35104611|10022703
35104612|10022706
35104613|10022707
35104614|10022708
35104615|10022709
35104616|10022710
35104617|10022711
35104618|10028483
35104619|10028501
35104620|10028502
35104621|10028503
35104622|10028504
35104623|10028505
35104624|10028506
35104625|10034623
35104626|10034625
35104627|10034626
35104628|10034627
35104629|10034628
35104630|10034629
35104631|10034630
35104632|10058975
35104633|10036543
35104634|10036546
35104635|10036547
35104636|10036548
35104637|10036549
35104638|10036550
35104639|10036551
35104640|10042989
35104641|10042990
35104642|10024325
35104643|10029547
35104644|10029600
35104645|10029601
35104646|10029602
35104647|10029603
35104648|10029604
35104649|10029605
35104650|10065039
35104651|10061871
35104652|10053574
35104653|10063908
35104654|10029609
35104655|10029610
35104656|10029611
35104657|10029612
35104658|10029613
35104659|10029614
35104660|10065856
35104661|10029622
35104662|10029623
35104663|10029624
35104664|10029625
35104665|10024318
35104666|10024319
35104667|10028228
35104668|10051381
35104669|10035484
35104670|10061964
35104671|10019350
35104672|10020631
35104673|10024459
35104674|10061333
35104675|10058896
35104676|10050661
35104677|10066294
35104678|10035531
35104679|10035532
35104680|10059440
35104681|10068788
35104682|10043529
35104683|10043549
35104684|10050245
35104685|10069098
35104686|10049058
35104687|10058423
35104688|10062506
35104689|10021245
35104690|10035540
35104691|10043554
35104692|10043557
35104693|10043561
35104694|10043648
35104695|10047992
35104696|10016209
35104697|10035004
35104698|10036051
35104699|10042217
35104700|10049522
35104701|10002536
35104702|10014489
35104703|10049466
35104704|10015287
35104705|10049467
35104706|10019372
35104707|10050808
35104708|10050789
35104709|10025382
35104710|10027540
35104711|10029825
35104712|10035774
35104713|10036040
35104714|10037507
35104715|10061548
35104716|10049190
35104717|10056210
35104718|10038795
35104719|10038796
35104720|10039238
35104721|10019847
35104722|10019848
35104723|10051223
35104724|10003755
35104725|10065037
35104726|10055010
35104727|10010535
35104728|10058949
35104729|10016675
35104730|10020094
35104731|10059359
35104732|10065475
35104733|10057665
35104734|10050823
35104735|10050167
35104736|10056284
35104737|10025180
35104738|10025182
35104739|10025183
35104740|10025188
35104741|10065224
35104742|10065208
35104743|10065210
35104744|10065209
35104745|10051928
35104746|10025197
35104747|10025201
35104748|10025205
35104749|10025210
35104750|10025213
35104751|10054722
35104752|10049459
35104753|10025219
35104754|10061231
35104755|10025223
35104756|10053132
35104757|10025226
35104758|10052314
35104759|10025228
35104760|10052315
35104761|10056466
35104762|10048642
35104763|10025282
35104764|10025297
35104765|10051808
35104766|10050979
35104767|10059240
35104768|10027459
35104769|10058540
35104770|10033969
35104771|10049025
35104772|10036390
35104773|10059668
35104774|10067015
35104775|10044846
35104776|10044965
35104777|10051929
35104778|10038799
35104779|10038802
35104780|10068059
35104781|10053622
35104782|10068792
35104783|10020769
35104784|10049282
35104785|10051682
35104786|10050294
35104787|10041633
35104788|10062350
35104789|10041640
35104790|10041643
35104791|10068608
35104792|10051725
35104793|10068677
35104794|10064249
35104795|10041647
35104796|10041648
35104797|10062112
35104798|10065195
35104799|10065194
35104800|10065193
35104801|10065196
35104802|10041649
35104803|10054829
35104804|10055047
35104805|10068851
35104806|10041658
35104807|10067823
35104808|10068662
35104809|10068122
35104810|10041659
35104811|10058339
35104812|10041660
35104813|10050357
35104814|10053687
35104815|10004411
35104816|10048801
35104817|10056296
35104818|10043676
35104819|10061381
35104820|10065588
35104821|10052645
35104822|10048594
35104823|10048637
35104824|10006474
35104825|10058919
35104826|10014950
35104827|10014952
35104828|10065563
35104829|10053776
35104830|10057271
35104831|10056246
35104832|10014954
35104833|10014961
35104834|10064212
35104835|10014962
35104836|10052832
35104837|10052833
35104838|10052834
35104839|10049172
35104840|10068957
35104841|10017902
35104842|10066837
35104843|10064668
35104844|10048643
35104845|10024794
35104846|10027234
35104847|10037382
35104848|10065258
35104849|10000748
35104850|10004173
35104851|10011834
35104852|10018690
35104853|10021914
35104854|10063628
35104855|10024328
35104856|10024378
35104857|10049258
35104858|10062049
35104859|10025280
35104860|10027906
35104861|10027924
35104862|10051809
35104863|10029379
35104864|10035485
35104865|10058008
35104866|10014877
35104867|10014940
35104868|10024384
35104869|10050504
35104870|10025279
35104871|10025327
35104872|10027905
35104873|10067354
35104874|10001507
35104875|10055128
35104876|10053176
35104877|10016288
35104878|10016386
35104879|10018687
35104880|10018688
35104881|10051645
35104882|10052210
35104883|10029354
35104884|10029358
35104885|10062959
35104886|10059482
35104887|10049151
35104888|10053775
35104889|10008415
35104890|10008906
35104891|10061086
35104892|10053430
35104893|10058216
35104894|10061314
35104895|10062081
35104896|10050825
35104897|10061414
35122548|35122548
35122549|10002044
35122550|10002281
35122551|10002282
35122552|10016881
35122553|10016882
35122554|10016888
35122555|10016889
35122556|10025379
35122557|10027127
35122558|10054464
35122559|10055214
35122560|10002041
35122561|10002280
35122562|10002303
35122563|10002304
35122564|10002305
35122565|10002306
35122566|10002313
35122567|10002314
35122568|10055723
35122569|10055724
35122570|35122570
35122571|10066469
35122572|10002040
35122573|35122573
35122574|10002277
35122575|10002279
35122576|10003960
35122577|10033051
35122578|10033052
35122579|10054315
35122580|10055715
35122581|10055725
35122582|35122582
35122583|10002278
35122584|10002310
35122585|10037672
35122586|10054316
35122587|10055714
35122588|10055721
35122589|10055740
35122590|10002039
35122591|10002276
35122592|10012129
35122593|10031882
35122594|10031883
35122595|10045728
35122596|10045729
35122597|10054368
35122598|35122598
35122599|10067523
35122600|10067563
35122601|10002062
35122602|10002295
35122603|10022969
35122604|35122604
35122605|10022973
35122606|10022974
35122607|10022975
35122608|10022976
35122609|10022977
35122610|10022978
35122611|10032789
35122612|10053783
35122613|10053784
35122614|10055736
35122615|10055737
35122616|10055738
35122617|10064647
35122618|10064648
35122619|10066573
35122620|10066763
35122621|10001129
35122622|10001131
35122623|10001132
35122624|10001134
35122625|10002075
35122626|10002308
35122627|35122627
35122628|10034696
35122629|10034697
35122630|10055192
35122631|10055711
35122632|10055712
35122633|10055713
35122634|10062829
35122635|35122635
35122636|10037028
35122637|10037029
35122638|10054583
35122639|10039348
35122640|35122640
35122641|10042273
35122642|10063713
35122643|10063724
35122644|35122644
35122645|10002036
35122646|10002071
35122647|10002072
35122648|10002082
35122649|10002087
35122650|10002088
35122651|10002272
35122652|10002315
35122653|10031524
35122654|10031525
35122655|10032504
35122656|10032506
35122657|10039812
35122658|10045627
35122659|10054309
35122660|10054606
35122661|10055742
35122662|10060559
35122663|10064468
35122664|10064469
35122665|10066545
35122666|10066761
35122667|35122667
35122668|10002297
35122669|10025380
35122670|10025381
35122671|35122671
35122672|10002298
35122673|10027128
35122674|10027129
35122675|10027130
35122676|10032807
35122677|10032808
35122678|10054523
35122679|35122679
35122680|10002074
35122681|10002300
35122682|10002307
35122683|35122683
35122684|10054312
35122685|35122685
35122686|10060560
35122687|10003963
35122688|35122688
35122689|35122689
35122690|10054331
35122691|35122691
35122692|10010336
35122693|10050731
35122694|35122694
35122695|35122695
35122696|10001015
35122697|10001016
35122698|35122698
35122699|10052294
35122700|10057220
35122701|10057221
35122702|35122702
35122703|10055210
35122704|10002059
35122705|10002292
35122706|35122706
35122707|10054406
35122708|10002060
35122709|10002083
35122710|10002293
35122711|35122711
35122712|10020971
35122713|10020972
35122714|10055199
35122715|10055212
35122716|10002063
35122717|10002296
35122718|10024281
35122719|35122719
35122720|10054446
35122721|10021719
35122722|35122722
35122723|10025488
35122724|10025489
35122725|10025490
35122726|10025491
35122727|10025492
35122728|10025493
35122729|10025495
35122730|10025496
35122731|10025497
35122732|10027767
35122733|10032224
35122734|10032380
35122735|10033117
35122736|10033340
35122737|10033341
35122738|10033342
35122739|35122739
35122740|35122740
35122741|35122741
35122742|10037729
35122743|10043288
35122744|10047664
35122745|10047665
35122746|10054147
35122747|10066630
35122748|10067345
35122749|10002066
35122750|10002299
35122751|10027536
35122752|35122752
35122753|10027539
35122754|10002069
35122755|10002070
35122756|10002301
35122757|10002302
35122758|10029782
35122759|35122759
35122760|10029784
35122761|10029785
35122762|10054484
35122763|10054485
35122764|10004984
35122765|10016171
35122766|10016172
35122767|10033339
35122768|35122768
35122769|10000574
35122770|10002035
35122771|10002078
35122772|10002273
35122773|10002312
35122774|35122774
35122775|10040662
35122776|10040663
35122777|10060552
35122778|35122778
35122779|35122779
35122780|10020970
35122781|10054310
35122782|10055211
35122783|35122783
35122784|10054311
35122785|10064013
35122786|10064014
35122787|10009120
35122788|10054353
35122789|35122789
35122790|10058123
35122791|10058124
35122792|10058132
35122793|10059363
35122794|10059366
35122795|35122795
35122796|35122796
35122797|10002966
35122798|10038184
35122799|10049465
35122800|10001662
35122801|10002037
35122802|10002038
35122803|10002274
35122804|10002275
35122805|35122805
35122806|10002968
35122807|10002969
35122808|10002970
35122809|10010776
35122810|10010777
35122811|10032510
35122812|10032511
35122813|10036699
35122814|10049494
35122815|10054329
35122816|10054580
35122817|10068061
35122818|10068063
35122819|35122819
35122820|10002962
35122821|10002971
35122822|10005980
35122823|10005986
35122824|10005987
35122825|10012381
35122826|10018860
35122827|10018861
35122828|10018863
35122829|10018961
35122830|10018962
35122831|10018963
35122832|10019444
35122833|10019445
35122834|10019447
35122835|10020954
35122836|10021069
35122837|10021072
35122838|10021077
35122839|10026846
35122840|10026848
35122841|10026853
35122842|10028584
35122843|10028585
35122844|10033672
35122845|10048580
35122846|10060471
35122847|10060601
35122848|10060633
35122849|10060634
35122850|10060635
35122851|35122851
35122852|35122852
35122853|10016218
35122854|35122854
35122855|10054361
35122856|10055206
35122857|10062988
35122858|10062989
35122859|35122859
35122860|35122860
35122861|10003110
35122862|10015271
35122863|35122863
35122864|10026940
35122865|35122865
35122866|10053223
35122867|35122867
35122868|10002061
35122869|10002294
35122870|35122870
35122871|10021075
35122872|10003111
35122873|10026854
35122874|10026941
35122875|10026942
35122876|35122876
35122877|10047350
35122878|35122878
35122879|10039871
35122880|10048432
35122881|10057279
35122882|10057280
35122883|10060470
35122884|10066274
35122885|35122885
35122886|35122886
35122887|10026943
35122888|35122888
35122889|35122889
35122890|35122890
35122891|10014079
35122892|35122892
35122893|10014082
35122894|10037854
35122895|10041730
35122896|10068549
35122897|10005134
35122898|35122898
35122899|10062720
35122900|10066486
35122901|35122901
35122902|10019601
35122903|10018967
35122904|10019002
35122905|35122905
35122906|10019010
35122907|10019602
35122908|10027544
35122909|10027545
35122910|10032746
35122911|10032755
35122912|10037553
35122913|10037554
35122914|10045897
35122915|10045907
35122916|10055261
35122917|10055276
35122918|10055279
35122919|35122919
35122920|10041729
35122921|35122921
35122922|10034752
35122923|35122923
35122924|10034756
35122925|10037882
35122926|10066445
35122927|10067298
35122928|35122928
35122929|10065310
35122930|10003454
35122931|10039768
35122932|35122932
35122933|35122933
35122934|10054288
35122935|35122935
35122936|10053760
35122937|10053761
35122938|35122938
35122939|35122939
35122940|35122940
35122941|10000534
35122942|35122942
35122943|10001453
35122944|10012130
35122945|35122945
35122946|10052651
35122947|10066356
35122948|10066357
35122949|35122949
35122950|10037045
35122951|35122951
35122952|10008793
35122953|10010467
35122954|35122954
35122955|10018939
35122956|10060614
35122957|35122957
35122958|35122958
35122959|10010468
35122960|35122960
35122961|10018937
35122962|10018938
35122963|10060612
35122964|10060613
35122965|35122965
35122966|10010469
35122967|35122967
35122968|10018940
35122969|10060615
35122970|35122970
35122971|35122971
35122972|10010432
35122973|10018941
35122974|35122974
35122975|10066439
35122976|10053751
35122977|35122977
35122978|10053753
35122979|35122979
35122980|10053752
35122981|35122981
35122982|10053754
35122983|35122983
35122984|10015582
35122985|35122985
35122986|10054431
35122987|10060591
35122988|10066839
35122989|10066841
35122990|35122990
35122991|35122991
35122992|10016081
35122993|35122993
35122994|10055168
35122995|10055174
35122996|10055175
35122997|10055176
35122998|10055177
35122999|10055178
35123000|10055179
35123001|35123001
35123002|35123002
35123003|10054289
35123004|35123004
35123005|10001971
35123006|10001972
35123007|10001973
35123008|10001974
35123009|10001975
35123010|10001976
35123011|10001977
35123012|10014527
35123013|35123013
35123014|35123014
35123015|10064610
35123016|35123016
35123017|10009733
35123018|10032999
35123019|35123019
35123020|10009677
35123021|10009727
35123022|10009729
35123023|10009730
35123024|10009731
35123025|10009734
35123026|35123026
35123027|10012116
35123028|10013206
35123029|10031538
35123030|10036412
35123031|10036413
35123032|10036414
35123033|10036415
35123034|10048498
35123035|10064732
35123036|10066515
35123037|35123037
35123038|35123038
35123039|10054362
35123040|35123040
35123041|10010785
35123042|10010786
35123043|10012126
35123044|10012769
35123045|10013429
35123046|10013441
35123047|35123047
35123048|10042942
35123049|10067048
35123050|10067052
35123051|35123051
35123052|35123052
35123053|35123053
35123054|10050688
35123055|10056869
35123056|35123056
35123057|10060347
35123058|10060348
35123059|35123059
35123060|35123060
35123061|35123061
35123062|35123062
35123063|35123063
35123064|35123064
35123065|10054407
35123066|10057396
35123067|35123067
35123068|10058519
35123069|10067919
35123070|35123070
35123071|10016612
35123072|35123072
35123073|10020978
35123074|35123074
35123075|35123075
35123076|35123076
35123077|10058520
35123078|10060497
35123079|35123079
35123080|35123080
35123081|10043646
35123082|10001716
35123083|10001735
35123084|10002214
35123085|10002215
35123086|10002217
35123087|10019615
35123088|10019616
35123089|35123089
35123090|10037551
35123091|10037552
35123092|10037565
35123093|10039658
35123094|10047121
35123095|10052589
35123096|10001693
35123097|10001710
35123098|10001736
35123099|10020752
35123100|10020753
35123101|10020764
35123102|10024278
35123103|35123103
35123104|10024778
35123105|10032758
35123106|10047118
35123107|10047126
35123108|10048820
35123109|10062472
35123110|35123110
35123111|10012466
35123112|10012467
35123113|10018931
35123114|10018996
35123115|10021243
35123116|35123116
35123117|10037559
35123118|10037566
35123119|10037859
35123120|10037860
35123121|10037886
35123122|10037887
35123123|10051289
35123124|10055272
35123125|10060610
35123126|35123126
35123127|10032327
35123128|10037558
35123129|35123129
35123130|35123130
35123131|10052590
35123132|10034228
35123133|10037564
35123134|35123134
35123135|10005493
35123136|10005495
35123137|10005496
35123138|10013119
35123139|10013120
35123140|10013192
35123141|10013227
35123142|10013895
35123143|10018850
35123144|10019426
35123145|10019427
35123146|10031902
35123147|10032623
35123148|10032905
35123149|10032906
35123150|10045763
35123151|10045895
35123152|10045901
35123153|35123153
35123154|10050910
35123155|35123155
35123156|35123156
35123157|35123157
35123158|10064856
35123159|35123159
35123160|35123160
35123161|10055397
35123162|35123162
35123163|10064277
35123164|10066915
35123165|35123165
35123166|35123166
35123167|10054341
35123168|35123168
35123169|10052829
35123170|10052830
35123171|10053205
35123172|10054363
35123173|10054474
35123174|10054704
35123175|10062832
35123176|35123176
35123177|10062721
35123178|35123178
35123179|10015820
35123180|35123180
35123181|10063828
35123182|10050545
35123183|10050736
35123184|10058003
35123185|35123185
35123186|10061196
35123187|35123187
35123188|10019479
35123189|35123189
35123190|10059489
35123191|10017664
35123192|35123192
35123193|10036041
35123194|10036042
35123195|10050714
35123196|10054408
35123197|10054475
35123198|10059996
35123199|35123199
35123200|10020634
35123201|35123201
35123202|35123202
35123203|10054426
35123204|10020990
35123205|35123205
35123206|35123206
35123207|35123207
35123208|10056307
35123209|35123209
35123210|10054989
35123211|35123211
35123212|10000570
35123213|35123213
35123214|10027497
35123215|10027506
35123216|10054290
35123217|35123217
35123218|10027507
35123219|35123219
35123220|10053915
35123221|35123221
35123222|10035147
35123223|10058328
35123224|35123224
35123225|10068183
35123226|10042480
35123227|10042481
35123228|35123228
35123229|10054653
35123230|10055636
35123231|35123231
35123232|10056452
35123233|10056453
35123234|10032998
35123235|35123235
35123236|10044360
35123237|10004281
35123238|10004346
35123239|35123239
35123240|10049053
35123241|35123241
35123242|35123242
35123243|10060572
35123244|35123244
35123245|10062386
35123246|35123246
35123247|10068127
35123248|35123248
35123249|10066481
35123250|10018864
35123251|10029012
35123252|10029028
35123253|10029054
35123254|10029068
35123255|35123255
35123256|10061195
35123257|10051933
35123258|35123258
35123259|35123259
35123260|10025639
35123261|10025640
35123262|10025641
35123263|10025642
35123264|10025643
35123265|10025644
35123266|10025645
35123267|10025646
35123268|10025647
35123269|10025648
35123270|10026708
35123271|10026474
35123272|35123272
35123273|10018862
35123274|10019446
35123275|10020721
35123276|10020724
35123277|10026850
35123278|35123278
35123279|10026852
35123280|10033673
35123281|10004282
35123282|10020349
35123283|10020350
35123284|10025313
35123285|10025314
35123286|10025317
35123287|10025318
35123288|10025326
35123289|10025365
35123290|10037108
35123291|35123291
35123292|10037952
35123293|10066171
35123294|10051887
35123295|35123295
35123296|35123296
35123297|35123297
35123298|35123298
35123299|35123299
35123300|35123300
35123301|10049697
35123302|10053867
35123303|10057479
35123304|10057566
35123305|10058125
35123306|10058139
35123307|10060611
35123308|10060645
35123309|10014956
35123310|10020119
35123311|35123311
35123312|10024265
35123313|10024266
35123314|10024267
35123315|10024268
35123316|10024269
35123317|10024270
35123318|10024271
35123319|10024272
35123320|10024273
35123321|10024274
35123322|10053133
35123323|10053135
35123324|35123324
35123325|35123325
35123326|10025582
35123327|10025583
35123328|10025584
35123329|10025585
35123330|10025586
35123331|10025587
35123332|10025588
35123333|10025589
35123334|10025597
35123335|35123335
35123336|35123336
35123337|10063591
35123338|35123338
35123339|10066040
35123340|35123340
35123341|35123341
35123342|35123342
35123343|10069071
35123344|10069082
35123345|10025351
35123346|10032127
35123347|10032129
35123348|35123348
35123349|10025352
35123350|10032128
35123351|35123351
35123352|35123352
35123353|10068350
35123354|35123354
35123355|35123355
35123356|10015494
35123357|10015495
35123358|10021217
35123359|10053263
35123360|35123360
35123361|35123361
35123362|10000879
35123363|35123363
35123364|10028538
35123365|10053134
35123366|10062290
35123367|10027448
35123368|35123368
35123369|10028580
35123370|10028581
35123371|10028582
35123372|10028583
35123373|10013238
35123374|35123374
35123375|10028577
35123376|10008867
35123377|10008868
35123378|10008870
35123379|10036056
35123380|35123380
35123381|10036060
35123382|10036061
35123383|10036690
35123384|10036725
35123385|10036726
35123386|10060363
35123387|10064071
35123388|35123388
35123389|10068585
35123390|35123390
35123391|10002283
35123392|35123392
35123393|10040657
35123394|10055596
35123395|10057072
35123396|35123396
35123397|10055081
35123398|35123398
35123399|10055079
35123400|35123400
35123401|10055080
35123402|35123402
35123403|10053224
35123404|10053225
35123405|10055597
35123406|10055611
35123407|10055613
35123408|35123408
35123409|10063744
35123410|35123410
35123411|10062924
35123412|10018905
35123413|10032095
35123414|10032101
35123415|10055610
35123416|35123416
35123417|35123417
35123418|35123418
35123419|10018897
35123420|10019175
35123421|10019176
35123422|10019177
35123423|10040648
35123424|10055608
35123425|10056598
35123426|10056599
35123427|10056724
35123428|10056725
35123429|35123429
35123430|10054398
35123431|35123431
35123432|10040647
35123433|10002077
35123434|10019173
35123435|10032472
35123436|35123436
35123437|10040644
35123438|10040645
35123439|10040646
35123440|10040652
35123441|10040653
35123442|10040654
35123443|10051835
35123444|10054629
35123445|10055200
35123446|10055741
35123447|10019172
35123448|10019178
35123449|35123449
35123450|10040643
35123451|10054630
35123452|10019174
35123453|10020021
35123454|35123454
35123455|10040656
35123456|10055612
35123457|10040649
35123458|35123458
35123459|10054631
35123460|10054663
35123461|35123461
35123462|10054370
35123463|10027093
35123464|35123464
35123465|10043394
35123466|10043397
35123467|10043398
35123468|10054471
35123469|10054658
35123470|10001802
35123471|10001817
35123472|35123472
35123473|10054659
35123474|10063433
35123475|10063434
35123476|10063435
35123477|10004505
35123478|10004514
35123479|10010928
35123480|10040655
35123481|35123481
35123482|10043392
35123483|10043393
35123484|10054660
35123485|10054661
35123486|10054662
35123487|10055203
35123488|10055579
35123489|10062921
35123490|10062923
35123491|35123491
35123492|10054664
35123493|35123493
35123494|10054314
35123495|10002047
35123496|10002286
35123497|10002289
35123498|35123498
35123499|10018923
35123500|10019495
35123501|10019501
35123502|10019502
35123503|10019507
35123504|10054365
35123505|10055194
35123506|10055716
35123507|10055718
35123508|10055726
35123509|10055730
35123510|10055731
35123511|10000549
35123512|10000550
35123513|10000551
35123514|10000553
35123515|10000554
35123516|10002045
35123517|10002076
35123518|10002284
35123519|10002291
35123520|10002309
35123521|35123521
35123522|10018917
35123523|10018918
35123524|10018921
35123525|10019493
35123526|10019494
35123527|10019506
35123528|10029533
35123529|10029534
35123530|10029535
35123531|10029536
35123532|10032305
35123533|10036668
35123534|10053591
35123535|10054579
35123536|10055191
35123537|10055193
35123538|10055207
35123539|10055208
35123540|10055213
35123541|10055216
35123542|10055720
35123543|10055735
35123544|10055739
35123545|10062830
35123546|10066624
35123547|10066625
35123548|10010489
35123549|10019879
35123550|10019880
35123551|10019881
35123552|10019882
35123553|10019885
35123554|10019886
35123555|10032756
35123556|10032757
35123557|10054399
35123558|10055202
35123559|10055209
35123560|35123560
35123561|35123561
35123562|10055629
35123563|35123563
35123564|10000207
35123565|10000208
35123566|10056189
35123567|10051898
35123568|10054308
35123569|35123569
35123570|35123570
35123571|10002285
35123572|10003822
35123573|10003823
35123574|10003824
35123575|10003825
35123576|10003826
35123577|10019505
35123578|10055734
35123579|35123579
35123580|10054360
35123581|10068863
35123582|10002048
35123583|10002051
35123584|10002287
35123585|10002290
35123586|35123586
35123587|10018924
35123588|10018925
35123589|10019496
35123590|10019503
35123591|10019504
35123592|10019508
35123593|10019509
35123594|10055195
35123595|10055197
35123596|10055204
35123597|10055717
35123598|10055719
35123599|10055727
35123600|10055732
35123601|10055733
35123602|35123602
35123603|10066178
35123604|10066179
35123605|35123605
35123606|35123606
35123607|35123607
35123608|10018927
35123609|10018929
35123610|10019511
35123611|10019513
35123612|35123612
35123613|10023054
35123614|10023055
35123615|10023056
35123616|10023057
35123617|10023058
35123618|10056201
35123619|10056202
35123620|10056205
35123621|10060648
35123622|10039015
35123623|10039016
35123624|10039038
35123625|10039039
35123626|10039040
35123627|10039041
35123628|10039042
35123629|10056231
35123630|10056232
35123631|10056233
35123632|10056234
35123633|10056235
35123634|35123634
35123635|10047821
35123636|35123636
35123637|10054703
35123638|10060666
35123639|35123639
35123640|10018926
35123641|10019510
35123642|10060525
35123643|10018920
35123644|10023932
35123645|10023933
35123646|10054396
35123647|35123647
35123648|10060528
35123649|10015250
35123650|35123650
35123651|10021208
35123652|10018928
35123653|10019512
35123654|35123654
35123655|10060660
35123656|35123656
35123657|10018933
35123658|10019515
35123659|10019516
35123660|10020472
35123661|10042814
35123662|10060422
35123663|10002056
35123664|35123664
35123665|10055198
35123666|10055215
35123667|35123667
35123668|10060537
35123669|35123669
35123670|10019488
35123671|10020640
35123672|10020641
35123673|35123673
35123674|10018914
35123675|10018930
35123676|10019491
35123677|10019514
35123678|10048431
35123679|10060608
35123680|35123680
35123681|10060609
35123682|10001482
35123683|10004702
35123684|10004703
35123685|10004705
35123686|10004706
35123687|10010691
35123688|10020551
35123689|35123689
35123690|10020579
35123691|10020582
35123692|10045478
35123693|10054680
35123694|10060482
35123695|10060551
35123696|10018912
35123697|10019492
35123698|35123698
35123699|10060647
35123700|10021207
35123701|35123701
35123702|10023127
35123703|10023139
35123704|10023142
35123705|10058710
35123706|35123706
35123707|10023132
35123708|10023133
35123709|10023135
35123710|10060475
35123711|10021210
35123712|10023137
35123713|35123713
35123714|10023141
35123715|10028953
35123716|10028954
35123717|10028955
35123718|10028956
35123719|10028957
35123720|10032294
35123721|10032375
35123722|10034514
35123723|10034515
35123724|10034516
35123725|10034517
35123726|10034518
35123727|10034995
35123728|10045870
35123729|35123729
35123730|10055614
35123731|35123731
35123732|35123732
35123733|10019877
35123734|10002050
35123735|10002288
35123736|10016268
35123737|10017567
35123738|10018443
35123739|35123739
35123740|10019497
35123741|10019498
35123742|10019499
35123743|10019500
35123744|10055196
35123745|10055728
35123746|10055729
35123747|10060358
35123748|10002057
35123749|10002085
35123750|10002316
35123751|35123751
35123752|10018922
35123753|10032096
35123754|10032102
35123755|10054395
35123756|10054397
35123757|35123757
35123758|10054922
35123759|35123759
35123760|35123760
35123761|35123761
35123762|10054400
35123763|35123763
35123764|10054589
35123765|10014939
35123766|10015255
35123767|35123767
35123768|10002079
35123769|35123769
35123770|10041510
35123771|10041511
35123772|10054633
35123773|10054634
35123774|10055201
35123775|35123775
35123776|10052512
35123777|10064504
35123778|35123778
35123779|10001661
35123780|10024331
35123781|35123781
35123782|10024312
35123783|10024314
35123784|10024317
35123785|10024323
35123786|10024329
35123787|10024351
35123788|10024352
35123789|10024355
35123790|10024356
35123791|10032205
35123792|10032206
35123793|10032207
35123794|10032209
35123795|10032793
35123796|10032794
35123797|10032795
35123798|10032797
35123799|10042279
35123800|10042282
35123801|10045991
35123802|10045992
35123803|10045994
35123804|10048291
35123805|10048292
35123806|10048293
35123807|10051968
35123808|10054645
35123809|10060395
35123810|10060415
35123811|10060430
35123812|10060500
35123813|35123813
35123814|10054441
35123815|10024313
35123816|10032208
35123817|10032796
35123818|10042280
35123819|10042281
35123820|10045993
35123821|10054442
35123822|10054646
35123823|10060414
35123824|10060429
35123825|35123825
35123826|10050281
35123827|10054444
35123828|35123828
35123829|10062492
35123830|35123830
35123831|10064992
35123832|35123832
35123833|10067124
35123834|35123834
35123835|10067435
35123836|35123836
35123837|10058722
35123838|35123838
35123839|10060501
35123840|35123840
35123841|10059247
35123842|35123842
35123843|10056451
35123844|10024311
35123845|10024350
35123846|35123846
35123847|10028959
35123848|35123848
35123849|10067837
35123850|35123850
35123851|10000831
35123852|10000833
35123853|10000834
35123854|10000835
35123855|10000836
35123856|10000838
35123857|10000839
35123858|10024289
35123859|10024315
35123860|10024321
35123861|10024330
35123862|10024353
35123863|10024358
35123864|10029549
35123865|10029550
35123866|10029551
35123867|10029552
35123868|10045516
35123869|10054681
35123870|10060350
35123871|10060554
35123872|10000832
35123873|10000837
35123874|10054291
35123875|10060349
35123876|35123876
35123877|35123877
35123878|10000842
35123879|10000843
35123880|10000844
35123881|10000845
35123882|35123882
35123883|10000848
35123884|10000849
35123885|10000851
35123886|10001690
35123887|10024338
35123888|10025301
35123889|10025305
35123890|10038010
35123891|10054590
35123892|10060352
35123893|10060390
35123894|10060555
35123895|35123895
35123896|10000850
35123897|10054292
35123898|10060351
35123899|35123899
35123900|10063621
35123901|10063625
35123902|10063626
35123903|35123903
35123904|10003891
35123905|10066104
35123906|10066109
35123907|35123907
35123908|10003918
35123909|10003919
35123910|10003920
35123911|35123911
35123912|10067194
35123913|35123913
35123914|10026946
35123915|10003622
35123916|35123916
35123917|10054655
35123918|10066105
35123919|10066110
35123920|10000859
35123921|35123921
35123922|10000861
35123923|10027117
35123924|10027121
35123925|10027122
35123926|10027124
35123927|10060398
35123928|10060556
35123929|10027123
35123930|10027125
35123931|35123931
35123932|10057195
35123933|10000870
35123934|35123934
35123935|10000873
35123936|10000875
35123937|10024342
35123938|10027890
35123939|10027895
35123940|10059439
35123941|10060353
35123942|10060392
35123943|35123943
35123944|10000874
35123945|10054293
35123946|10000801
35123947|10000878
35123948|35123948
35123949|10000882
35123950|10000883
35123951|10000884
35123952|10000885
35123953|10000886
35123954|10000888
35123955|10000889
35123956|10001941
35123957|10024322
35123958|10024346
35123959|10024359
35123960|10028552
35123961|10028557
35123962|10051003
35123963|10054295
35123964|10054296
35123965|10060354
35123966|10060356
35123967|10060394
35123968|10060553
35123969|10060557
35123970|10066353
35123971|10066355
35123972|10066572
35123973|10066638
35123974|10066764
35123975|35123975
35123976|10000887
35123977|10054294
35123978|10060355
35123979|35123979
35123980|10060558
35123981|35123981
35123982|10054297
35123983|35123983
35123984|10001020
35123985|10000737
35123986|10008869
35123987|35123987
35123988|10060362
35123989|10060590
35123990|10000735
35123991|10000736
35123992|10000738
35123993|10000739
35123994|10000740
35123995|10012593
35123996|10015245
35123997|10015249
35123998|35123998
35123999|10015282
35124000|10028579
35124001|10042799
35124002|10060401
35124003|35124003
35124004|10008944
35124005|10008946
35124006|10008947
35124007|10008948
35124008|10008949
35124009|10008951
35124010|10008952
35124011|10024294
35124012|10024316
35124013|10024333
35124014|10024354
35124015|10060366
35124016|10060575
35124017|10008945
35124018|10008950
35124019|10054347
35124020|10060365
35124021|35124021
35124022|35124022
35124023|10065862
35124024|35124024
35124025|10029429
35124026|10029430
35124027|10054481
35124028|35124028
35124029|10054654
35124030|35124030
35124031|10042986
35124032|10008956
35124033|10008957
35124034|35124034
35124035|10008960
35124036|10008975
35124037|10008976
35124038|10008991
35124039|10008993
35124040|10008995
35124041|10009310
35124042|10009311
35124043|10024340
35124044|10025302
35124045|10025306
35124046|10060367
35124047|10060391
35124048|10060576
35124049|10066505
35124050|10068852
35124051|10068919
35124052|35124052
35124053|10008994
35124054|10054348
35124055|10060364
35124056|35124056
35124057|10008977
35124058|35124058
35124059|10008978
35124060|35124060
35124061|10008968
35124062|10008979
35124063|10008984
35124064|35124064
35124065|10008969
35124066|10008971
35124067|10008980
35124068|10008985
35124069|10008987
35124070|35124070
35124071|10008970
35124072|10008972
35124073|10008981
35124074|10008986
35124075|10008988
35124076|35124076
35124077|10008973
35124078|10008982
35124079|10008989
35124080|35124080
35124081|10008974
35124082|10008983
35124083|10008990
35124084|35124084
35124085|10058723
35124086|10058727
35124087|35124087
35124088|35124088
35124089|10019054
35124090|10019055
35124091|10019056
35124092|10024326
35124093|10024362
35124094|10024363
35124095|10024364
35124096|10024365
35124097|10024366
35124098|10024367
35124099|10024368
35124100|10024369
35124101|10024370
35124102|10024371
35124103|10048490
35124104|10058258
35124105|10058259
35124106|10058260
35124107|10058261
35124108|10058262
35124109|10058263
35124110|10058264
35124111|10060396
35124112|10036763
35124113|35124113
35124114|10036889
35124115|10054582
35124116|35124116
35124117|35124117
35124118|10065872
35124119|10008904
35124120|10008905
35124121|10009011
35124122|10009012
35124123|35124123
35124124|10009015
35124125|10009017
35124126|10009700
35124127|10024347
35124128|10028553
35124129|10028558
35124130|10029553
35124131|10029554
35124132|10051067
35124133|10052065
35124134|10054307
35124135|10054352
35124136|10058245
35124137|10058246
35124138|10058247
35124139|10060369
35124140|10066506
35124141|35124141
35124142|10009016
35124143|35124143
35124144|10023248
35124145|35124145
35124146|10054439
35124147|10060498
35124148|10024301
35124149|10024302
35124150|10024304
35124151|10024337
35124152|10024339
35124153|10024341
35124154|10025230
35124155|10025234
35124156|10025235
35124157|35124157
35124158|10025271
35124159|10025299
35124160|10025303
35124161|10025304
35124162|10025307
35124163|10032218
35124164|10032219
35124165|10032221
35124166|10042284
35124167|10042287
35124168|10045996
35124169|10045997
35124170|10045999
35124171|10054647
35124172|10060397
35124173|10060417
35124174|10060432
35124175|35124175
35124176|10032220
35124177|10042285
35124178|10042286
35124179|10045998
35124180|10054462
35124181|10054648
35124182|10060416
35124183|10060431
35124184|35124184
35124185|10060564
35124186|35124186
35124187|10018686
35124188|10028562
35124189|10028565
35124190|35124190
35124191|10028563
35124192|10028564
35124193|10014947
35124194|35124194
35124195|10014959
35124196|10024334
35124197|10054374
35124198|10060389
35124199|35124199
35124200|10024332
35124201|35124201
35124202|10024300
35124203|10024335
35124204|10024336
35124205|10024360
35124206|35124206
35124207|10024306
35124208|10024343
35124209|10024345
35124210|10027888
35124211|10027892
35124212|10027893
35124213|10027894
35124214|10027897
35124215|10032263
35124216|10032264
35124217|10032266
35124218|10042288
35124219|10042291
35124220|10046028
35124221|10046029
35124222|10046031
35124223|10054477
35124224|10054649
35124225|10060419
35124226|10060434
35124227|10027889
35124228|10032265
35124229|10042289
35124230|10042290
35124231|10046030
35124232|10054476
35124233|10054650
35124234|10060418
35124235|10060433
35124236|35124236
35124237|10024307
35124238|10024308
35124239|10024348
35124240|10024349
35124241|10028528
35124242|10028529
35124243|10028530
35124244|10028531
35124245|35124245
35124246|10028550
35124247|10028554
35124248|10028555
35124249|10028556
35124250|10028559
35124251|10032278
35124252|10032279
35124253|10032281
35124254|10042292
35124255|10042295
35124256|10046039
35124257|10046040
35124258|10046042
35124259|10054651
35124260|10060421
35124261|10060436
35124262|10028551
35124263|10032280
35124264|10042293
35124265|10042294
35124266|10046041
35124267|10054479
35124268|10054652
35124269|10060420
35124270|10060435
35124271|35124271
35124272|10000031
35124273|10067096
35124274|10067097
35124275|35124275
35124276|10009000
35124277|10009002
35124278|10009004
35124279|35124279
35124280|10024344
35124281|10027891
35124282|10027896
35124283|10054350
35124284|10060368
35124285|10060393
35124286|10009001
35124287|10009003
35124288|35124288
35124289|10054349
35124290|10054351
35124291|10026849
35124292|10028532
35124293|35124293
35124294|10028534
35124295|10028548
35124296|10036587
35124297|10052599
35124298|10054577
35124299|10056275
35124300|10068361
35124301|10038271
35124302|10054593
35124303|35124303
35124304|10068362
35124305|35124305
35124306|10002311
35124307|35124307
35124308|10038273
35124309|10055722
35124310|10037803
35124311|35124311
35124312|10054592
35124313|35124313
35124314|10054594
35124315|35124315
35124316|35124316
35124317|10020205
35124318|35124318
35124319|10020255
35124320|10020273
35124321|10020274
35124322|10020275
35124323|10020276
35124324|10020277
35124325|10020278
35124326|10020282
35124327|10020283
35124328|10020284
35124329|10020285
35124330|10020286
35124331|10020287
35124332|10020291
35124333|10020292
35124334|10020293
35124335|10020294
35124336|10020295
35124337|10020296
35124338|10020300
35124339|10020301
35124340|10020302
35124341|10020303
35124342|10020304
35124343|10020305
35124344|10020309
35124345|10020318
35124346|10020328
35124347|10020330
35124348|10020331
35124349|10020332
35124350|10020333
35124351|10020334
35124352|10020335
35124353|10020340
35124354|10020341
35124355|10020342
35124356|10020343
35124357|10020344
35124358|10020345
35124359|10063666
35124360|10020256
35124361|35124361
35124362|10020257
35124363|35124363
35124364|10020258
35124365|10020259
35124366|10020260
35124367|35124367
35124368|10020310
35124369|10020311
35124370|10020312
35124371|10020319
35124372|10020320
35124373|10020321
35124374|10020261
35124375|10020262
35124376|10020263
35124377|35124377
35124378|10020313
35124379|10020314
35124380|10020315
35124381|10020322
35124382|10020323
35124383|10020324
35124384|10020264
35124385|35124385
35124386|10020316
35124387|10020317
35124388|10020325
35124389|10020326
35124390|10020207
35124391|10020265
35124392|10020308
35124393|10020327
35124394|35124394
35124395|35124395
35124396|35124396
35124397|35124397
35124398|35124398
35124399|35124399
35124400|35124400
35124401|35124401
35124402|35124402
35124403|35124403
35124404|35124404
35124405|10020279
35124406|10020280
35124407|10020346
35124408|10020347
35124409|35124409
35124410|10020348
35124411|10025269
35124412|35124412
35124413|10020272
35124414|10020339
35124415|35124415
35124416|35124416
35124417|35124417
35124418|35124418
35124419|35124419
35124420|35124420
35124421|35124421
35124422|35124422
35124423|35124423
35124424|10020288
35124425|10020289
35124426|10020336
35124427|10020337
35124428|35124428
35124429|10020338
35124430|10025277
35124431|35124431
35124432|10020281
35124433|10020329
35124434|35124434
35124435|35124435
35124436|35124436
35124437|35124437
35124438|35124438
35124439|35124439
35124440|35124440
35124441|35124441
35124442|10020297
35124443|10020298
35124444|35124444
35124445|10027751
35124446|10020232
35124447|35124447
35124448|10020290
35124449|35124449
35124450|35124450
35124451|35124451
35124452|35124452
35124453|35124453
35124454|35124454
35124455|35124455
35124456|35124456
35124457|10020306
35124458|10020307
35124459|35124459
35124460|10029490
35124461|35124461
35124462|35124462
35124463|10020299
35124464|10029489
35124465|35124465
35124466|35124466
35124467|35124467
35124468|10036685
35124469|10048795
35124470|10051811
35124471|35124471
35124472|35124472
35124473|35124473
35124474|10017795
35124475|10017973
35124476|35124476
35124477|10025315
35124478|10025316
35124479|10025632
35124480|10025633
35124481|10032222
35124482|10032225
35124483|10032226
35124484|10032227
35124485|10032228
35124486|10032229
35124487|10032230
35124488|10032231
35124489|10032232
35124490|10032233
35124491|10037418
35124492|10051299
35124493|10051311
35124494|10056593
35124495|10056594
35124496|10056595
35124497|10063191
35124498|10001514
35124499|35124499
35124500|35124500
35124501|10025631
35124502|10031511
35124503|10031512
35124504|10031593
35124505|10031594
35124506|10031595
35124507|10031596
35124508|10031597
35124509|10031598
35124510|10031599
35124511|10031600
35124512|10031601
35124513|10032249
35124514|35124514
35124515|35124515
35124516|10003901
35124517|10029473
35124518|10029478
35124519|10067070
35124520|35124520
35124521|35124521
35124522|35124522
35124523|10029479
35124524|10029480
35124525|10029481
35124526|35124526
35124527|10029482
35124528|10029483
35124529|10029484
35124530|35124530
35124531|10029485
35124532|10029486
35124533|35124533
35124534|10029487
35124535|35124535
35124536|35124536
35124537|10003892
35124538|35124538
35124539|10003910
35124540|10003946
35124541|10003953
35124542|10025335
35124543|10041138
35124544|10041152
35124545|10051812
35124546|10060565
35124547|10060669
35124548|10003893
35124549|35124549
35124550|10003947
35124551|10003954
35124552|10025336
35124553|10041139
35124554|10041153
35124555|10060566
35124556|10060670
35124557|10003894
35124558|35124558
35124559|10003948
35124560|10003955
35124561|10025337
35124562|10041140
35124563|10041154
35124564|10060567
35124565|10060671
35124566|10003895
35124567|35124567
35124568|10003949
35124569|10003956
35124570|10025338
35124571|10041141
35124572|10041155
35124573|10060568
35124574|10060672
35124575|10003896
35124576|35124576
35124577|10003950
35124578|10003957
35124579|10025339
35124580|10041142
35124581|10041156
35124582|10060569
35124583|10060673
35124584|10003897
35124585|35124585
35124586|10003951
35124587|10003958
35124588|10025340
35124589|10041143
35124590|10041157
35124591|10060570
35124592|10060674
35124593|10003898
35124594|35124594
35124595|10003952
35124596|10003959
35124597|10025341
35124598|10041144
35124599|10041158
35124600|10060571
35124601|10060675
35124602|35124602
35124603|35124603
35124604|35124604
35124605|10006597
35124606|10006604
35124607|10006605
35124608|10006627
35124609|35124609
35124610|10006614
35124611|10006621
35124612|10006628
35124613|10041166
35124614|10041179
35124615|10045509
35124616|35124616
35124617|10006615
35124618|10006622
35124619|10006629
35124620|10041167
35124621|10041180
35124622|10045510
35124623|35124623
35124624|10006606
35124625|10006607
35124626|10006608
35124627|10006616
35124628|10006623
35124629|10006630
35124630|10041168
35124631|10041181
35124632|10045511
35124633|35124633
35124634|10006609
35124635|10006610
35124636|10006611
35124637|10006617
35124638|10006624
35124639|10006631
35124640|10041169
35124641|10041182
35124642|10045512
35124643|35124643
35124644|10006612
35124645|10006613
35124646|10006618
35124647|10006625
35124648|10006632
35124649|10041170
35124650|10041183
35124651|10045513
35124652|35124652
35124653|10006619
35124654|10006620
35124655|10006626
35124656|10006633
35124657|10041171
35124658|10041184
35124659|10045514
35124660|10003924
35124661|10003932
35124662|10007983
35124663|35124663
35124664|10012820
35124665|10012827
35124666|10012855
35124667|10012906
35124668|10023767
35124669|10038804
35124670|10003925
35124671|10003933
35124672|10007991
35124673|35124673
35124674|10012828
35124675|10012856
35124676|10012907
35124677|10023768
35124678|10038813
35124679|10003926
35124680|10003934
35124681|10007992
35124682|35124682
35124683|10012829
35124684|10012857
35124685|10012908
35124686|10023769
35124687|10038814
35124688|10003927
35124689|10003935
35124690|10007993
35124691|35124691
35124692|10012830
35124693|10012858
35124694|10012909
35124695|10023770
35124696|10038805
35124697|10038806
35124698|10038807
35124699|10038815
35124700|10003928
35124701|10003936
35124702|10007994
35124703|35124703
35124704|10012831
35124705|10012859
35124706|10012910
35124707|10023771
35124708|10038808
35124709|10038809
35124710|10038810
35124711|10038816
35124712|10003929
35124713|10003937
35124714|10007995
35124715|35124715
35124716|10012832
35124717|10012860
35124718|10012911
35124719|10023772
35124720|10038811
35124721|10038812
35124722|10038817
35124723|10003930
35124724|10003938
35124725|10007996
35124726|35124726
35124727|10012833
35124728|10012861
35124729|10012912
35124730|10023773
35124731|10038818
35124732|10038819
35124733|10015822
35124734|10060707
35124735|35124735
35124736|35124736
35124737|35124737
35124738|35124738
35124739|35124739
35124740|35124740
35124741|35124741
35124742|10016896
35124743|35124743
35124744|35124744
35124745|35124745
35124746|35124746
35124747|35124747
35124748|35124748
35124749|35124749
35124750|10007990
35124751|10008001
35124752|10016904
35124753|10016927
35124754|10016934
35124755|10023781
35124756|10023811
35124757|10059432
35124758|35124758
35124759|10007984
35124760|10008002
35124761|35124761
35124762|10016921
35124763|10016928
35124764|10023782
35124765|10023806
35124766|10041086
35124767|10059433
35124768|10007985
35124769|10008003
35124770|35124770
35124771|10016922
35124772|10016929
35124773|10023783
35124774|10023807
35124775|10041087
35124776|10059434
35124777|10007986
35124778|10007997
35124779|35124779
35124780|10016923
35124781|10016930
35124782|10023784
35124783|10023808
35124784|10041088
35124785|10059435
35124786|10007987
35124787|10007998
35124788|35124788
35124789|10016924
35124790|10016931
35124791|10023785
35124792|10023809
35124793|10041089
35124794|10059436
35124795|10007988
35124796|10007999
35124797|35124797
35124798|10016925
35124799|10016932
35124800|10023786
35124801|10023810
35124802|10041090
35124803|10059437
35124804|10007989
35124805|10008000
35124806|35124806
35124807|10016926
35124808|10016933
35124809|10023787
35124810|10041091
35124811|10059438
35124812|10012868
35124813|35124813
35124814|10020069
35124815|10023746
35124816|10041172
35124817|10041185
35124818|10012862
35124819|35124819
35124820|10023747
35124821|10041173
35124822|10041189
35124823|10041192
35124824|10012863
35124825|35124825
35124826|10023748
35124827|10041174
35124828|10041190
35124829|10012864
35124830|35124830
35124831|10023749
35124832|10041175
35124833|10041186
35124834|10012865
35124835|35124835
35124836|10023750
35124837|10041176
35124838|10041187
35124839|10012866
35124840|35124840
35124841|10023751
35124842|10041177
35124843|10041191
35124844|10012867
35124845|35124845
35124846|10023752
35124847|10041178
35124848|10041188
35124849|10012920
35124850|10021442
35124851|10025328
35124852|35124852
35124853|10025344
35124854|10035477
35124855|10041159
35124856|10012921
35124857|10021443
35124858|10025333
35124859|35124859
35124860|10035478
35124861|10041160
35124862|10012922
35124863|10021444
35124864|10025334
35124865|35124865
35124866|10035479
35124867|10041161
35124868|10012923
35124869|10021445
35124870|10025329
35124871|35124871
35124872|10035480
35124873|10041162
35124874|10012924
35124875|10021446
35124876|10025330
35124877|35124877
35124878|10035481
35124879|10041163
35124880|10012925
35124881|10021447
35124882|10025331
35124883|35124883
35124884|10035482
35124885|10041164
35124886|10012926
35124887|10021448
35124888|10025332
35124889|35124889
35124890|10035483
35124891|10041165
35124892|10008004
35124893|10026799
35124894|10026806
35124895|10041072
35124896|10041079
35124897|35124897
35124898|10008005
35124899|35124899
35124900|10026807
35124901|10041073
35124902|10041081
35124903|10008006
35124904|35124904
35124905|10026808
35124906|10041074
35124907|10041082
35124908|10008007
35124909|35124909
35124910|10026809
35124911|10041075
35124912|10041080
35124913|10008008
35124914|35124914
35124915|10026810
35124916|10041076
35124917|10041083
35124918|10008009
35124919|35124919
35124920|10026811
35124921|10041077
35124922|10041084
35124923|10008010
35124924|35124924
35124925|10026812
35124926|10041078
35124927|10041085
35124928|10012927
35124929|10012963
35124930|10021435
35124931|10027898
35124932|35124932
35124933|10029462
35124934|10041145
35124935|10012928
35124936|10012964
35124937|10021436
35124938|10027899
35124939|35124939
35124940|10041146
35124941|10012929
35124942|10012965
35124943|10021437
35124944|10027900
35124945|35124945
35124946|10041147
35124947|10012930
35124948|10012966
35124949|10021438
35124950|10027901
35124951|35124951
35124952|10041148
35124953|10012931
35124954|10012967
35124955|10021439
35124956|10027902
35124957|35124957
35124958|10041149
35124959|10012932
35124960|10012968
35124961|10021440
35124962|10027903
35124963|35124963
35124964|10041150
35124965|10012933
35124966|10012969
35124967|10021441
35124968|10027904
35124969|35124969
35124970|10041151
35124971|10003939
35124972|10025236
35124973|35124973
35124974|10036525
35124975|10036536
35124976|10045484
35124977|10054448
35124978|10054562
35124979|10003940
35124980|10025237
35124981|10036526
35124982|10036538
35124983|10045485
35124984|10054449
35124985|10054563
35124986|35124986
35124987|10003941
35124988|10025238
35124989|10036527
35124990|10036539
35124991|10045486
35124992|10054450
35124993|10054564
35124994|35124994
35124995|10003942
35124996|10025239
35124997|10036528
35124998|35124998
35124999|10036537
35125000|10045487
35125001|10054451
35125002|10054565
35125003|10003943
35125004|10025240
35125005|10036529
35125006|35125006
35125007|10036540
35125008|10045488
35125009|10054452
35125010|10054566
35125011|10003944
35125012|10025241
35125013|10036530
35125014|35125014
35125015|10036541
35125016|10045489
35125017|10054453
35125018|10054567
35125019|10003945
35125020|10025242
35125021|10036531
35125022|35125022
35125023|10036542
35125024|10045490
35125025|10054454
35125026|10054568
35125027|10023699
35125028|35125028
35125029|10036712
35125030|10023700
35125031|35125031
35125032|10023701
35125033|35125033
35125034|10023702
35125035|35125035
35125036|10023703
35125037|35125037
35125038|10023704
35125039|35125039
35125040|10023705
35125041|35125041
35125042|10041651
35125043|35125043
35125044|35125044
35125045|35125045
35125046|35125046
35125047|35125047
35125048|35125048
35125049|35125049
35125050|10025389
35125051|10025390
35125052|10047714
35125053|35125053
35125054|10047803
35125055|10054693
35125056|10054695
35125057|10054696
35125058|10062831
35125059|35125059
35125060|10054697
35125061|35125061
35125062|10054698
35125063|35125063
35125064|10054699
35125065|35125065
35125066|10054700
35125067|35125067
35125068|10054701
35125069|35125069
35125070|10054702
35125071|10001412
35125072|35125072
35125073|10001415
35125074|10012834
35125075|10012885
35125076|10012943
35125077|10035559
35125078|10035566
35125079|10043007
35125080|10054298
35125081|10054665
35125082|10060580
35125083|10060587
35125084|10060682
35125085|35125085
35125086|10012835
35125087|10012886
35125088|10012947
35125089|10035560
35125090|10035567
35125091|10043008
35125092|10054299
35125093|10054666
35125094|10060581
35125095|10060676
35125096|10060686
35125097|35125097
35125098|10012836
35125099|10012887
35125100|10012948
35125101|10035561
35125102|10035568
35125103|10043009
35125104|10054300
35125105|10054667
35125106|10060582
35125107|10060677
35125108|10060687
35125109|35125109
35125110|10012837
35125111|10012888
35125112|10012944
35125113|10035562
35125114|10035569
35125115|10043010
35125116|10054301
35125117|10054668
35125118|10060583
35125119|10060678
35125120|10060683
35125121|35125121
35125122|10012838
35125123|10012889
35125124|10012945
35125125|10035563
35125126|10035570
35125127|10043011
35125128|10054302
35125129|10054669
35125130|10060584
35125131|10060679
35125132|10060684
35125133|35125133
35125134|10012839
35125135|10012890
35125136|10012949
35125137|10035564
35125138|10035571
35125139|10043012
35125140|10054303
35125141|10054670
35125142|10060585
35125143|10060680
35125144|10060688
35125145|35125145
35125146|10012840
35125147|10012891
35125148|10012946
35125149|10035565
35125150|10035572
35125151|10043013
35125152|10054304
35125153|10054671
35125154|10060586
35125155|10060681
35125156|10060685
35125157|35125157
35125158|35125158
35125159|35125159
35125160|10002228
35125161|10023725
35125162|10043014
35125163|10043021
35125164|10065863
35125165|10065864
35125166|35125166
35125167|10023726
35125168|10043015
35125169|10043022
35125170|35125170
35125171|10023731
35125172|10043016
35125173|10043023
35125174|35125174
35125175|10023727
35125176|10043017
35125177|10043024
35125178|35125178
35125179|10023728
35125180|10043018
35125181|10043025
35125182|35125182
35125183|10023729
35125184|10043019
35125185|10043026
35125186|35125186
35125187|10023730
35125188|10043020
35125189|10043027
35125190|35125190
35125191|10042972
35125192|10042973
35125193|35125193
35125194|10042974
35125195|35125195
35125196|10042975
35125197|35125197
35125198|10042976
35125199|35125199
35125200|10042977
35125201|35125201
35125202|10042978
35125203|35125203
35125204|10002397
35125205|10002404
35125206|35125206
35125207|10002413
35125208|10012841
35125209|10012892
35125210|10012950
35125211|10021233
35125212|10023732
35125213|10024255
35125214|10025325
35125215|10027591
35125216|10028772
35125217|10036088
35125218|10002398
35125219|10002405
35125220|35125220
35125221|10012842
35125222|10012893
35125223|10012951
35125224|10023733
35125225|10024256
35125226|10027592
35125227|10028773
35125228|10036089
35125229|10002399
35125230|10002406
35125231|35125231
35125232|10012843
35125233|10012894
35125234|10012952
35125235|10023734
35125236|10024259
35125237|10027593
35125238|10028774
35125239|10036090
35125240|10002400
35125241|10002407
35125242|35125242
35125243|10012844
35125244|10012895
35125245|10023735
35125246|10024260
35125247|10027594
35125248|10028775
35125249|10036091
35125250|10002401
35125251|10002408
35125252|35125252
35125253|10012845
35125254|10012896
35125255|10012953
35125256|10023736
35125257|10024257
35125258|10027595
35125259|10028776
35125260|10036092
35125261|10002402
35125262|10002409
35125263|35125263
35125264|10012846
35125265|10012897
35125266|10012954
35125267|10023737
35125268|10024261
35125269|10027596
35125270|10028777
35125271|10036093
35125272|10002403
35125273|10002410
35125274|35125274
35125275|10012847
35125276|10012898
35125277|10012955
35125278|10023738
35125279|10024258
35125280|10027597
35125281|10028778
35125282|10036094
35125283|35125283
35125284|10002451
35125285|10002464
35125286|10012848
35125287|10012899
35125288|10021185
35125289|10023739
35125290|35125290
35125291|10002465
35125292|10012849
35125293|10012900
35125294|10021186
35125295|10023741
35125296|35125296
35125297|10002466
35125298|10012850
35125299|10012901
35125300|10021187
35125301|10023742
35125302|35125302
35125303|10002467
35125304|10012851
35125305|10012902
35125306|10021188
35125307|10023740
35125308|35125308
35125309|10002468
35125310|10012852
35125311|10012903
35125312|10021189
35125313|10023743
35125314|35125314
35125315|10002469
35125316|10012853
35125317|10012904
35125318|10021190
35125319|10023744
35125320|35125320
35125321|10002470
35125322|10012854
35125323|10012905
35125324|10021191
35125325|10023745
35125326|10012869
35125327|10012913
35125328|10012956
35125329|35125329
35125330|10022705
35125331|10023753
35125332|10025590
35125333|10012870
35125334|10012914
35125335|10012957
35125336|35125336
35125337|10023754
35125338|10025591
35125339|10012871
35125340|10012915
35125341|10012958
35125342|35125342
35125343|10023755
35125344|10025592
35125345|10012872
35125346|10012916
35125347|10012959
35125348|35125348
35125349|10023756
35125350|10025593
35125351|10012873
35125352|10012917
35125353|10012960
35125354|35125354
35125355|10023757
35125356|10025594
35125357|10012874
35125358|10012918
35125359|10012961
35125360|35125360
35125361|10023758
35125362|10025595
35125363|10012875
35125364|10012919
35125365|10012962
35125366|35125366
35125367|10023759
35125368|10025596
35125369|10008140
35125370|10011677
35125371|35125371
35125372|10028485
35125373|10028500
35125374|10028508
35125375|10028509
35125376|10040493
35125377|10040500
35125378|10040516
35125379|10041060
35125380|10008141
35125381|10011678
35125382|10028486
35125383|35125383
35125384|10028510
35125385|10040494
35125386|10040509
35125387|10040522
35125388|10041061
35125389|10008142
35125390|10011679
35125391|10028487
35125392|35125392
35125393|10028511
35125394|10040495
35125395|10040510
35125396|10040517
35125397|10041062
35125398|10008143
35125399|10011680
35125400|10028488
35125401|35125401
35125402|10028512
35125403|10040496
35125404|10040511
35125405|10040518
35125406|10041063
35125407|10008144
35125408|10011681
35125409|10028489
35125410|35125410
35125411|10028513
35125412|10040497
35125413|10040512
35125414|10040519
35125415|10041064
35125416|10008145
35125417|10011682
35125418|10028490
35125419|35125419
35125420|10028514
35125421|10040498
35125422|10040513
35125423|10040520
35125424|10041065
35125425|10008146
35125426|10011683
35125427|10028491
35125428|10028492
35125429|10028493
35125430|10028494
35125431|10028495
35125432|10028496
35125433|10028497
35125434|10028498
35125435|10028499
35125436|35125436
35125437|10028507
35125438|10028515
35125439|10040499
35125440|10040501
35125441|10040502
35125442|10040503
35125443|10040504
35125444|10040505
35125445|10040506
35125446|10040507
35125447|10040508
35125448|10040514
35125449|10040515
35125450|10040521
35125451|10041066
35125452|10012876
35125453|10012934
35125454|10012970
35125455|10023760
35125456|10025290
35125457|35125457
35125458|10034624
35125459|10035552
35125460|10035573
35125461|10042349
35125462|10042993
35125463|10043000
35125464|10043036
35125465|10012877
35125466|10012935
35125467|10012971
35125468|10023761
35125469|10025291
35125470|35125470
35125471|10035553
35125472|10035575
35125473|10042350
35125474|10042994
35125475|10043001
35125476|10043037
35125477|10012882
35125478|10012936
35125479|10012972
35125480|10023762
35125481|10025292
35125482|35125482
35125483|10035554
35125484|10035576
35125485|10042351
35125486|10042995
35125487|10043002
35125488|10043038
35125489|10012878
35125490|10012937
35125491|10012973
35125492|10023763
35125493|10025293
35125494|35125494
35125495|10035555
35125496|10035574
35125497|10042352
35125498|10042996
35125499|10043003
35125500|10043039
35125501|10012879
35125502|10012938
35125503|10012974
35125504|10023764
35125505|10025294
35125506|35125506
35125507|10035556
35125508|10035577
35125509|10042353
35125510|10042997
35125511|10043004
35125512|10043040
35125513|10012880
35125514|10012939
35125515|10012975
35125516|10023765
35125517|10025295
35125518|35125518
35125519|10035557
35125520|10035578
35125521|10042354
35125522|10042998
35125523|10043005
35125524|10043041
35125525|10012881
35125526|10012940
35125527|10012976
35125528|10023766
35125529|10025296
35125530|35125530
35125531|10035558
35125532|10035579
35125533|10042355
35125534|10042999
35125535|10043006
35125536|10043042
35125537|35125537
35125538|10058976
35125539|10010897
35125540|10025243
35125541|35125541
35125542|10036545
35125543|10043028
35125544|10054455
35125545|10054569
35125546|10054570
35125547|10010898
35125548|10025245
35125549|35125549
35125550|10043029
35125551|10054457
35125552|10054571
35125553|10010899
35125554|10025246
35125555|35125555
35125556|10043030
35125557|10054458
35125558|10054572
35125559|10010900
35125560|10025244
35125561|35125561
35125562|10043031
35125563|10054456
35125564|10054573
35125565|10010901
35125566|35125566
35125567|10043032
35125568|10054574
35125569|10010902
35125570|10025247
35125571|35125571
35125572|10043033
35125573|10054459
35125574|10054575
35125575|10010903
35125576|35125576
35125577|10043034
35125578|10054576
35125579|35125579
35125580|35125580
35125581|35125581
35125582|10024361
35125583|10012883
35125584|10022555
35125585|10024914
35125586|10025311
35125587|10025354
35125588|10025355
35125589|35125589
35125590|10029593
35125591|10032284
35125592|10053518
35125593|10065923
35125594|10066703
35125595|10029594
35125596|35125596
35125597|10029595
35125598|35125598
35125599|10025356
35125600|10025357
35125601|10025358
35125602|10029596
35125603|35125603
35125604|10032285
35125605|10032286
35125606|10032287
35125607|10032288
35125608|10032289
35125609|10032290
35125610|10025359
35125611|10025360
35125612|10025361
35125613|10029597
35125614|35125614
35125615|10025362
35125616|10025363
35125617|10029598
35125618|35125618
35125619|10032291
35125620|10032292
35125621|10025364
35125622|10029599
35125623|35125623
35125624|10032293
35125625|35125625
35125626|10029607
35125627|35125627
35125628|35125628
35125629|10062944
35125630|35125630
35125631|35125631
35125632|10029615
35125633|10029626
35125634|35125634
35125635|10029616
35125636|10029627
35125637|35125637
35125638|10029617
35125639|10029628
35125640|35125640
35125641|10029618
35125642|10029629
35125643|35125643
35125644|10029619
35125645|10029630
35125646|35125646
35125647|10029620
35125648|10029631
35125649|35125649
35125650|35125650
35125651|10029632
35125652|35125652
35125653|10029633
35125654|35125654
35125655|10029634
35125656|35125656
35125657|10029635
35125658|35125658
35125659|10024357
35125660|35125660
35125661|10035223
35125662|10035225
35125663|10060407
35125664|35125664
35125665|10024320
35125666|10035224
35125667|10054443
35125668|35125668
35125669|10021262
35125670|10021264
35125671|10021268
35125672|10021273
35125673|35125673
35125674|10028230
35125675|10028231
35125676|10028232
35125677|10028233
35125678|10028566
35125679|10028567
35125680|10028568
35125681|10028569
35125682|10029662
35125683|35125683
35125684|10067095
35125685|10067386
35125686|35125686
35125687|10029035
35125688|10029075
35125689|10034613
35125690|10035229
35125691|35125691
35125692|10066883
35125693|10052176
35125694|10060877
35125695|10060878
35125696|10060879
35125697|35125697
35125698|35125698
35125699|35125699
35125700|10004293
35125701|35125701
35125702|10027522
35125703|10027523
35125704|10027863
35125705|10054409
35125706|10060563
35125707|10013445
35125708|35125708
35125709|10024460
35125710|10027866
35125711|10027867
35125712|10032373
35125713|10032374
35125714|10033896
35125715|10033897
35125716|10051488
35125717|35125717
35125718|10018303
35125719|10019905
35125720|10057473
35125721|35125721
35125722|10062892
35125723|10065451
35125724|35125724
35125725|35125725
35125726|10012530
35125727|35125727
35125728|10000167
35125729|10013258
35125730|10035511
35125731|10035512
35125732|10035524
35125733|35125733
35125734|10035544
35125735|10043548
35125736|10043553
35125737|35125737
35125738|35125738
35125739|10000581
35125740|35125740
35125741|10043543
35125742|35125742
35125743|10043550
35125744|35125744
35125745|35125745
35125746|10067644
35125747|35125747
35125748|35125748
35125749|10051764
35125750|10051768
35125751|10051769
35125752|35125752
35125753|10048672
35125754|10051601
35125755|35125755
35125756|35125756
35125757|10023095
35125758|10051057
35125759|10051064
35125760|35125760
35125761|10036735
35125762|10039884
35125763|10043551
35125764|35125764
35125765|10043556
35125766|10043559
35125767|10043560
35125768|10043569
35125769|10063129
35125770|10066667
35125771|35125771
35125772|10044394
35125773|10037561
35125774|10039885
35125775|10043552
35125776|10043558
35125777|35125777
35125778|10037562
35125779|10037563
35125780|10043562
35125781|35125781
35125782|10050427
35125783|10001659
35125784|35125784
35125785|35125785
35125786|10016210
35125787|35125787
35125788|10064205
35125789|10015276
35125790|10034997
35125791|35125791
35125792|10036053
35125793|10036054
35125794|10036055
35125795|10036058
35125796|10036059
35125797|10036062
35125798|10039875
35125799|10041801
35125800|10054546
35125801|10054558
35125802|10054559
35125803|10054607
35125804|10054636
35125805|35125805
35125806|10060477
35125807|10063635
35125808|10067083
35125809|10012175
35125810|10038307
35125811|35125811
35125812|10053885
35125813|10054644
35125814|10060535
35125815|35125815
35125816|35125816
35125817|35125817
35125818|10014491
35125819|10033118
35125820|35125820
35125821|10015275
35125822|35125822
35125823|35125823
35125824|35125824
35125825|35125825
35125826|10020968
35125827|35125827
35125828|35125828
35125829|10025383
35125830|10054465
35125831|10059151
35125832|35125832
35125833|35125833
35125834|35125834
35125835|35125835
35125836|10004174
35125837|35125837
35125838|10042069
35125839|10000202
35125840|10015252
35125841|10015253
35125842|10015268
35125843|10015269
35125844|10037921
35125845|10038145
35125846|10038146
35125847|10054591
35125848|10055205
35125849|35125849
35125850|10015270
35125851|35125851
35125852|10015267
35125853|10015274
35125854|10046866
35125855|10049189
35125856|35125856
35125857|10056214
35125858|10056228
35125859|10056229
35125860|35125860
35125861|35125861
35125862|35125862
35125863|35125863
35125864|10019849
35125865|35125865
35125866|35125866
35125867|35125867
35125868|10025373
35125869|10025443
35125870|10028444
35125871|10028446
35125872|10028448
35125873|35125873
35125874|35125874
35125875|35125875
35125876|10019876
35125877|10019894
35125878|10025283
35125879|10051461
35125880|10054460
35125881|10011769
35125882|10020543
35125883|35125883
35125884|35125884
35125885|10025229
35125886|10033910
35125887|35125887
35125888|10025202
35125889|35125889
35125890|35125890
35125891|35125891
35125892|35125892
35125893|35125893
35125894|35125894
35125895|10016650
35125896|35125896
35125897|35125897
35125898|10065018
35125899|10008265
35125900|10009923
35125901|35125901
35125902|10025184
35125903|10028453
35125904|10043153
35125905|10043157
35125906|10064853
35125907|10066473
35125908|10000841
35125909|10001137
35125910|10001138
35125911|10004189
35125912|10008223
35125913|10008955
35125914|35125914
35125915|10025189
35125916|10025190
35125917|10025191
35125918|10025192
35125919|10025193
35125920|10025195
35125921|10025196
35125922|10027393
35125923|10029717
35125924|10042417
35125925|10050243
35125926|10050246
35125927|10050824
35125928|10063432
35125929|10066259
35125930|10006519
35125931|10025194
35125932|10025207
35125933|10042587
35125934|35125934
35125935|35125935
35125936|35125936
35125937|35125937
35125938|35125938
35125939|10001240
35125940|10003871
35125941|10003875
35125942|10014839
35125943|10014847
35125944|10018297
35125945|10018299
35125946|10018734
35125947|10025185
35125948|10025186
35125949|10025187
35125950|35125950
35125951|10025200
35125952|10025203
35125953|10025204
35125954|10025208
35125955|10025209
35125956|10028082
35125957|10042720
35125958|10049109
35125959|10049158
35125960|10050252
35125961|10063166
35125962|10063531
35125963|10063721
35125964|10067201
35125965|35125965
35125966|35125966
35125967|10027075
35125968|35125968
35125969|10025211
35125970|10025212
35125971|10025214
35125972|35125972
35125973|35125973
35125974|35125974
35125975|10049462
35125976|35125976
35125977|10025220
35125978|10068696
35125979|10025222
35125980|10029637
35125981|10029639
35125982|10029640
35125983|10032308
35125984|10032311
35125985|10046048
35125986|10046049
35125987|35125987
35125988|35125988
35125989|10025225
35125990|10025227
35125991|35125991
35125992|35125992
35125993|10065116
35125994|35125994
35125995|35125995
35125996|10025281
35125997|35125997
35125998|35125998
35125999|35125999
35126000|10052356
35126001|10025233
35126002|35126002
35126003|10025284
35126004|10025285
35126005|10032216
35126006|10032217
35126007|10049715
35126008|10054461
35126009|10062465
35126010|10008547
35126011|10024410
35126012|35126012
35126013|10049604
35126014|35126014
35126015|10067108
35126016|35126016
35126017|10058831
35126018|10065773
35126019|35126019
35126020|10003876
35126021|10025181
35126022|35126022
35126023|10039815
35126024|10039816
35126025|10039817
35126026|10039818
35126027|10039819
35126028|10039820
35126029|10039821
35126030|10039822
35126031|10039823
35126032|35126032
35126033|10058550
35126034|10025206
35126035|35126035
35126036|10018302
35126037|10020191
35126038|10020449
35126039|10034704
35126040|10035629
35126041|35126041
35126042|10036264
35126043|10036389
35126044|35126044
35126045|10054561
35126046|35126046
35126047|35126047
35126048|35126048
35126049|10044847
35126050|10044848
35126051|10044849
35126052|10044850
35126053|10044851
35126054|10044852
35126055|10044853
35126056|35126056
35126057|10044966
35126058|10044967
35126059|10044968
35126060|10044969
35126061|10044970
35126062|10044971
35126063|10044972
35126064|35126064
35126065|10005274
35126066|10038797
35126067|35126067
35126068|10038614
35126069|10038800
35126070|10038801
35126071|35126071
35126072|10038803
35126073|35126073
35126074|35126074
35126075|35126075
35126076|35126076
35126077|10049283
35126078|10063715
35126079|10063846
35126080|35126080
35126081|35126081
35126082|35126082
35126083|10013111
35126084|10013271
35126085|10031898
35126086|10031919
35126087|35126087
35126088|10041634
35126089|10059074
35126090|10002608
35126091|10010353
35126092|10010632
35126093|35126093
35126094|35126094
35126095|10044983
35126096|10044984
35126097|10044985
35126098|10044986
35126099|10044987
35126100|10044988
35126101|10044989
35126102|10044990
35126103|35126103
35126104|35126104
35126105|35126105
35126106|35126106
35126107|35126107
35126108|35126108
35126109|10055343
35126110|35126110
35126111|10051724
35126112|35126112
35126113|35126113
35126114|35126114
35126115|35126115
35126116|35126116
35126117|10022345
35126118|10022347
35126119|10032157
35126120|35126120
35126121|10045976
35126122|35126122
35126123|35126123
35126124|35126124
35126125|10007209
35126126|10007210
35126127|10022346
35126128|10023606
35126129|10023607
35126130|10026874
35126131|10026875
35126132|10032167
35126133|10039310
35126134|10039325
35126135|10041638
35126136|35126136
35126137|10045975
35126138|10064567
35126139|35126139
35126140|35126140
35126141|10068672
35126142|35126142
35126143|35126143
35126144|35126144
35126145|10058352
35126146|10008848
35126147|10041636
35126148|10041637
35126149|35126149
35126150|35126150
35126151|35126151
35126152|35126152
35126153|35126153
35126154|35126154
35126155|10000306
35126156|35126156
35126157|10013137
35126158|10032634
35126159|10043678
35126160|10045760
35126161|35126161
35126162|10020900
35126163|10034711
35126164|10043663
35126165|10043682
35126166|35126166
35126167|35126167
35126168|10001713
35126169|10001714
35126170|10009164
35126171|10014957
35126172|35126172
35126173|35126173
35126174|10048640
35126175|10000244
35126176|10001707
35126177|35126177
35126178|10020750
35126179|10020760
35126180|10058899
35126181|35126181
35126182|10059724
35126183|35126183
35126184|10014951
35126185|10014955
35126186|10064890
35126187|10014574
35126188|35126188
35126189|35126189
35126190|35126190
35126191|10053780
35126192|10067243
35126193|35126193
35126194|35126194
35126195|35126195
35126196|10048450
35126197|35126197
35126198|10028610
35126199|35126199
35126200|10064220
35126201|10007701
35126202|35126202
35126203|10035698
35126204|35126204
35126205|10052835
35126206|35126206
35126207|10052836
35126208|10049932
35126209|35126209
35126210|35126210
35126211|35126211
35126212|35126212
35126213|35126213
35126214|35126214
35126215|35126215
35126216|35126216
35126217|10014960
35126218|35126218
35126219|10027235
35126220|10035008
35126221|35126221
35126222|10037412
35126223|35126223
35126224|35126224
35126225|10042672
35126226|10042673
35126227|35126227
35126228|35126228
35126229|10004175
35126230|35126230
35126231|35126231
35126232|10018300
35126233|35126233
35126234|10027909
35126235|10027923
35126236|35126236
35126237|10024327
35126238|35126238
35126239|10024372
35126240|10024373
35126241|10037106
35126242|10037107
35126243|10037951
35126244|10024279
35126245|35126245
35126246|10036096
35126247|10055658
35126248|35126248
35126249|10048645
35126250|35126250
35126251|35126251
35126252|35126252
35126253|10027908
35126254|35126254
35126255|10037955
35126256|35126256
35126257|10051813
35126258|10060400
35126259|35126259
35126260|35126260
35126261|10035497
35126262|10035498
35126263|10037109
35126264|10037110
35126265|35126265
35126266|35126266
35126267|10024286
35126268|35126268
35126269|10024283
35126270|10024285
35126271|35126271
35126272|10068177
35126273|10068178
35126274|10024284
35126275|35126275
35126276|35126276
35126277|10025278
35126278|35126278
35126279|35126279
35126280|35126280
35126281|10001506
35126282|35126282
35126283|10002374
35126284|10029357
35126285|10066542
35126286|35126286
35126287|35126287
35126288|35126288
35126289|10051312
35126290|35126290
35126291|35126291
35126292|10018689
35126293|35126293
35126294|35126294
35126295|35126295
35126296|10052213
35126297|35126297
35126298|10029356
35126299|10066702
35126300|35126300
35126301|10044393
35126302|10029359
35126303|35126303
35126304|35126304
35126305|35126305
35126306|35126306
35126307|10004202
35126308|35126308
35126309|10008382
35126310|35126310
35126311|10010674
35126312|10018136
35126313|10018137
35126314|35126314
35126315|35126315
35126316|10053431
35126317|10024375
35126318|10046867
35126319|35126319
35126320|10058217
35126321|10017499
35126322|10017500
35126323|10029371
35126324|35126324
35126325|10049784
35126326|35126326
35126327|35126327
35126328|10013112
35126329|10013139
35126330|10024376
35126331|10032618
35126332|10045761
35126333|10047855
35126334|10047856
35126335|10047935
35126336|10047953
35126337|10048532
35126338|35126338
35200000|10007541
35202050|10007521
35202051|10007539
35202052|10007590
35202053|10046973
35202054|10010394
35202055|10011082
35202056|10014662
35202057|10019280
35202058|10028593
35202059|10034468
35202453|10000032
35202454|10037908
35202455|10042600
35202456|10047283
35202457|10007543
35202458|10007571
35202459|10007581
35202460|10007609
35202461|10013975
35202462|10007591
35202463|10002911
35202464|10046971
35202465|10027723
35202466|10037445
35202467|10044637
35202468|10010395
35202469|10010397
35202470|10010402
35202471|10011083
35202472|10011085
35202473|10014667
35202474|10014660
35202475|10014672
35202476|10014686
35202477|10014680
35202478|10019283
35202479|10019281
35202480|10024120
35202481|10039164
35202482|10007635
35202483|10052768
35202484|10028590
35202485|10029548
35202486|10034490
35202487|10034494
35202488|10034469
35204898|10003853
35204899|10067618
35204900|10001115
35204901|10064191
35204902|10003671
35204903|10003673
35204904|10003674
35204905|10003677
35204906|10068180
35204907|10057393
35204908|10059027
35204909|10006578
35204910|10006579
35204911|10006580
35204912|10006582
35204913|10010276
35204914|10019263
35204915|10024803
35204916|10057926
35204917|10024984
35204918|10040736
35204919|10044644
35204920|10048015
35204921|10049291
35204922|10054015
35204923|10002611
35204924|10003119
35204925|10003124
35204926|10051644
35204927|10049765
35204928|10006093
35204929|10006094
35204930|10056471
35204931|10052840
35204932|10068627
35204933|10015856
35204934|10016847
35204935|10058322
35204936|10061158
35204937|10058155
35204938|10049775
35204939|10029458
35204940|10029470
35204941|10059835
35204942|10053486
35204943|10050106
35204944|10063080
35204945|10067207
35204946|10058156
35204947|10049447
35204948|10043071
35204949|10043074
35204950|10043079
35204951|10047997
35204952|10003130
35204953|10003658
35204954|10003662
35204955|10003668
35204956|10040639
35204957|10040738
35204958|10040739
35204959|10040741
35204960|10040752
35204961|10042602
35204962|10065342
35204963|10042604
35204964|10047818
35204965|10049003
35204966|10007515
35204967|10007516
35204968|10049993
35204969|10061592
35204970|10007617
35204971|10007618
35204972|10050011
35204973|10033929
35204974|10039111
35204975|10049418
35204976|10042434
35204977|10044066
35204978|10047281
35204979|10047284
35204980|10047289
35204981|10047290
35204982|10047294
35204983|10049761
35204984|10065341
35204985|10047302
35204986|10002100
35204987|10048632
35204988|10066001
35204989|10061024
35204990|10007567
35204991|10058039
35204992|10057461
35204993|10064408
35204994|10064409
35204995|10057455
35204996|10048610
35204997|10050257
35204998|10007649
35204999|10010184
35205000|10052088
35205001|10019273
35205002|10061200
35205003|10019315
35205004|10019319
35205005|10058177
35205006|10066087
35205007|10048620
35205008|10049632
35205009|10063927
35205010|10041321
35205011|10020801
35205012|10020823
35205013|10025603
35205014|10055013
35205015|10054212
35205016|10007658
35205017|10062746
35205018|10027270
35205019|10028650
35205020|10063428
35205021|10054211
35205022|10009691
35205023|10011703
35205024|10011704
35205025|10013573
35205026|10013576
35205027|10013578
35205028|10059360
35205029|10018964
35205030|10068359
35205031|10059865
35205032|10049671
35205033|10063588
35205034|10033557
35205035|10062991
35205036|10036653
35205037|10042772
35205038|10013968
35205039|10013969
35205040|10013971
35205041|10013974
35205042|10052390
35205043|10049235
35205044|10031123
35205045|10035550
35205046|10004245
35205047|10055009
35205048|10055011
35205049|10061005
35205050|10061025
35205051|10051549
35205052|10055012
35205053|10057456
35205054|10068699
35205055|10049717
35205056|10051730
35205057|10034478
35205058|10034479
35205059|10034480
35205060|10066801
35205061|10050559
35205062|10061589
35205063|10002912
35205064|10002915
35205065|10057454
35205066|10002917
35205067|10002918
35205068|10004552
35205069|10010370
35205070|10010371
35205071|10049251
35205072|10042431
35205073|10042598
35205074|10049644
35205075|10069010
35205076|10064267
35205077|10061406
35205078|10068165
35205079|10061082
35205080|10057651
35205081|10064086
35205082|10058968
35205083|10067660
35205084|10061996
35205085|10066802
35205086|10010547
35205087|10010548
35205088|10068138
35205089|10066800
35205090|10050558
35205091|10061532
35205092|10027724
35205093|10049211
35205094|10027727
35205095|10027730
35205096|10051538
35205097|10027733
35205098|10064192
35205099|10063730
35205100|10052644
35205101|10061075
35205102|10057464
35205103|10061541
35205104|10037448
35205105|10057465
35205106|10037450
35205107|10037451
35205108|10049767
35205109|10067887
35205110|10010656
35205111|10057466
35205112|10061389
35205113|10044640
35205114|10066862
35205115|10057467
35205116|10044642
35205117|10007585
35205118|10061080
35205119|10011120
35205120|10012592
35205121|10013611
35205122|10014144
35205123|10060882
35205124|10044443
35205125|10064063
35205126|10010967
35205127|10010972
35205128|10049996
35205129|10014075
35205130|10059205
35205131|10016193
35205132|10064011
35205133|10021076
35205134|10064962
35205135|10065930
35205136|10034130
35205137|10037337
35205138|10064195
35205139|10053925
35205140|10053884
35205141|10048951
35205142|10066430
35205143|10047296
35205144|10058079
35205145|10061054
35205146|10012979
35205147|10063935
35205148|10028178
35205149|10062901
35205150|10052289
35205151|10029748
35205152|10034708
35205153|10039281
35205154|10044685
35205155|10044686
35205156|10044688
35205157|10044689
35205158|10044703
35205159|10066022
35205160|10003211
35205161|10003232
35205162|10011071
35205163|10065420
35205164|10011078
35205165|10048631
35205166|10011084
35205167|10052895
35205168|10011086
35205169|10059611
35205170|10053261
35205171|10056489
35205172|10011089
35205173|10011091
35205174|10059025
35205175|10011105
35205176|10013428
35205177|10055803
35205178|10066846
35205179|10051592
35205180|10000891
35205181|10002383
35205182|10002388
35205183|10003225
35205184|10008469
35205185|10008479
35205186|10068534
35205187|10069167
35205188|10065566
35205189|10028596
35205190|10028600
35205191|10051624
35205192|10033697
35205193|10066592
35205194|10058144
35205195|10036759
35205196|10049768
35205197|10066286
35205198|10064994
35205199|10058145
35205200|10049001
35205201|10014682
35205202|10014666
35205203|10014671
35205204|10014674
35205205|10014675
35205206|10014679
35205207|10067336
35205208|10014683
35205209|10014684
35205210|10014685
35205211|10031131
35205212|10039054
35205213|10062110
35205214|10041663
35205215|10042907
35205216|10061120
35205217|10014663
35205218|10014664
35205219|10014669
35205220|10017529
35205221|10011257
35205222|10061837
35205223|10014665
35205224|10052837
35205225|10065327
35205226|10014676
35205227|10062608
35205228|10058225
35205229|10042276
35205230|10003445
35205231|10007522
35205232|10016803
35205233|10019645
35205234|10051448
35205235|10048961
35205236|10030124
35205237|10049779
35205238|10066174
35205239|10054936
35205240|10007554
35205241|10007556
35205242|10007558
35205243|10007559
35205244|10007560
35205245|10049874
35205246|10007625
35205247|10051093
35205248|10068230
35205249|10018723
35205250|10024899
35205251|10049780
35205252|10063181
35205253|10060953
35205254|10063081
35205255|10001029
35205256|10063083
35205257|10024119
35205258|10037368
35205259|10037423
35205260|10050459
35205261|10063082
35205262|10063084
35205263|10010968
35205264|10010969
35205265|10010970
35205266|10023508
35205267|10063561
35205268|10039163
35205269|10049633
35205270|10058093
35205271|10063439
35205272|10007636
35205273|10048377
35205274|10007637
35205275|10050111
35205276|10056370
35205277|10011837
35205278|10012647
35205279|10053185
35205280|10058222
35205281|10020871
35205282|10048858
35205283|10048804
35205284|10049813
35205285|10049430
35205286|10038748
35205287|10068767
35205288|10011254
35205289|10011258
35205290|10056261
35205291|10054123
35205292|10058440
35205293|10065218
35205294|10065219
35205295|10066857
35205296|10028612
35205297|10059026
35205298|10028615
35205299|10028616
35205300|10028617
35205301|10047470
35205302|10000533
35205303|10048623
35205304|10048761
35205305|10003664
35205306|10003665
35205307|10063836
35205308|10007509
35205309|10007513
35205310|10007572
35205311|10048974
35205312|10007604
35205313|10064021
35205314|10069121
35205315|10007632
35205316|10008745
35205317|10052337
35205318|10013002
35205319|10013012
35205320|10050469
35205321|10022626
35205322|10067286
35205323|10057500
35205324|10049694
35205325|10049773
35205326|10068130
35205327|10054122
35205328|10069140
35205329|10028594
35205330|10048849
35205331|10064966
35205332|10028604
35205333|10058735
35205334|10028629
35205335|10061330
35205336|10059164
35205337|10033698
35205338|10039021
35205339|10067282
35205340|10057501
35205341|10058597
35205342|10050326
35205343|10045545
35205344|10047279
35205345|10059056
35205346|10059162
35205347|10056472
35205348|10047295
35205349|10050510
35205350|10064644
35205351|10047298
35205352|10047299
35205353|10064539
35205354|10066391
35205355|10028606
35205356|10064550
35205357|10055036
35205358|10004050
35205359|10011259
35205360|10056721
35205361|10058148
35205362|10065220
35205363|10034488
35205364|10065221
35205365|10034489
35205366|10062491
35205367|10034492
35205368|10034493
35205369|10034496
35205370|10034497
35205371|10055069
35205372|10051071
35205373|10047472
35205374|10034484
35205375|10034486
35205376|10034487
35205377|10058149
35205378|10034491
35205379|10034498
35205380|10059361
35205381|10059483
35205382|10054947
35205383|10007610
35205384|10013637
35205385|10054946
35205386|10057614
35205387|10061338
35205388|10034474
35205389|10048630
35205390|10048724
35205391|10034476
35205392|10054945
35205393|10049759
35205394|10048731
35205395|10051308
35226339|10000034
35226340|35226340
35226341|10013458
35226342|35226342
35226343|10067619
35226344|10001112
35226345|10001113
35226346|10001114
35226347|35226347
35226348|10003849
35226349|10027971
35226350|10027972
35226351|10041473
35226352|10042073
35226353|10042074
35226354|10042785
35226355|10042850
35226356|10019265
35226357|35226357
35226358|35226358
35226359|10003672
35226360|10003675
35226361|10003676
35226362|10003679
35226363|10003680
35226364|10003846
35226365|10003847
35226366|10005271
35226367|10005272
35226368|10019252
35226369|10019254
35226370|10019255
35226371|10019267
35226372|10029459
35226373|10032099
35226374|10048517
35226375|35226375
35226376|10003678
35226377|10003848
35226378|10003852
35226379|10010141
35226380|10019256
35226381|10019257
35226382|10019260
35226383|10019262
35226384|10019271
35226385|10043440
35226386|10065659
35226387|10066166
35226388|10000018
35226389|35226389
35226390|10003681
35226391|10003850
35226392|10016699
35226393|10019253
35226394|10019258
35226395|10019264
35226396|10000022
35226397|35226397
35226398|10003851
35226399|10019259
35226400|10019268
35226401|10027786
35226402|10027787
35226403|10027788
35226404|10032461
35226405|10047908
35226406|10047909
35226407|10050797
35226408|10050798
35226409|10068670
35226410|35226410
35226411|35226411
35226412|35226412
35226413|10005268
35226414|35226414
35226415|10006581
35226416|10006583
35226417|10006584
35226418|10019261
35226419|10057496
35226420|35226420
35226421|10031693
35226422|10039148
35226423|10039149
35226424|35226424
35226425|10024046
35226426|10024096
35226427|10024100
35226428|10024101
35226429|10024114
35226430|10032202
35226431|10049133
35226432|10050191
35226433|10051861
35226434|10058182
35226435|35226435
35226436|10037920
35226437|10039147
35226438|10051862
35226439|10058457
35226440|10010275
35226441|35226441
35226442|10010277
35226443|10010278
35226444|10010279
35226445|10012117
35226446|35226446
35226447|10019266
35226448|10022839
35226449|10032559
35226450|10032560
35226451|10010494
35226452|35226452
35226453|35226453
35226454|10039211
35226455|35226455
35226456|10057936
35226457|35226457
35226458|10019269
35226459|10019270
35226460|10039346
35226461|35226461
35226462|35226462
35226463|35226463
35226464|10048041
35226465|10049292
35226466|10057634
35226467|35226467
35226468|10057635
35226469|35226469
35226470|35226470
35226471|35226471
35226472|10003120
35226473|10003123
35226474|10003127
35226475|10007518
35226476|10007519
35226477|10007520
35226478|10007544
35226479|10007545
35226480|10013978
35226481|10019292
35226482|10032535
35226483|10032536
35226484|10036765
35226485|10036766
35226486|10068646
35226487|35226487
35226488|10003129
35226489|10019251
35226490|35226490
35226491|35226491
35226492|35226492
35226493|10006095
35226494|10006096
35226495|10006097
35226496|10006099
35226497|10064883
35226498|35226498
35226499|10016848
35226500|10054724
35226501|10055187
35226502|35226502
35226503|10019286
35226504|35226504
35226505|35226505
35226506|10004554
35226507|10004555
35226508|10011235
35226509|10011236
35226510|10013646
35226511|10014150
35226512|10014159
35226513|35226513
35226514|10015858
35226515|10015859
35226516|10015861
35226517|10015863
35226518|10019320
35226519|10019321
35226520|10019324
35226521|10019325
35226522|10027705
35226523|10028157
35226524|10032404
35226525|10036592
35226526|10036593
35226527|10037499
35226528|10037500
35226529|10040956
35226530|10044653
35226531|10048512
35226532|10050813
35226533|10050814
35226534|10052500
35226535|10003128
35226536|35226536
35226537|10054723
35226538|10055186
35226539|35226539
35226540|10058335
35226541|10058343
35226542|10058344
35226543|10058345
35226544|10049553
35226545|10054386
35226546|35226546
35226547|10050351
35226548|10050386
35226549|35226549
35226550|10058183
35226551|35226551
35226552|10003125
35226553|10003126
35226554|10023246
35226555|35226555
35226556|10029471
35226557|10038012
35226558|10043077
35226559|10052353
35226560|10057637
35226561|10065585
35226562|35226562
35226563|10039113
35226564|10049840
35226565|10057524
35226566|35226566
35226567|35226567
35226568|35226568
35226569|10066071
35226570|35226570
35226571|35226571
35226572|35226572
35226573|10038580
35226574|35226574
35226575|10043075
35226576|35226576
35226577|10051363
35226578|35226578
35226579|10043072
35226580|10043076
35226581|10043078
35226582|10043086
35226583|10048353
35226584|10062523
35226585|10063096
35226586|10016868
35226587|35226587
35226588|10054725
35226589|10054861
35226590|10054896
35226591|10055190
35226592|10034045
35226593|10034047
35226594|35226594
35226595|10043081
35226596|35226596
35226597|10003121
35226598|10003122
35226599|35226599
35226600|10003656
35226601|10003657
35226602|10042599
35226603|10064672
35226604|10001434
35226605|10001452
35226606|10001614
35226607|35226607
35226608|10003659
35226609|10003660
35226610|10003661
35226611|10003663
35226612|10003796
35226613|10016566
35226614|10016567
35226615|10016570
35226616|10016828
35226617|10034039
35226618|10058331
35226619|10059122
35226620|10066551
35226621|10066582
35226622|10066664
35226623|35226623
35226624|10016827
35226625|10050376
35226626|35226626
35226627|10034040
35226628|10034114
35226629|10043073
35226630|10043080
35226631|10052350
35226632|35226632
35226633|10042845
35226634|10049203
35226635|10050109
35226636|10003108
35226637|10003116
35226638|10003655
35226639|35226639
35226640|10068645
35226641|10003133
35226642|10040737
35226643|35226643
35226644|10050488
35226645|10006098
35226646|35226646
35226647|35226647
35226648|10043083
35226649|10015291
35226650|10015857
35226651|10015860
35226652|10015862
35226653|10033350
35226654|10035636
35226655|10036591
35226656|10042601
35226657|35226657
35226658|10042603
35226659|10042643
35226660|10050077
35226661|10056964
35226662|10056965
35226663|10058038
35226664|10058057
35226665|35226665
35226666|10003682
35226667|10003857
35226668|10003858
35226669|10003859
35226670|10034044
35226671|10034046
35226672|35226672
35226673|10042644
35226674|10043084
35226675|10048362
35226676|10057507
35226677|10066662
35226678|10067520
35226679|10047817
35226680|35226680
35226681|35226681
35226682|10003109
35226683|10003586
35226684|10003587
35226685|10003589
35226686|35226686
35226687|10007517
35226688|10010683
35226689|10019249
35226690|10021145
35226691|10041914
35226692|10003588
35226693|35226693
35226694|10028925
35226695|10046269
35226696|35226696
35226697|10007565
35226698|10016565
35226699|10016568
35226700|10016569
35226701|35226701
35226702|35226702
35226703|10007644
35226704|35226704
35226705|35226705
35226706|35226706
35226707|35226707
35226708|10033930
35226709|35226709
35226710|35226710
35226711|35226711
35226712|10011915
35226713|10011938
35226714|10022458
35226715|35226715
35226716|10042435
35226717|10042436
35226718|10042437
35226719|10052810
35226720|35226720
35226721|10044067
35226722|10053604
35226723|10063182
35226724|10003131
35226725|10003132
35226726|10026707
35226727|35226727
35226728|10047282
35226729|10047297
35226730|10067339
35226731|35226731
35226732|10047285
35226733|10015854
35226734|10015855
35226735|10015864
35226736|10036613
35226737|10036614
35226738|10037582
35226739|10047175
35226740|10047287
35226741|10047288
35226742|35226742
35226743|10047718
35226744|10050779
35226745|10050780
35226746|10050781
35226747|10050815
35226748|10057639
35226749|10057774
35226750|10058291
35226751|10058292
35226752|10063589
35226753|10066015
35226754|10066684
35226755|10016571
35226756|10016573
35226757|10034048
35226758|35226758
35226759|10047291
35226760|10047292
35226761|10047293
35226762|10047395
35226763|10066685
35226764|35226764
35226765|35226765
35226766|35226766
35226767|10028158
35226768|10028159
35226769|10034049
35226770|10034050
35226771|10036095
35226772|10043082
35226773|10043085
35226774|10046857
35226775|35226775
35226776|10047722
35226777|10058185
35226778|10060730
35226779|10060731
35226780|10062524
35226781|10066663
35226782|10066686
35226783|10068441
35226784|35226784
35226785|10002101
35226786|10002102
35226787|10007530
35226788|10007531
35226789|10007532
35226790|10007533
35226791|10007534
35226792|10007535
35226793|10007537
35226794|10054317
35226795|10055553
35226796|35226796
35226797|35226797
35226798|10068391
35226799|10007540
35226800|10013199
35226801|10019272
35226802|10019276
35226803|10019277
35226804|10021348
35226805|10032121
35226806|10032762
35226807|35226807
35226808|10007536
35226809|35226809
35226810|10017501
35226811|35226811
35226812|10068162
35226813|35226813
35226814|10068539
35226815|10068540
35226816|10068541
35226817|10068542
35226818|35226818
35226819|10064410
35226820|35226820
35226821|10064411
35226822|35226822
35226823|35226823
35226824|10066694
35226825|35226825
35226826|10007648
35226827|35226827
35226828|10007650
35226829|10009197
35226830|10009198
35226831|10010677
35226832|10013200
35226833|10013205
35226834|10017493
35226835|10022453
35226836|10031075
35226837|10031705
35226838|10031706
35226839|10031707
35226840|10031708
35226841|10031709
35226842|10031710
35226843|10031711
35226844|10031950
35226845|10031951
35226846|10032543
35226847|10032659
35226848|10032660
35226849|10032964
35226850|10038236
35226851|10042758
35226852|10045663
35226853|10048496
35226854|35226854
35226855|10064688
35226856|10064694
35226857|35226857
35226858|10055188
35226859|10002616
35226860|10002626
35226861|10010495
35226862|10013105
35226863|35226863
35226864|10019293
35226865|10025528
35226866|10029974
35226867|10031821
35226868|10032571
35226869|10045703
35226870|10066807
35226871|10010856
35226872|10010857
35226873|10019287
35226874|10019288
35226875|10019289
35226876|10022199
35226877|10022200
35226878|10022201
35226879|10023588
35226880|10023589
35226881|10023590
35226882|10023591
35226883|10045967
35226884|10045968
35226885|35226885
35226886|10068147
35226887|35226887
35226888|35226888
35226889|10020656
35226890|35226890
35226891|35226891
35226892|10048609
35226893|35226893
35226894|10048715
35226895|10053994
35226896|35226896
35226897|10049640
35226898|10049641
35226899|10054489
35226900|35226900
35226901|10029262
35226902|35226902
35226903|10058076
35226904|35226904
35226905|10004273
35226906|10004274
35226907|10004275
35226908|35226908
35226909|10020824
35226910|10020825
35226911|10020827
35226912|10045916
35226913|10045917
35226914|10045918
35226915|10020813
35226916|10020814
35226917|10020815
35226918|10020816
35226919|10020817
35226920|10020826
35226921|10025602
35226922|35226922
35226923|10025604
35226924|10025605
35226925|35226925
35226926|35226926
35226927|35226927
35226928|10007659
35226929|10007660
35226930|10031712
35226931|10032537
35226932|10007663
35226933|10033570
35226934|35226934
35226935|10007662
35226936|35226936
35226937|10027271
35226938|35226938
35226939|35226939
35226940|35226940
35226941|10009690
35226942|35226942
35226943|10009692
35226944|10009693
35226945|10016680
35226946|10016690
35226947|10052071
35226948|10000592
35226949|10005881
35226950|10011702
35226951|35226951
35226952|10011706
35226953|10011707
35226954|10011708
35226955|10011709
35226956|10024635
35226957|10028706
35226958|10062319
35226959|10066527
35226960|35226960
35226961|10066755
35226962|35226962
35226963|10013574
35226964|10013575
35226965|10013580
35226966|10013582
35226967|10016170
35226968|10016379
35226969|10016381
35226970|10018263
35226971|10024461
35226972|10024490
35226973|10024491
35226974|10024492
35226975|10042651
35226976|10048018
35226977|10048019
35226978|10048324
35226979|35226979
35226980|10013577
35226981|35226981
35226982|10013579
35226983|10013581
35226984|10031125
35226985|10036208
35226986|10048809
35226987|35226987
35226988|10005806
35226989|10011234
35226990|35226990
35226991|10019523
35226992|10041804
35226993|35226993
35226994|10058570
35226995|35226995
35226996|35226996
35226997|35226997
35226998|35226998
35226999|10019297
35227000|10019313
35227001|10033556
35227002|35227002
35227003|10048351
35227004|10066996
35227005|35227005
35227006|10024634
35227007|10036507
35227008|35227008
35227009|10046869
35227010|10047138
35227011|10047165
35227012|10047166
35227013|10047167
35227014|10052495
35227015|10066202
35227016|10066203
35227017|10016167
35227018|10016169
35227019|10042729
35227020|10042771
35227021|35227021
35227022|10042774
35227023|10042775
35227024|10042776
35227025|10042777
35227026|10048352
35227027|10048916
35227028|10051888
35227029|10060743
35227030|10062496
35227031|10064035
35227032|10064922
35227033|10067550
35227034|10067813
35227035|10001529
35227036|10006332
35227037|10006338
35227038|10006345
35227039|10012791
35227040|10013963
35227041|10013964
35227042|10013965
35227043|35227043
35227044|10013970
35227045|10013972
35227046|10017745
35227047|10020468
35227048|10021680
35227049|10021682
35227050|10021696
35227051|10023552
35227052|10023556
35227053|10023557
35227054|10026837
35227055|10032023
35227056|10038653
35227057|10038654
35227058|10038725
35227059|10040596
35227060|10040604
35227061|10041237
35227062|10041238
35227063|10055564
35227064|10066606
35227065|10066607
35227066|35227066
35227067|10013588
35227068|10013966
35227069|35227069
35227070|10013973
35227071|10015637
35227072|10015656
35227073|10041239
35227074|10041240
35227075|10055546
35227076|10055547
35227077|10055548
35227078|10013967
35227079|35227079
35227080|10034041
35227081|10035637
35227082|10055551
35227083|35227083
35227084|10055549
35227085|35227085
35227086|10055550
35227087|10031122
35227088|35227088
35227089|10059289
35227090|10059293
35227091|10035548
35227092|10035549
35227093|35227093
35227094|35227094
35227095|10004332
35227096|35227096
35227097|35227097
35227098|10055077
35227099|10024099
35227100|35227100
35227101|10063673
35227102|10007589
35227103|10025543
35227104|10025961
35227105|35227105
35227106|35227106
35227107|35227107
35227108|35227108
35227109|35227109
35227110|35227110
35227111|10049740
35227112|35227112
35227113|35227113
35227114|35227114
35227115|35227115
35227116|35227116
35227117|35227117
35227118|10002913
35227119|10002914
35227120|10013118
35227121|10031620
35227122|10031621
35227123|35227123
35227124|10002907
35227125|35227125
35227126|10027742
35227127|10039048
35227128|10058186
35227129|10002898
35227130|10002904
35227131|35227131
35227132|10039045
35227133|10039046
35227134|10052839
35227135|35227135
35227136|35227136
35227137|10063133
35227138|35227138
35227139|10039047
35227140|10041974
35227141|35227141
35227142|35227142
35227143|10010515
35227144|10067149
35227145|10002919
35227146|35227146
35227147|10010375
35227148|10010636
35227149|10042299
35227150|35227150
35227151|35227151
35227152|35227152
35227153|35227153
35227154|35227154
35227155|35227155
35227156|10019316
35227157|10046972
35227158|10057103
35227159|10057944
35227160|35227160
35227161|35227161
35227162|10068167
35227163|35227163
35227164|35227164
35227165|35227165
35227166|10064208
35227167|35227167
35227168|10048691
35227169|10058086
35227170|10064667
35227171|35227171
35227172|10067673
35227173|10052755
35227174|35227174
35227175|35227175
35227176|10010545
35227177|35227177
35227178|10067150
35227179|10010546
35227180|35227180
35227181|35227181
35227182|35227182
35227183|35227183
35227184|10013125
35227185|10013126
35227186|10027713
35227187|10027714
35227188|10027725
35227189|10027726
35227190|10027728
35227191|10027729
35227192|10027734
35227193|10027735
35227194|10028227
35227195|10031604
35227196|35227196
35227197|10027720
35227198|10027722
35227199|35227199
35227200|10027768
35227201|10058223
35227202|35227202
35227203|10027715
35227204|10027716
35227205|10027718
35227206|35227206
35227207|10039063
35227208|10039064
35227209|10048421
35227210|10004127
35227211|10016786
35227212|10027717
35227213|35227213
35227214|10036853
35227215|35227215
35227216|10027719
35227217|10027721
35227218|35227218
35227219|10039065
35227220|35227220
35227221|35227221
35227222|10003653
35227223|35227223
35227224|10002603
35227225|10010601
35227226|10010602
35227227|10031831
35227228|35227228
35227229|35227229
35227230|10037446
35227231|10037447
35227232|10039053
35227233|35227233
35227234|10037408
35227235|35227235
35227236|10051697
35227237|10052842
35227238|35227238
35227239|10037433
35227240|35227240
35227241|10037460
35227242|10041993
35227243|10010603
35227244|35227244
35227245|10041991
35227246|35227246
35227247|35227247
35227248|10067888
35227249|35227249
35227250|10044632
35227251|35227251
35227252|10013138
35227253|10044633
35227254|10044638
35227255|10044639
35227256|10057746
35227257|35227257
35227258|10044634
35227259|10044635
35227260|35227260
35227261|10049217
35227262|35227262
35227263|35227263
35227264|10044636
35227265|35227265
35227266|35227266
35227267|10026720
35227268|10002597
35227269|10002630
35227270|10010488
35227271|10031654
35227272|10051314
35227273|35227273
35227274|35227274
35227275|35227275
35227276|35227276
35227277|35227277
35227278|10023299
35227279|35227279
35227280|10002880
35227281|10002881
35227282|10010143
35227283|10033003
35227284|10044440
35227285|10044441
35227286|10044442
35227287|35227287
35227288|35227288
35227289|35227289
35227290|35227290
35227291|35227291
35227292|35227292
35227293|35227293
35227294|10016191
35227295|10016192
35227296|35227296
35227297|10043384
35227298|35227298
35227299|35227299
35227300|35227300
35227301|35227301
35227302|10013807
35227303|10034129
35227304|35227304
35227305|10034189
35227306|35227306
35227307|35227307
35227308|35227308
35227309|10014272
35227310|10014273
35227311|10044687
35227312|35227312
35227313|35227313
35227314|35227314
35227315|35227315
35227316|10002612
35227317|10002613
35227318|10034056
35227319|10043117
35227320|10044081
35227321|10044082
35227322|10057686
35227323|35227323
35227324|10010398
35227325|10010399
35227326|10010400
35227327|10010403
35227328|10010404
35227329|10010405
35227330|10010406
35227331|10010407
35227332|10031813
35227333|10032564
35227334|10032590
35227335|10045696
35227336|35227336
35227337|10061058
35227338|35227338
35227339|10043662
35227340|10043664
35227341|35227341
35227342|10063936
35227343|10012124
35227344|35227344
35227345|10057210
35227346|35227346
35227347|35227347
35227348|10052296
35227349|35227349
35227350|35227350
35227351|10053592
35227352|10054726
35227353|35227353
35227354|35227354
35227355|10034115
35227356|35227356
35227357|10013616
35227358|10027816
35227359|10042801
35227360|35227360
35227361|35227361
35227362|10010111
35227363|35227363
35227364|10059207
35227365|10053665
35227366|35227366
35227367|35227367
35227368|10003600
35227369|10011073
35227370|10011076
35227371|10011087
35227372|10011092
35227373|10011093
35227374|10011094
35227375|10011095
35227376|10011096
35227377|10011097
35227378|10011106
35227379|10049175
35227380|10057703
35227381|10058152
35227382|10064747
35227383|35227383
35227384|10011070
35227385|10002348
35227386|35227386
35227387|35227387
35227388|10006896
35227389|35227389
35227390|10011079
35227391|10011080
35227392|10011081
35227393|10011099
35227394|10013098
35227395|10013210
35227396|10024110
35227397|10025444
35227398|10039156
35227399|10040731
35227400|10044676
35227401|10048378
35227402|10048560
35227403|10049943
35227404|10066521
35227405|10067981
35227406|10068617
35227407|35227407
35227408|35227408
35227409|10011100
35227410|10014532
35227411|10003163
35227412|10011102
35227413|10022464
35227414|35227414
35227415|35227415
35227416|10011103
35227417|10011104
35227418|10030000
35227419|10030001
35227420|35227420
35227421|35227421
35227422|10052789
35227423|35227423
35227424|35227424
35227425|35227425
35227426|10011108
35227427|10043622
35227428|10068538
35227429|35227429
35227430|35227430
35227431|10002335
35227432|35227432
35227433|10011074
35227434|10011075
35227435|10019533
35227436|35227436
35227437|10065108
35227438|35227438
35227439|10003723
35227440|35227440
35227441|35227441
35227442|10000892
35227443|10000893
35227444|10000894
35227445|10000895
35227446|10000896
35227447|10000897
35227448|10000898
35227449|10000899
35227450|10000900
35227451|10000901
35227452|10000902
35227453|10000903
35227454|10000904
35227455|10000905
35227456|10000906
35227457|10000907
35227458|10000908
35227459|10000909
35227460|10000910
35227461|10000911
35227462|10000912
35227463|10000913
35227464|10000914
35227465|10000915
35227466|10000916
35227467|10000917
35227468|10000918
35227469|10000919
35227470|10000920
35227471|10000921
35227472|10000922
35227473|10000923
35227474|10000924
35227475|10000925
35227476|10000926
35227477|10000927
35227478|10000928
35227479|10000929
35227480|10000930
35227481|10000931
35227482|10028597
35227483|10064345
35227484|10064346
35227485|10064347
35227486|10064348
35227487|10066546
35227488|10066640
35227489|10066641
35227490|10066645
35227491|10067273
35227492|10002372
35227493|10002373
35227494|10002377
35227495|10002380
35227496|10002381
35227497|35227497
35227498|10002384
35227499|10002386
35227500|10002387
35227501|10002389
35227502|10002390
35227503|10002391
35227504|10002393
35227505|10007616
35227506|10008481
35227507|10014292
35227508|10014492
35227509|10015648
35227510|10019366
35227511|10021652
35227512|10031526
35227513|10039237
35227514|10041972
35227515|10049194
35227516|10054224
35227517|10054231
35227518|10056256
35227519|10056259
35227520|10064077
35227521|10064262
35227522|10002375
35227523|10002378
35227524|10002382
35227525|10002385
35227526|35227526
35227527|10011378
35227528|10011984
35227529|10022554
35227530|10036477
35227531|10046251
35227532|10066574
35227533|35227533
35227534|10011088
35227535|10011107
35227536|10011109
35227537|10011110
35227538|10041382
35227539|10008460
35227540|10008464
35227541|35227541
35227542|10008471
35227543|10008472
35227544|10008473
35227545|10008474
35227546|10008475
35227547|10008476
35227548|10008486
35227549|10008487
35227550|10008488
35227551|10008489
35227552|10008492
35227553|10008493
35227554|10010780
35227555|10019298
35227556|10036643
35227557|10038987
35227558|10043854
35227559|10043858
35227560|10048414
35227561|10059065
35227562|10000425
35227563|10008461
35227564|10008462
35227565|10008463
35227566|10008465
35227567|10008466
35227568|10008470
35227569|35227569
35227570|10008482
35227571|10008483
35227572|10008484
35227573|10008485
35227574|10018077
35227575|10018078
35227576|10029524
35227577|10031729
35227578|10033387
35227579|10033388
35227580|10033483
35227581|10033488
35227582|10033493
35227583|10033921
35227584|10036522
35227585|10038986
35227586|10038988
35227587|10042427
35227588|10042428
35227589|10043471
35227590|10043492
35227591|10045653
35227592|10048413
35227593|10049454
35227594|10056967
35227595|10059064
35227596|10062430
35227597|10066554
35227598|10066987
35227599|10067524
35227600|35227600
35227601|35227601
35227602|10052069
35227603|35227603
35227604|10002698
35227605|10003724
35227606|10007643
35227607|10008213
35227608|10019250
35227609|10021758
35227610|10021922
35227611|10027524
35227612|10028595
35227613|35227613
35227614|10028598
35227615|10028599
35227616|10028602
35227617|10028870
35227618|10029506
35227619|10030272
35227620|10032467
35227621|10036231
35227622|10037690
35227623|10049846
35227624|10049847
35227625|10052318
35227626|10052475
35227627|10052514
35227628|10052515
35227629|10052516
35227630|10052517
35227631|10053558
35227632|10057490
35227633|10057491
35227634|10057492
35227635|10057543
35227636|10057544
35227637|10057545
35227638|10057546
35227639|10057547
35227640|10057548
35227641|10057549
35227642|10057550
35227643|10057551
35227644|10057552
35227645|10058224
35227646|10058903
35227647|10058904
35227648|10059869
35227649|10066673
35227650|10068109
35227651|10007584
35227652|10008936
35227653|10008937
35227654|10021279
35227655|10023024
35227656|10023031
35227657|10023033
35227658|35227658
35227659|10028601
35227660|10031461
35227661|10031462
35227662|10032058
35227663|10032059
35227664|10032060
35227665|10032492
35227666|10032493
35227667|10032729
35227668|10032730
35227669|10049197
35227670|10054632
35227671|10055218
35227672|10055224
35227673|10055751
35227674|10055752
35227675|10057390
35227676|10057395
35227677|10066619
35227678|10066642
35227679|10066643
35227680|10066644
35227681|10066765
35227682|10067297
35227683|35227683
35227684|10021763
35227685|35227685
35227686|35227686
35227687|35227687
35227688|10002376
35227689|35227689
35227690|10046974
35227691|10051633
35227692|10067790
35227693|35227693
35227694|10059726
35227695|35227695
35227696|10066287
35227697|10067676
35227698|10067748
35227699|10067814
35227700|35227700
35227701|10050461
35227702|10055661
35227703|35227703
35227704|10058153
35227705|10000665
35227706|10000666
35227707|10000729
35227708|35227708
35227709|10011251
35227710|10011252
35227711|35227711
35227712|10000667
35227713|10004019
35227714|35227714
35227715|10014668
35227716|35227716
35227717|10014888
35227718|10014892
35227719|10042191
35227720|10055502
35227721|10055510
35227722|35227722
35227723|10018566
35227724|35227724
35227725|10018946
35227726|10060622
35227727|10068088
35227728|35227728
35227729|10027273
35227730|35227730
35227731|10001056
35227732|35227732
35227733|35227733
35227734|10041919
35227735|10041937
35227736|10041947
35227737|35227737
35227738|10042905
35227739|35227739
35227740|10001060
35227741|35227741
35227742|10039055
35227743|10039056
35227744|10039057
35227745|10039058
35227746|10066285
35227747|10001057
35227748|10031471
35227749|10031622
35227750|10031623
35227751|10032449
35227752|10032450
35227753|10039032
35227754|10039052
35227755|10039059
35227756|10039060
35227757|10039061
35227758|10046148
35227759|35227759
35227760|35227760
35227761|10041664
35227762|10042906
35227763|35227763
35227764|10042908
35227765|10042909
35227766|10042910
35227767|10042911
35227768|10013129
35227769|10014661
35227770|10031904
35227771|35227771
35227772|35227772
35227773|10052650
35227774|35227774
35227775|10016645
35227776|10007146
35227777|35227777
35227778|10014673
35227779|35227779
35227780|35227780
35227781|10014687
35227782|35227782
35227783|35227783
35227784|10014677
35227785|10014678
35227786|10014681
35227787|10014688
35227788|10014689
35227789|10032033
35227790|10036984
35227791|10058161
35227792|35227792
35227793|10052841
35227794|35227794
35227795|35227795
35227796|10020127
35227797|10020135
35227798|10020145
35227799|10058147
35227800|10058226
35227801|10058462
35227802|35227802
35227803|10058146
35227804|35227804
35227805|10058265
35227806|10039505
35227807|10042271
35227808|35227808
35227809|35227809
35227810|10003446
35227811|10009167
35227812|10034663
35227813|10003556
35227814|35227814
35227815|35227815
35227816|10067656
35227817|10009095
35227818|35227818
35227819|10066520
35227820|35227820
35227821|10023529
35227822|10024990
35227823|10028834
35227824|10028835
35227825|10030097
35227826|10039349
35227827|10039350
35227828|10048651
35227829|35227829
35227830|10054482
35227831|10054486
35227832|10054488
35227833|10055406
35227834|10055407
35227835|10058691
35227836|10058720
35227837|10062466
35227838|10002542
35227839|10002546
35227840|10003100
35227841|10014214
35227842|10014220
35227843|10014230
35227844|10014232
35227845|10014236
35227846|10014239
35227847|10014251
35227848|10014259
35227849|10014263
35227850|10016696
35227851|10016968
35227852|10016971
35227853|10019121
35227854|10023698
35227855|10024127
35227856|10024129
35227857|10030096
35227858|10030105
35227859|10030109
35227860|10030115
35227861|10030117
35227862|10030118
35227863|10030121
35227864|10030122
35227865|35227865
35227866|10030132
35227867|10030134
35227868|10034206
35227869|10034570
35227870|10034611
35227871|10042680
35227872|10042683
35227873|10042688
35227874|10042693
35227875|10042694
35227876|10042695
35227877|10042699
35227878|10042700
35227879|10042701
35227880|10042702
35227881|10042716
35227882|10042726
35227883|10044693
35227884|10048384
35227885|10048959
35227886|10049905
35227887|10050063
35227888|10050064
35227889|10050065
35227890|10050067
35227891|10050068
35227892|10050070
35227893|10051300
35227894|10051462
35227895|10052380
35227896|10054469
35227897|10054498
35227898|10054500
35227899|10054505
35227900|10054525
35227901|10054683
35227902|10055917
35227903|10055918
35227904|10055920
35227905|10055924
35227906|10055938
35227907|10055950
35227908|10058204
35227909|10058684
35227910|10059808
35227911|10059825
35227912|10060442
35227913|10066560
35227914|10066588
35227915|10066707
35227916|10066708
35227917|35227917
35227918|10054542
35227919|35227919
35227920|35227920
35227921|35227921
35227922|10007555
35227923|10007557
35227924|10007562
35227925|10007568
35227926|10007569
35227927|10007582
35227928|10011949
35227929|10011950
35227930|10016145
35227931|10019279
35227932|10019282
35227933|10019285
35227934|10019290
35227935|10019291
35227936|10022462
35227937|10028587
35227938|10028588
35227939|10064079
35227940|10064080
35227941|10064081
35227942|10064082
35227943|10066159
35227944|10066496
35227945|10000803
35227946|35227946
35227947|10064652
35227948|10064653
35227949|10066332
35227950|35227950
35227951|10008908
35227952|10050059
35227953|10066498
35227954|10067051
35227955|10004543
35227956|35227956
35227957|10007564
35227958|10007836
35227959|10008502
35227960|10010682
35227961|10010684
35227962|10016146
35227963|10019284
35227964|10039062
35227965|10048565
35227966|10048569
35227967|10069211
35227968|35227968
35227969|10020048
35227970|10020080
35227971|35227971
35227972|35227972
35227973|10040563
35227974|10049125
35227975|10050364
35227976|35227976
35227977|35227977
35227978|10018714
35227979|10018715
35227980|10018721
35227981|10018722
35227982|35227982
35227983|35227983
35227984|35227984
35227985|35227985
35227986|10063183
35227987|10050041
35227988|10060949
35227989|35227989
35227990|35227990
35227991|10000728
35227992|10000948
35227993|10001024
35227994|35227994
35227995|10059863
35227996|10059870
35227997|35227997
35227998|10007561
35227999|10016147
35228000|10016151
35228001|10024102
35228002|10024106
35228003|35228003
35228004|10025163
35228005|10050369
35228006|10060948
35228007|10010680
35228008|10025079
35228009|10037367
35228010|35228010
35228011|10037369
35228012|10062298
35228013|10065383
35228014|10066733
35228015|10014233
35228016|10014253
35228017|10025084
35228018|10025112
35228019|10030126
35228020|10037375
35228021|10037376
35228022|35228022
35228023|10037425
35228024|10037426
35228025|10048429
35228026|10054586
35228027|10055929
35228028|10066734
35228029|10066735
35228030|10066736
35228031|10066737
35228032|35228032
35228033|10050463
35228034|10054587
35228035|10055952
35228036|35228036
35228037|35228037
35228038|35228038
35228039|10010971
35228040|10013106
35228041|10019275
35228042|10000697
35228043|10001026
35228044|35228044
35228045|10008851
35228046|10009112
35228047|10009113
35228048|10009114
35228049|35228049
35228050|10031746
35228051|35228051
35228052|35228052
35228053|10007563
35228054|10016163
35228055|10039152
35228056|35228056
35228057|10039340
35228058|10060947
35228059|10067025
35228060|35228060
35228061|35228061
35228062|35228062
35228063|35228063
35228064|10007639
35228065|10007640
35228066|10007641
35228067|10007642
35228068|10012150
35228069|10028589
35228070|10028591
35228071|10028592
35228072|10028620
35228073|10029858
35228074|10029891
35228075|10032416
35228076|10039826
35228077|10049129
35228078|10055222
35228079|10061029
35228080|10061033
35228081|35228081
35228082|10001595
35228083|10001616
35228084|35228084
35228085|35228085
35228086|10009836
35228087|10010681
35228088|35228088
35228089|10056419
35228090|10059867
35228091|10059868
35228092|35228092
35228093|10044137
35228094|35228094
35228095|10036143
35228096|10045253
35228097|35228097
35228098|35228098
35228099|10020203
35228100|10020204
35228101|35228101
35228102|10020876
35228103|10021230
35228104|10021280
35228105|10065229
35228106|35228106
35228107|10055217
35228108|35228108
35228109|35228109
35228110|35228110
35228111|10014800
35228112|10014953
35228113|10029890
35228114|35228114
35228115|35228115
35228116|35228116
35228117|10011255
35228118|10011256
35228119|35228119
35228120|10057027
35228121|35228121
35228122|35228122
35228123|35228123
35228124|35228124
35228125|35228125
35228126|35228126
35228127|10027277
35228128|35228128
35228129|35228129
35228130|35228130
35228131|10040068
35228132|35228132
35228133|10042917
35228134|10028609
35228135|35228135
35228136|10028618
35228137|35228137
35228138|35228138
35228139|10007606
35228140|35228140
35228141|35228141
35228142|10003457
35228143|35228143
35228144|10003666
35228145|10010377
35228146|10012115
35228147|10016982
35228148|10019308
35228149|10021172
35228150|10022529
35228151|10031301
35228152|10031302
35228153|10031303
35228154|10040055
35228155|10040099
35228156|10068864
35228157|35228157
35228158|10014656
35228159|10014658
35228160|10014659
35228161|10032032
35228162|10057460
35228163|35228163
35228164|10002020
35228165|35228165
35228166|10002332
35228167|10002350
35228168|10002351
35228169|10002361
35228170|35228170
35228171|10031652
35228172|10047280
35228173|10068285
35228174|35228174
35228175|35228175
35228176|35228176
35228177|10019307
35228178|10039488
35228179|10006546
35228180|10007605
35228181|10010396
35228182|10031698
35228183|10045727
35228184|10062326
35228185|35228185
35228186|35228186
35228187|10007538
35228188|35228188
35228189|10007633
35228190|10007634
35228191|10014846
35228192|10019278
35228193|10027132
35228194|35228194
35228195|10039303
35228196|10039304
35228197|35228197
35228198|10065227
35228199|35228199
35228200|10063971
35228201|35228201
35228202|10050043
35228203|10050581
35228204|10050582
35228205|35228205
35228206|10022625
35228207|35228207
35228208|10051860
35228209|35228209
35228210|35228210
35228211|35228211
35228212|10025164
35228213|35228213
35228214|35228214
35228215|35228215
35228216|35228216
35228217|10016653
35228218|35228218
35228219|10062905
35228220|35228220
35228221|10055308
35228222|35228222
35228223|10064978
35228224|10007603
35228225|35228225
35228226|10028605
35228227|35228227
35228228|10058781
35228229|35228229
35228230|10031993
35228231|10033696
35228232|35228232
35228233|35228233
35228234|10059174
35228235|35228235
35228236|10039309
35228237|10039333
35228238|10028633
35228239|35228239
35228240|10058227
35228241|35228241
35228242|35228242
35228243|35228243
35228244|10039341
35228245|35228245
35228246|10010113
35228247|10040729
35228248|35228248
35228249|35228249
35228250|10058157
35228251|10049178
35228252|35228252
35228253|35228253
35228254|10069114
35228255|35228255
35228256|35228256
35228257|10051987
35228258|10057553
35228259|35228259
35228260|10050166
35228261|35228261
35228262|10058180
35228263|10058187
35228264|10066773
35228265|10067428
35228266|35228266
35228267|10010671
35228268|10012119
35228269|10040100
35228270|35228270
35228271|10047300
35228272|10047720
35228273|35228273
35228274|35228274
35228275|35228275
35228276|10000932
35228277|10000933
35228278|10000934
35228279|35228279
35228280|10021234
35228281|35228281
35228282|10028607
35228283|10028611
35228284|10028613
35228285|10028619
35228286|10031466
35228287|10031516
35228288|10044235
35228289|10001058
35228290|10028614
35228291|10039066
35228292|35228292
35228293|35228293
35228294|35228294
35228295|35228295
35228296|35228296
35228297|35228297
35228298|10058154
35228299|35228299
35228300|10018590
35228301|35228301
35228302|35228302
35228303|10020130
35228304|10020137
35228305|10020148
35228306|35228306
35228307|10000812
35228308|10034485
35228309|35228309
35228310|10027279
35228311|35228311
35228312|10028476
35228313|35228313
35228314|10001059
35228315|10009128
35228316|35228316
35228317|35228317
35228318|10042920
35228319|35228319
35228320|35228320
35228321|10051074
35228322|10034499
35228323|35228323
35228324|10000809
35228325|10000996
35228326|10000997
35228327|10000998
35228328|10031469
35228329|10031517
35228330|35228330
35228331|10034495
35228332|10065376
35228333|10066340
35228334|10066718
35228335|10001289
35228336|35228336
35228337|10069113
35228338|10009100
35228339|10010783
35228340|35228340
35228341|35228341
35228342|10026666
35228343|35228343
35228344|35228344
35228345|10046329
35228346|10046373
35228347|10060502
35228348|35228348
35228349|35228349
35228350|35228350
35228351|35228351
35228352|10043113
35228353|10053565
35228354|35228354
35228355|10013638
35228356|10036232
35228357|10036233
35228358|10036401
35228359|10057768
35228360|35228360
35228361|35228361
35228362|10031911
35228363|10031912
35228364|10032629
35228365|10034470
35228366|10045752
35228367|35228367
35228368|10014311
35228369|35228369
35228370|10059935
35228371|35228371
35228372|35228372
35228373|10014312
35228374|10018934
35228375|10019517
35228376|10019554
35228377|10019575
35228378|35228378
35228379|10034477
35228380|10055817
35228381|10055834
35228382|10059018
35228383|10059022
35228384|10059628
35228385|10059633
35228386|10060844
35228387|10060847
35228388|35228388
35228389|35228389
35228390|35228390
35228391|35228391
35300000|10010331
35302060|10005330
35302061|10007510
35302062|10008804
35302063|10027664
35302064|10052635
35302065|10013995
35302066|10014699
35302067|10015920
35302068|10018018
35302069|10019806
35302070|10021429
35302071|10021882
35302072|10027424
35302073|10028396
35302074|10029299
35302075|10038360
35302076|10038608
35302077|10038686
35302078|10040789
35302489|10002084
35302490|10009735
35302491|10018848
35302492|10018903
35302493|10025232
35302494|10003153
35302495|10007542
35302496|10007573
35302497|10019294
35302498|10007607
35302499|10007614
35302500|10027661
35302501|10018717
35302502|10028177
35302503|10034709
35302504|10047047
35302505|10047224
35302506|10052636
35302507|10003842
35302508|10008805
35302509|10040453
35302510|10008429
35302511|10010445
35302512|10052637
35302513|10027668
35302514|10015733
35302515|10019244
35302516|10001349
35302517|10027671
35302518|10043711
35302519|10002676
35302520|10010987
35302521|10015984
35302522|10022946
35302523|10023638
35302524|10024205
35302525|10027673
35302526|10030926
35302527|10038855
35302528|10002577
35302529|10044036
35302530|10017780
35302531|10027679
35302532|10022646
35302533|10030167
35302534|10030967
35302535|10033530
35302536|10033618
35302537|10039406
35302538|10043953
35302539|10019803
35302540|10021424
35302541|10004046
35302542|10021880
35302543|10028442
35302544|10037074
35302545|10047464
35302546|10021602
35302547|10021603
35302548|10021604
35302549|10059674
35302550|10021606
35302551|10021607
35302552|10021608
35302553|10024579
35302554|10013351
35302555|10052560
35302556|10010763
35302557|10028380
35302558|10028381
35302559|10028382
35302560|10028383
35302561|10028384
35302562|10029513
35302563|10029509
35302564|10029510
35302565|10029512
35302566|10009713
35302567|10052633
35302568|10052634
35302569|10029300
35302570|10052632
35302571|10005036
35302572|10038361
35302573|10038431
35302574|10046401
35302575|10006233
35302576|10016416
35302577|10025517
35302578|10038611
35302579|10012707
35302580|10023821
35302581|10028739
35302582|10034824
35302583|10025039
35302584|10038726
35302585|10019039
35302586|10028697
35302587|10040834
35305396|10010369
35305397|10062325
35305398|10061060
35305399|10061074
35305400|10013808
35305401|10037339
35305402|10049807
35305403|10045445
35305404|10058554
35305405|10050053
35305406|10049209
35305407|10009807
35305408|10061052
35305409|10010368
35305410|10058150
35305411|10022599
35305412|10067407
35305413|10063732
35305414|10003193
35305415|10008086
35305416|10056371
35305417|10068841
35305418|10010374
35305419|10062327
35305420|10062342
35305421|10017928
35305422|10017929
35305423|10017932
35305424|10018818
35305425|10064595
35305426|10019106
35305427|10019633
35305428|10051452
35305429|10037332
35305430|10038368
35305431|10038552
35305432|10038824
35305433|10041603
35305434|10042265
35305435|10047050
35305436|10047090
35305437|10066907
35305438|10048661
35305439|10068665
35305440|10025532
35305441|10064193
35305442|10059798
35305443|10051951
35305444|10053485
35305445|10052653
35305446|10061662
35305447|10052648
35305448|10052656
35305449|10052655
35305450|10052657
35305451|10051658
35305452|10066795
35305453|10068533
35305454|10049004
35305455|10060975
35305456|10050344
35305457|10051906
35305458|10011385
35305459|10051040
35305460|10050638
35305461|10052181
35305462|10062757
35305463|10053871
35305464|10069203
35305465|10049429
35305466|10050361
35305467|10068051
35305468|10061764
35305469|10061765
35305470|10067477
35305471|10064041
35305472|10064571
35305473|10068052
35305474|10028400
35305475|10017324
35305476|10018504
35305477|10023463
35305478|10061513
35305479|10045181
35305480|10056554
35305481|10048228
35305482|10048230
35305483|10056894
35305484|10056555
35305485|10051098
35305486|10012780
35305487|10016845
35305488|10066485
35305489|10051445
35305490|10002961
35305491|10007268
35305492|10007942
35305493|10010356
35305494|10063726
35305495|10062328
35305496|10048728
35305497|10052012
35305498|10010688
35305499|10016202
35305500|10016207
35305501|10052011
35305502|10060919
35305503|10061193
35305504|10019463
35305505|10019860
35305506|10061205
35305507|10019889
35305508|10067265
35305509|10052312
35305510|10048786
35305511|10027294
35305512|10028182
35305513|10048734
35305514|10036794
35305515|10041420
35305516|10043275
35305517|10067774
35305518|10063689
35305519|10062943
35305520|10057954
35305521|10019895
35305522|10053872
35305523|10051403
35305524|10059396
35305525|10052640
35305526|10052641
35305527|10058799
35305528|10062938
35305529|10027710
35305530|10065271
35305531|10062939
35305532|10062940
35305533|10036802
35305534|10060957
35305535|10010341
35305536|10062340
35305537|10062331
35305538|10014016
35305539|10036329
35305540|10000361
35305541|10062339
35305542|10002654
35305543|10004180
35305544|10054215
35305545|10054875
35305546|10024929
35305547|10025396
35305548|10027555
35305549|10010493
35305550|10011875
35305551|10011882
35305552|10001368
35305553|10061630
35305554|10049057
35305555|10062341
35305556|10063469
35305557|10062329
35305558|10051315
35305559|10068271
35305560|10059116
35305561|10068698
35305562|10021068
35305563|10061299
35305564|10028190
35305565|10028191
35305566|10056372
35305567|10053142
35305568|10037126
35305569|10062264
35305570|10010510
35305571|10018096
35305572|10018499
35305573|10069122
35305574|10051320
35305575|10062601
35305576|10062125
35305577|10059199
35305578|10061085
35305579|10012565
35305580|10061051
35305581|10053202
35305582|10061059
35305583|10061530
35305584|10011005
35305585|10011037
35305586|10059253
35305587|10057414
35305588|10049241
35305589|10056531
35305590|10061146
35305591|10066128
35305592|10014923
35305593|10015996
35305594|10064583
35305595|10065273
35305596|10002532
35305597|10057402
35305598|10057886
35305599|10051050
35305600|10057411
35305601|10019864
35305602|10066799
35305603|10052642
35305604|10010523
35305605|10062338
35305606|10011850
35305607|10023636
35305608|10002947
35305609|10007747
35305610|10064660
35305611|10024202
35305612|10041513
35305613|10001908
35305614|10002633
35305615|10002640
35305616|10005176
35305617|10009934
35305618|10010050
35305619|10059159
35305620|10069153
35305621|10053877
35305622|10059157
35305623|10011497
35305624|10011761
35305625|10013799
35305626|10050696
35305627|10027548
35305628|10065276
35305629|10042161
35305630|10061528
35305631|10027974
35305632|10062942
35305633|10067159
35305634|10068783
35305635|10008763
35305636|10010559
35305637|10018822
35305638|10019899
35305639|10038821
35305640|10052643
35305641|10038914
35305642|10038916
35305643|10050706
35305644|10038938
35305645|10062766
35305646|10063402
35305647|10063396
35305648|10063383
35305649|10002120
35305650|10056271
35305651|10064917
35305652|10038031
35305653|10002583
35305654|10054013
35305655|10055001
35305656|10063413
35305657|10057476
35305658|10044033
35305659|10044041
35305660|10044047
35305661|10061063
35305662|10010501
35305663|10037621
35305664|10000098
35305665|10000101
35305666|10064596
35305667|10067183
35305668|10068321
35305669|10013542
35305670|10051025
35305671|10015677
35305672|10061973
35305673|10061596
35305674|10018046
35305675|10019912
35305676|10028210
35305677|10064534
35305678|10068712
35305679|10045469
35305680|10056981
35305681|10061067
35305682|10010526
35305683|10010539
35305684|10010626
35305685|10063917
35305686|10013812
35305687|10051922
35305688|10060811
35305689|10021298
35305690|10062022
35305691|10064024
35305692|10022712
35305693|10068494
35305694|10063042
35305695|10034764
35305696|10066969
35305697|10061069
35305698|10010564
35305699|10010565
35305700|10021530
35305701|10030146
35305702|10053507
35305703|10061070
35305704|10053506
35305705|10009260
35305706|10009269
35305707|10020046
35305708|10056987
35305709|10061072
35305710|10011766
35305711|10056976
35305712|10000368
35305713|10010620
35305714|10001501
35305715|10049244
35305716|10061077
35305717|10016715
35305718|10025391
35305719|10027542
35305720|10052752
35305721|10053870
35305722|10064902
35305723|10053630
35305724|10008625
35305725|10010317
35305726|10010427
35305727|10056533
35305728|10061065
35305729|10051130
35305730|10068289
35305731|10013003
35305732|10061163
35305733|10057873
35305734|10025523
35305735|10048834
35305736|10066367
35305737|10003594
35305738|10060360
35305739|10010099
35305740|10060747
35305741|10066130
35305742|10021450
35305743|10057605
35305744|10064859
35305745|10010641
35305746|10010643
35305747|10010644
35305748|10054002
35305749|10010749
35305750|10062343
35305751|10048708
35305752|10010657
35305753|10010652
35305754|10010504
35305755|10066944
35305756|10010430
35305757|10010496
35305758|10019949
35305759|10010619
35305760|10010668
35305761|10001557
35305762|10001689
35305763|10001939
35305764|10062695
35305765|10058299
35305766|10058298
35305767|10058297
35305768|10011777
35305769|10011778
35305770|10019165
35305771|10048707
35305772|10020365
35305773|10053148
35305774|10051245
35305775|10051231
35305776|10058509
35305777|10058300
35305778|10026817
35305779|10059521
35305780|10028176
35305781|10052450
35305782|10034872
35305783|10039000
35305784|10059299
35305785|10069116
35305786|10063443
35305787|10011386
35305788|10013800
35305789|10018267
35305790|10062017
35305791|10039234
35305792|10061023
35305793|10015487
35305794|10017604
35305795|10066388
35305796|10018464
35305797|10053250
35305798|10053249
35305799|10018462
35305800|10053240
35305801|10053241
35305802|10053242
35305803|10061990
35305804|10019878
35305805|10068836
35305806|10066387
35305807|10067728
35305808|10050215
35305809|10062698
35305810|10059183
35305811|10051661
35305812|10060855
35305813|10065127
35305814|10027762
35305815|10063985
35305816|10051875
35305817|10060749
35305818|10045254
35305819|10060751
35305820|10045261
35305821|10045263
35305822|10060753
35305823|10060755
35305824|10001806
35305825|10068593
35305826|10049933
35305827|10062018
35305828|10067729
35305829|10062674
35305830|10068233
35305831|10036181
35305832|10036182
35305833|10036186
35305834|10061356
35305835|10036193
35305836|10000002
35305837|10000013
35305838|10000014
35305839|10000020
35305840|10000021
35305841|10000029
35305842|10061888
35305843|10068220
35305844|10067608
35305845|10067601
35305846|10016016
35305847|10018048
35305848|10023492
35305849|10024381
35305850|10024585
35305851|10067609
35305852|10028093
35305853|10056886
35305854|10028094
35305855|10056887
35305856|10056889
35305857|10056890
35305858|10056888
35305859|10028095
35305860|10056891
35305861|10056892
35305862|10056893
35305863|10029403
35305864|10067610
35305865|10038275
35305866|10067529
35305867|10058800
35305868|10043147
35305869|10057583
35305870|10057589
35305871|10052622
35305872|10052773
35305873|10057042
35305874|10014316
35305875|10057887
35305876|10037150
35305877|10006160
35305878|10006162
35305879|10006164
35305880|10058169
35305881|10008227
35305882|10009259
35305883|10062336
35305884|10010532
35305885|10066946
35305886|10057648
35305887|10012331
35305888|10068845
35305889|10020771
35305890|10057855
35305891|10025378
35305892|10025387
35305893|10052658
35305894|10025395
35305895|10051456
35305896|10027535
35305897|10027541
35305898|10027543
35305899|10027553
35305900|10067857
35305901|10058118
35305902|10035009
35305903|10057115
35305904|10036509
35305905|10051972
35305906|10000362
35305907|10062626
35305908|10049207
35305909|10064100
35305910|10063847
35305911|10049028
35305912|10007700
35305913|10057620
35305914|10064568
35305915|10058668
35305916|10054064
35305917|10010417
35305918|10010418
35305919|10010475
35305920|10062332
35305921|10062335
35305922|10061066
35305923|10048954
35305924|10061068
35305925|10010520
35305926|10049011
35305927|10068850
35305928|10064570
35305929|10064516
35305930|10064514
35305931|10068448
35305932|10054882
35305933|10049210
35305934|10063175
35305935|10020967
35305936|10048575
35305937|10024500
35305938|10024503
35305939|10025386
35305940|10026829
35305941|10027404
35305942|10027489
35305943|10068681
35305944|10049214
35305945|10064569
35305946|10054879
35305947|10049212
35305948|10036007
35305949|10036063
35305950|10037798
35305951|10049216
35305952|10042778
35305953|10043101
35305954|10064515
35305955|10066242
35305956|10002943
35305957|10053682
35305958|10010318
35305959|10011321
35305960|10049889
35305961|10065419
35305962|10064157
35305963|10022034
35305964|10050183
35305965|10027534
35305966|10051934
35305967|10048586
35305968|10049426
35305969|10062348
35305970|10067850
35305971|10059387
35305972|10010320
35305973|10048953
35305974|10048890
35305975|10050694
35305976|10010629
35305977|10010633
35305978|10010634
35305979|10010650
35305980|10019477
35305981|10023464
35305982|10048576
35305983|10063410
35305984|10068629
35305985|10056659
35305986|10064932
35305987|10041611
35305988|10008299
35305989|10010416
35305990|10010434
35305991|10010455
35305992|10034203
35305993|10034204
35305994|10048893
35305995|10049066
35305996|10065859
35305997|10062337
35305998|10051643
35305999|10062344
35306000|10067380
35306001|10066054
35306002|10067141
35306003|10062600
35306004|10066147
35306005|10028197
35306006|10063431
35306007|10063691
35306008|10068032
35306009|10063540
35306010|10062282
35306011|10064387
35306012|10062920
35306013|10049808
35306014|10051956
35306015|10064963
35306016|10052032
35306017|10010582
35306018|10061573
35306019|10056878
35306020|10016664
35306021|10069148
35306022|10031243
35306023|10031280
35306024|10031281
35306025|10052452
35306026|10051686
35306027|10039122
35306028|10048699
35306029|10053750
35306030|10057621
35306031|10008723
35306032|10008724
35306033|10000364
35306034|10059117
35306035|10051900
35306036|10053153
35306037|10010550
35306038|10062547
35306039|10013801
35306040|10064087
35306041|10016212
35306042|10068715
35306043|10053878
35306044|10062992
35306045|10028356
35306046|10028655
35306047|10068871
35306048|10048409
35306049|10066131
35306050|10010411
35306051|10061076
35306052|10056354
35306053|10012750
35306054|10012774
35306055|10014617
35306056|10057653
35306057|10019819
35306058|10063449
35306059|10050084
35306060|10027266
35306061|10027287
35306062|10052046
35306063|10058969
35306064|10041524
35306065|10041525
35306066|10047716
35306067|10003101
35306068|10008033
35306069|10048784
35306070|10017374
35306071|10036686
35306072|10036801
35306073|10057660
35306074|10051260
35306075|10002320
35306076|10052236
35306077|10065551
35306078|10056467
35306079|10008129
35306080|10053684
35306081|10066084
35306082|10010390
35306083|10054954
35306084|10048924
35306085|10048785
35306086|10010506
35306087|10048411
35306088|10061204
35306089|10056304
35306090|10048911
35306091|10068320
35306092|10048910
35306093|10066854
35306094|10036172
35306095|10062267
35306096|10045138
35306097|10054935
35306098|10054895
35306099|10067866
35306100|10068597
35306101|10009835
35306102|10049449
35306103|10010474
35306104|10010558
35306105|10062345
35306106|10062346
35306107|10010562
35306108|10015039
35306109|10067039
35306110|10016208
35306111|10019903
35306112|10020469
35306113|10058271
35306114|10054030
35306115|10056715
35306116|10027802
35306117|10065658
35306118|10029268
35306119|10036476
35306120|10039179
35306121|10040037
35306122|10048676
35306123|10041582
35306124|10044126
35306125|10034699
35306126|10056655
35306127|10061053
35306128|10010381
35306129|10010382
35306130|10010453
35306131|10068133
35306132|10010672
35306133|10066125
35306134|10050839
35306135|10062334
35306136|10050975
35306137|10062349
35306138|10010663
35306139|10069199
35306140|10062906
35306141|10067944
35306142|10067943
35306143|10064895
35306144|10046456
35306145|10046479
35306146|10046580
35306147|10048781
35306148|10001843
35306149|10060876
35306150|10057510
35306151|10010428
35306152|10051147
35306153|10068304
35306154|10060737
35306155|10049938
35306156|10010607
35306157|10066875
35306158|10063044
35306159|10016219
35306160|10023416
35306161|10023430
35306162|10067877
35306163|10052313
35306164|10051707
35306165|10034259
35306166|10036462
35306167|10064655
35306168|10038433
35306169|10068033
35306170|10049102
35306171|10053624
35306172|10010540
35306173|10061078
35306174|10056434
35306175|10013613
35306176|10014172
35306177|10049786
35306178|10006271
35306179|10042571
35306180|10061062
35306181|10010481
35306182|10050268
35306183|10061071
35306184|10061079
35306185|10063457
35306186|10065148
35306187|10027405
35306188|10033120
35306189|10037123
35306190|10067704
35306191|10063120
35306192|10063146
35306193|10046879
35306194|10053843
35306195|10064513
35306196|10002641
35306197|10059492
35306198|10048800
35306199|10010670
35306200|10011498
35306201|10015088
35306202|10020488
35306203|10021093
35306204|10064951
35306205|10067287
35306206|10034878
35306207|10037124
35306208|10057858
35306209|10066833
35306210|10059271
35306211|10063654
35306212|10056292
35306213|10067131
35306214|10067424
35306215|10062333
35306216|10018183
35306217|10019906
35306218|10059800
35306219|10037122
35306220|10047487
35306221|10061061
35306222|10010438
35306223|10010439
35306224|10012711
35306225|10062330
35306226|10010527
35306227|10010654
35306228|10069115
35306229|10023871
35306230|10062987
35306231|10023885
35306232|10060786
35306233|10054955
35306234|10044310
35306235|10062347
35306236|10010588
35306237|10008587
35306238|10061073
35306239|10013568
35306240|10064585
35306241|10010391
35306242|10010392
35306243|10010429
35306244|10010456
35306245|10010594
35306246|10011762
35306247|10011763
35306248|10037322
35306249|10037407
35306250|10037419
35306251|10059160
35306252|10050701
35306253|10038733
35306254|10049864
35306255|10061064
35306256|10010507
35306257|10044613
35306258|10010557
35306259|10000162
35306260|10000596
35306261|10002963
35306262|10062804
35306263|10004265
35306264|10067736
35306265|10004950
35306266|10050730
35306267|10010452
35306268|10053547
35306269|10010541
35306270|10067248
35306271|10010593
35306272|10052465
35306273|10067769
35306274|10061455
35306275|10012522
35306276|10068651
35306277|10053177
35306278|10014989
35306279|10049048
35306280|10019163
35306281|10019883
35306282|10021198
35306283|10052290
35306284|10023369
35306285|10024436
35306286|10027166
35306287|10067193
35306288|10050896
35306289|10062909
35306290|10068842
35306291|10051713
35306292|10054019
35306293|10036175
35306294|10039785
35306295|10040869
35306296|10040888
35306297|10048905
35306298|10061575
35306299|10048220
35328392|10002908
35328393|35328393
35328394|10002615
35328395|10003145
35328396|10003236
35328397|10010373
35328398|35328398
35328399|10064207
35328400|10010425
35328401|10011072
35328402|35328402
35328403|10066223
35328404|10002602
35328405|10010598
35328406|35328406
35328407|35328407
35328408|10016856
35328409|10054727
35328410|10010514
35328411|10010599
35328412|10010600
35328413|10022012
35328414|35328414
35328415|10037461
35328416|35328416
35328417|10000330
35328418|35328418
35328419|35328419
35328420|35328420
35328421|35328421
35328422|10002894
35328423|10009805
35328424|10009806
35328425|35328425
35328426|10010338
35328427|10010359
35328428|10010367
35328429|10031811
35328430|10031840
35328431|35328431
35328432|35328432
35328433|10010376
35328434|35328434
35328435|35328435
35328436|35328436
35328437|35328437
35328438|10063733
35328439|10000035
35328440|10003186
35328441|35328441
35328442|10003229
35328443|35328443
35328444|10019004
35328445|10055235
35328446|10055277
35328447|10008195
35328448|10055237
35328449|35328449
35328450|35328450
35328451|35328451
35328452|10002588
35328453|10010414
35328454|10047089
35328455|35328455
35328456|10010480
35328457|10018033
35328458|35328458
35328459|10002420
35328460|10002422
35328461|35328461
35328462|10048797
35328463|10050398
35328464|10055431
35328465|10055758
35328466|10055760
35328467|10002421
35328468|10002423
35328469|35328469
35328470|10055258
35328471|10055759
35328472|10055761
35328473|35328473
35328474|35328474
35328475|10019391
35328476|35328476
35328477|10064597
35328478|35328478
35328479|10047076
35328480|35328480
35328481|35328481
35328482|10056915
35328483|10003227
35328484|10037308
35328485|10037309
35328486|35328486
35328487|35328487
35328488|10010611
35328489|35328489
35328490|35328490
35328491|10010630
35328492|35328492
35328493|10062697
35328494|35328494
35328495|10057349
35328496|10002637
35328497|10010348
35328498|10010364
35328499|10024958
35328500|10031829
35328501|10046294
35328502|35328502
35328503|10047051
35328504|35328504
35328505|35328505
35328506|35328506
35328507|35328507
35328508|35328508
35328509|10047229
35328510|10062312
35328511|35328511
35328512|35328512
35328513|35328513
35328514|35328514
35328515|35328515
35328516|10052654
35328517|35328517
35328518|35328518
35328519|35328519
35328520|35328520
35328521|35328521
35328522|35328522
35328523|10060616
35328524|35328524
35328525|10066051
35328526|35328526
35328527|35328527
35328528|10052652
35328529|10003843
35328530|10003844
35328531|10004072
35328532|10031807
35328533|35328533
35328534|35328534
35328535|35328535
35328536|10051915
35328537|10051916
35328538|35328538
35328539|10018702
35328540|10023196
35328541|35328541
35328542|10051063
35328543|35328543
35328544|35328544
35328545|35328545
35328546|35328546
35328547|10053916
35328548|35328548
35328549|35328549
35328550|35328550
35328551|35328551
35328552|10052646
35328553|35328553
35328554|10052647
35328555|35328555
35328556|10008806
35328557|10008807
35328558|10008808
35328559|10008809
35328560|10008810
35328561|10008814
35328562|10008815
35328563|10008824
35328564|10010270
35328565|35328565
35328566|35328566
35328567|10064042
35328568|10018058
35328569|35328569
35328570|35328570
35328571|35328571
35328572|10028401
35328573|10028402
35328574|35328574
35328575|35328575
35328576|10018505
35328577|35328577
35328578|10048229
35328579|10031808
35328580|10040454
35328581|10040455
35328582|35328582
35328583|10006017
35328584|35328584
35328585|10048226
35328586|10048227
35328587|35328587
35328588|35328588
35328589|35328589
35328590|35328590
35328591|35328591
35328592|35328592
35328593|10051112
35328594|10060453
35328595|10060516
35328596|10012525
35328597|10012779
35328598|35328598
35328599|10001591
35328600|10016475
35328601|35328601
35328602|10048480
35328603|10016508
35328604|10016522
35328605|10016524
35328606|10016861
35328607|10016867
35328608|10016870
35328609|10066484
35328610|35328610
35328611|35328611
35328612|10054728
35328613|35328613
35328614|10002964
35328615|35328615
35328616|35328616
35328617|10007946
35328618|10058636
35328619|10058637
35328620|10000322
35328621|10002614
35328622|10002617
35328623|10010307
35328624|10010316
35328625|35328625
35328626|10010357
35328627|10010365
35328628|10023481
35328629|10031542
35328630|10031839
35328631|10032561
35328632|10032589
35328633|10048305
35328634|35328634
35328635|10052010
35328636|35328636
35328637|35328637
35328638|35328638
35328639|10059810
35328640|35328640
35328641|10040632
35328642|35328642
35328643|35328643
35328644|10016211
35328645|35328645
35328646|10054729
35328647|35328647
35328648|10060920
35328649|10019105
35328650|10031849
35328651|35328651
35328652|35328652
35328653|10009170
35328654|35328654
35328655|10056912
35328656|10059156
35328657|10019855
35328658|10019856
35328659|10019870
35328660|10019871
35328661|10019872
35328662|10019873
35328663|35328663
35328664|35328664
35328665|10019890
35328666|10019891
35328667|10019892
35328668|10019893
35328669|10057949
35328670|10040761
35328671|10040762
35328672|10050489
35328673|10059119
35328674|10059124
35328675|10059125
35328676|35328676
35328677|10068333
35328678|10068334
35328679|10068335
35328680|35328680
35328681|35328681
35328682|10023452
35328683|10027292
35328684|10027293
35328685|35328685
35328686|10002585
35328687|10002621
35328688|10025533
35328689|35328689
35328690|10028183
35328691|10028184
35328692|10028185
35328693|35328693
35328694|35328694
35328695|10002624
35328696|10041419
35328697|35328697
35328698|35328698
35328699|35328699
35328700|10067783
35328701|35328701
35328702|35328702
35328703|10062949
35328704|35328704
35328705|35328705
35328706|10062951
35328707|35328707
35328708|10067602
35328709|35328709
35328710|35328710
35328711|35328711
35328712|35328712
35328713|35328713
35328714|10062950
35328715|10066650
35328716|10066651
35328717|35328717
35328718|35328718
35328719|35328719
35328720|35328720
35328721|10067603
35328722|35328722
35328723|35328723
35328724|10002632
35328725|10010361
35328726|10056788
35328727|35328727
35328728|35328728
35328729|10002631
35328730|10010346
35328731|35328731
35328732|10010459
35328733|10041450
35328734|35328734
35328735|10010451
35328736|35328736
35328737|10014017
35328738|10019875
35328739|10025534
35328740|10031815
35328741|10032566
35328742|10045698
35328743|35328743
35328744|35328744
35328745|10003795
35328746|10002628
35328747|10010461
35328748|10059452
35328749|35328749
35328750|10000324
35328751|35328751
35328752|10010319
35328753|10010378
35328754|35328754
35328755|35328755
35328756|35328756
35328757|35328757
35328758|35328758
35328759|35328759
35328760|10010340
35328761|35328761
35328762|10019242
35328763|10019884
35328764|10022029
35328765|10022030
35328766|10031816
35328767|10031817
35328768|10045699
35328769|35328769
35328770|10011876
35328771|10011877
35328772|10010431
35328773|35328773
35328774|10019869
35328775|35328775
35328776|10001383
35328777|10001399
35328778|10001400
35328779|10001401
35328780|10010323
35328781|10010324
35328782|10010325
35328783|35328783
35328784|10067952
35328785|35328785
35328786|10002587
35328787|10010322
35328788|10010337
35328789|35328789
35328790|10024405
35328791|35328791
35328792|10002599
35328793|10010457
35328794|35328794
35328795|35328795
35328796|35328796
35328797|35328797
35328798|10059120
35328799|35328799
35328800|10068702
35328801|10068704
35328802|10068705
35328803|35328803
35328804|10033663
35328805|10054730
35328806|10055185
35328807|10028189
35328808|10036071
35328809|35328809
35328810|35328810
35328811|10026979
35328812|10027180
35328813|35328813
35328814|10028194
35328815|10026980
35328816|10027181
35328817|35328817
35328818|10028195
35328819|10056427
35328820|10028192
35328821|10052342
35328822|35328822
35328823|10056420
35328824|10023276
35328825|35328825
35328826|10053145
35328827|10064781
35328828|35328828
35328829|35328829
35328830|35328830
35328831|10011381
35328832|10021115
35328833|10065938
35328834|35328834
35328835|10062444
35328836|10010487
35328837|10018492
35328838|35328838
35328839|10022907
35328840|35328840
35328841|35328841
35328842|10051816
35328843|35328843
35328844|10048655
35328845|35328845
35328846|10057404
35328847|10058647
35328848|10058653
35328849|10059195
35328850|10059196
35328851|10059197
35328852|10059198
35328853|35328853
35328854|10059200
35328855|10059202
35328856|10059255
35328857|10010673
35328858|10047647
35328859|35328859
35328860|10006587
35328861|10006588
35328862|10006589
35328863|10006590
35328864|10010486
35328865|35328865
35328866|10018324
35328867|10040682
35328868|10064032
35328869|10064033
35328870|10010358
35328871|10028165
35328872|10031810
35328873|10032572
35328874|10041448
35328875|35328875
35328876|10010349
35328877|10010363
35328878|10010476
35328879|10031830
35328880|35328880
35328881|10010339
35328882|10010422
35328883|35328883
35328884|10010621
35328885|10039698
35328886|10041457
35328887|35328887
35328888|35328888
35328889|10014823
35328890|10018673
35328891|10019867
35328892|10019868
35328893|10023254
35328894|10024039
35328895|10025406
35328896|10031663
35328897|10032393
35328898|10032957
35328899|10062973
35328900|10064869
35328901|10064870
35328902|10064871
35328903|10064872
35328904|10065060
35328905|10065943
35328906|10010423
35328907|10010424
35328908|35328908
35328909|10031845
35328910|35328910
35328911|35328911
35328912|35328912
35328913|35328913
35328914|10010433
35328915|10010465
35328916|10015991
35328917|10032568
35328918|35328918
35328919|10057336
35328920|35328920
35328921|10010458
35328922|35328922
35328923|10010596
35328924|10010597
35328925|35328925
35328926|35328926
35328927|35328927
35328928|10002531
35328929|35328929
35328930|35328930
35328931|35328931
35328932|10051049
35328933|35328933
35328934|10062790
35328935|10062791
35328936|10068598
35328937|35328937
35328938|10019863
35328939|35328939
35328940|10019865
35328941|35328941
35328942|10066806
35328943|35328943
35328944|35328944
35328945|10010524
35328946|10041452
35328947|10010525
35328948|10041453
35328949|35328949
35328950|10005276
35328951|10010384
35328952|10010521
35328953|35328953
35328954|10023624
35328955|10023625
35328956|10029967
35328957|10043165
35328958|35328958
35328959|35328959
35328960|10010372
35328961|35328961
35328962|10010393
35328963|10010408
35328964|10010409
35328965|10010410
35328966|10010426
35328967|10010561
35328968|10010651
35328969|10031844
35328970|10048410
35328971|35328971
35328972|10010347
35328973|10010454
35328974|10010528
35328975|10014145
35328976|35328976
35328977|10041512
35328978|35328978
35328979|35328979
35328980|10010328
35328981|35328981
35328982|10010362
35328983|10041456
35328984|10002639
35328985|35328985
35328986|10009298
35328987|35328987
35328988|10010383
35328989|35328989
35328990|10009935
35328991|10009936
35328992|10009937
35328993|10000454
35328994|10005172
35328995|10005173
35328996|10005175
35328997|10010016
35328998|10010017
35328999|10010019
35329000|35329000
35329001|10010052
35329002|10010054
35329003|10012122
35329004|10012123
35329005|10012551
35329006|10031762
35329007|10036986
35329008|10044690
35329009|10055511
35329010|10055520
35329011|10065315
35329012|10065936
35329013|10010343
35329014|10010344
35329015|10010435
35329016|10010462
35329017|10015913
35329018|10015949
35329019|10031818
35329020|10032507
35329021|10045628
35329022|35329022
35329023|35329023
35329024|35329024
35329025|10053941
35329026|35329026
35329027|35329027
35329028|35329028
35329029|35329029
35329030|35329030
35329031|10010544
35329032|10027547
35329033|35329033
35329034|10027549
35329035|10027550
35329036|10040702
35329037|35329037
35329038|10010635
35329039|10010637
35329040|35329040
35329041|10010566
35329042|10010567
35329043|10030914
35329044|10030927
35329045|10041455
35329046|35329046
35329047|35329047
35329048|35329048
35329049|10053146
35329050|35329050
35329051|35329051
35329052|10068814
35329053|35329053
35329054|10010415
35329055|35329055
35329056|35329056
35329057|10019398
35329058|10066889
35329059|10019898
35329060|35329060
35329061|10019900
35329062|10010536
35329063|10010537
35329064|10010615
35329065|10010616
35329066|35329066
35329067|10032446
35329068|35329068
35329069|10047049
35329070|10063667
35329071|10017522
35329072|35329072
35329073|10035032
35329074|35329074
35329075|10054856
35329076|35329076
35329077|10038918
35329078|35329078
35329079|10010617
35329080|35329080
35329081|35329081
35329082|35329082
35329083|35329083
35329084|35329084
35329085|35329085
35329086|10002853
35329087|10010330
35329088|10021528
35329089|35329089
35329090|35329090
35329091|35329091
35329092|35329092
35329093|35329093
35329094|10054069
35329095|10054070
35329096|35329096
35329097|10055073
35329098|10012568
35329099|35329099
35329100|10063415
35329101|35329101
35329102|35329102
35329103|10055542
35329104|10012320
35329105|10012553
35329106|10013959
35329107|10014577
35329108|10021071
35329109|10021073
35329110|10030091
35329111|10044040
35329112|35329112
35329113|10019874
35329114|35329114
35329115|10010478
35329116|10032584
35329117|35329117
35329118|35329118
35329119|10020029
35329120|10010508
35329121|10010604
35329122|10029968
35329123|35329123
35329124|10037623
35329125|10037624
35329126|10037629
35329127|10041994
35329128|10041995
35329129|35329129
35329130|10047506
35329131|35329131
35329132|10002586
35329133|35329133
35329134|35329134
35329135|35329135
35329136|35329136
35329137|10027054
35329138|35329138
35329139|10051035
35329140|10051036
35329141|35329141
35329142|35329142
35329143|10030308
35329144|10030309
35329145|10033747
35329146|10052047
35329147|35329147
35329148|10002620
35329149|10010326
35329150|10010327
35329151|10017930
35329152|10017974
35329153|10018014
35329154|10018236
35329155|10031814
35329156|10031836
35329157|10032565
35329158|10032587
35329159|10045697
35329160|10045708
35329161|10052816
35329162|35329162
35329163|35329163
35329164|10010499
35329165|10010500
35329166|35329166
35329167|10056789
35329168|35329168
35329169|10041054
35329170|10049288
35329171|10055355
35329172|35329172
35329173|10064535
35329174|35329174
35329175|10068716
35329176|35329176
35329177|10064391
35329178|10017727
35329179|10036135
35329180|35329180
35329181|10057848
35329182|10059327
35329183|10002598
35329184|10010516
35329185|10031822
35329186|35329186
35329187|10003646
35329188|10003647
35329189|35329189
35329190|10001472
35329191|35329191
35329192|10020109
35329193|10020110
35329194|10027113
35329195|10034276
35329196|10003648
35329197|35329197
35329198|10056532
35329199|35329199
35329200|35329200
35329201|10013813
35329202|35329202
35329203|10051981
35329204|35329204
35329205|35329205
35329206|10050083
35329207|35329207
35329208|35329208
35329209|10064821
35329210|35329210
35329211|35329211
35329212|10068504
35329213|35329213
35329214|35329214
35329215|10052587
35329216|10013561
35329217|10027055
35329218|35329218
35329219|10010563
35329220|10032567
35329221|10032579
35329222|10044312
35329223|10044318
35329224|10055452
35329225|35329225
35329226|35329226
35329227|10030197
35329228|10055453
35329229|10055480
35329230|35329230
35329231|10055675
35329232|10015471
35329233|35329233
35329234|10055495
35329235|10056097
35329236|10003651
35329237|10003652
35329238|10014964
35329239|35329239
35329240|10055460
35329241|35329241
35329242|10053533
35329243|10010549
35329244|10010580
35329245|10032574
35329246|10032575
35329247|35329247
35329248|35329248
35329249|35329249
35329250|10009271
35329251|10009273
35329252|10009274
35329253|10009275
35329254|10009276
35329255|10009277
35329256|10009278
35329257|10024533
35329258|10031763
35329259|10033528
35329260|35329260
35329261|10009270
35329262|10009279
35329263|10009280
35329264|10009281
35329265|10009282
35329266|10009283
35329267|10033529
35329268|10068904
35329269|35329269
35329270|35329270
35329271|10002601
35329272|10010586
35329273|35329273
35329274|10011765
35329275|35329275
35329276|10013102
35329277|10016623
35329278|10036043
35329279|10036044
35329280|35329280
35329281|35329281
35329282|10000328
35329283|10003654
35329284|10010473
35329285|35329285
35329286|35329286
35329287|10010321
35329288|10010646
35329289|10010647
35329290|10043987
35329291|35329291
35329292|10002635
35329293|10010648
35329294|10031835
35329295|10031842
35329296|35329296
35329297|35329297
35329298|35329298
35329299|10063437
35329300|35329300
35329301|35329301
35329302|35329302
35329303|35329303
35329304|35329304
35329305|35329305
35329306|10003650
35329307|10004646
35329308|10004653
35329309|10004654
35329310|35329310
35329311|35329311
35329312|35329312
35329313|10002596
35329314|10010497
35329315|10031820
35329316|10045701
35329317|35329317
35329318|35329318
35329319|35329319
35329320|10007671
35329321|10007672
35329322|35329322
35329323|10010308
35329324|10017612
35329325|35329325
35329326|35329326
35329327|10057874
35329328|10004666
35329329|35329329
35329330|35329330
35329331|35329331
35329332|10066372
35329333|35329333
35329334|10049485
35329335|35329335
35329336|10010098
35329337|35329337
35329338|10010100
35329339|10029397
35329340|10010509
35329341|35329341
35329342|10021461
35329343|10021462
35329344|35329344
35329345|10010512
35329346|35329346
35329347|35329347
35329348|35329348
35329349|35329349
35329350|10010642
35329351|10010655
35329352|10014040
35329353|10014041
35329354|10014042
35329355|10023934
35329356|10023935
35329357|10032201
35329358|10032961
35329359|10042752
35329360|10045710
35329361|35329361
35329362|35329362
35329363|35329363
35329364|10054065
35329365|35329365
35329366|10018563
35329367|10018589
35329368|10028905
35329369|10030862
35329370|10010513
35329371|10021878
35329372|10031850
35329373|35329373
35329374|35329374
35329375|35329375
35329376|35329376
35329377|35329377
35329378|35329378
35329379|10010420
35329380|35329380
35329381|10011828
35329382|10011832
35329383|35329383
35329384|35329384
35329385|10053585
35329386|10010618
35329387|35329387
35329388|10039271
35329389|35329389
35329390|35329390
35329391|35329391
35329392|35329392
35329393|35329393
35329394|35329394
35329395|35329395
35329396|10058302
35329397|10058303
35329398|35329398
35329399|35329399
35329400|35329400
35329401|10011780
35329402|35329402
35329403|35329403
35329404|10054402
35329405|35329405
35329406|35329406
35329407|10060480
35329408|35329408
35329409|10054414
35329410|35329410
35329411|35329411
35329412|10058511
35329413|10058512
35329414|10058513
35329415|10058514
35329416|10058515
35329417|35329417
35329418|35329418
35329419|10026818
35329420|35329420
35329421|35329421
35329422|35329422
35329423|10052513
35329424|10034871
35329425|35329425
35329426|10034873
35329427|10034874
35329428|10034875
35329429|10035118
35329430|10060404
35329431|35329431
35329432|35329432
35329433|10059310
35329434|35329434
35329435|35329435
35329436|10063446
35329437|35329437
35329438|10011387
35329439|10057034
35329440|35329440
35329441|35329441
35329442|10021600
35329443|35329443
35329444|35329444
35329445|10007219
35329446|10013300
35329447|10032658
35329448|10045775
35329449|35329449
35329450|10061032
35329451|35329451
35329452|35329452
35329453|10017610
35329454|35329454
35329455|10002049
35329456|35329456
35329457|10045239
35329458|10047711
35329459|10056897
35329460|10056911
35329461|10057085
35329462|10068825
35329463|10011945
35329464|10016983
35329465|35329465
35329466|10018467
35329467|35329467
35329468|10053258
35329469|35329469
35329470|10026969
35329471|10026970
35329472|10045269
35329473|10053245
35329474|35329474
35329475|10053251
35329476|10053254
35329477|35329477
35329478|10053252
35329479|10053255
35329480|35329480
35329481|10053253
35329482|10053256
35329483|10018463
35329484|10018465
35329485|10018466
35329486|35329486
35329487|10017397
35329488|35329488
35329489|35329489
35329490|10068837
35329491|35329491
35329492|35329492
35329493|35329493
35329494|10050223
35329495|35329495
35329496|35329496
35329497|10059191
35329498|35329498
35329499|35329499
35329500|35329500
35329501|35329501
35329502|10027763
35329503|35329503
35329504|10063989
35329505|10063990
35329506|10063991
35329507|10064629
35329508|10064636
35329509|35329509
35329510|10017339
35329511|10045241
35329512|10054674
35329513|10060593
35329514|35329514
35329515|10060750
35329516|10064612
35329517|10064705
35329518|10017340
35329519|10017341
35329520|35329520
35329521|10045255
35329522|10045257
35329523|10045258
35329524|10060371
35329525|10060594
35329526|10064613
35329527|10064706
35329528|10017346
35329529|10045266
35329530|10054677
35329531|10058389
35329532|10058414
35329533|10060599
35329534|35329534
35329535|10060752
35329536|10064615
35329537|10064708
35329538|10016205
35329539|10017342
35329540|10017343
35329541|10017344
35329542|35329542
35329543|10045262
35329544|10049593
35329545|10054380
35329546|10054381
35329547|10057079
35329548|10057080
35329549|10057099
35329550|10057100
35329551|10060595
35329552|10060596
35329553|10060597
35329554|10064614
35329555|10064707
35329556|10017345
35329557|35329557
35329558|10045264
35329559|10054675
35329560|10054676
35329561|10060598
35329562|10017347
35329563|10045267
35329564|10054678
35329565|10059965
35329566|35329566
35329567|10060754
35329568|10064616
35329569|10064709
35329570|10017348
35329571|10045270
35329572|10054679
35329573|10059997
35329574|35329574
35329575|10060756
35329576|10064617
35329577|10064710
35329578|35329578
35329579|10001811
35329580|35329580
35329581|35329581
35329582|10021601
35329583|35329583
35329584|35329584
35329585|35329585
35329586|35329586
35329587|35329587
35329588|10036188
35329589|10036189
35329590|10048458
35329591|10000818
35329592|10015288
35329593|10019866
35329594|35329594
35329595|10047030
35329596|10011665
35329597|10015289
35329598|10019448
35329599|10036183
35329600|10036184
35329601|10036185
35329602|35329602
35329603|10036187
35329604|10060440
35329605|10013349
35329606|10036190
35329607|35329607
35329608|10019449
35329609|35329609
35329610|10060472
35329611|35329611
35329612|35329612
35329613|35329613
35329614|35329614
35329615|35329615
35329616|35329616
35329617|10052073
35329618|10052074
35329619|10052082
35329620|10054968
35329621|10054985
35329622|35329622
35329623|35329623
35329624|35329624
35329625|35329625
35329626|10002458
35329627|35329627
35329628|10062703
35329629|35329629
35329630|10018446
35329631|10017611
35329632|35329632
35329633|10024280
35329634|35329634
35329635|10008101
35329636|10008125
35329637|10024584
35329638|35329638
35329639|10024586
35329640|10049284
35329641|35329641
35329642|35329642
35329643|10028096
35329644|10063361
35329645|35329645
35329646|10020470
35329647|10020471
35329648|10028048
35329649|35329649
35329650|35329650
35329651|10056916
35329652|35329652
35329653|10056917
35329654|35329654
35329655|10056918
35329656|35329656
35329657|10056919
35329658|10027983
35329659|35329659
35329660|35329660
35329661|35329661
35329662|10056920
35329663|35329663
35329664|10056921
35329665|35329665
35329666|10041515
35329667|35329667
35329668|10034999
35329669|35329669
35329670|35329670
35329671|10067531
35329672|10067532
35329673|35329673
35329674|35329674
35329675|35329675
35329676|10057588
35329677|10024245
35329678|35329678
35329679|35329679
35329680|35329680
35329681|35329681
35329682|10057101
35329683|10011691
35329684|35329684
35329685|10055058
35329686|10055059
35329687|35329687
35329688|35329688
35329689|35329689
35329690|10006161
35329691|35329691
35329692|10006163
35329693|10031696
35329694|35329694
35329695|35329695
35329696|35329696
35329697|35329697
35329698|10009264
35329699|10009265
35329700|10009266
35329701|10009267
35329702|10009268
35329703|10019159
35329704|10019161
35329705|10024547
35329706|10049861
35329707|10068280
35329708|10002605
35329709|10010517
35329710|10023153
35329711|10023154
35329712|10025451
35329713|10032177
35329714|10032508
35329715|10032509
35329716|10045629
35329717|10045630
35329718|35329718
35329719|10010472
35329720|35329720
35329721|35329721
35329722|10066950
35329723|35329723
35329724|10012330
35329725|35329725
35329726|10012332
35329727|10032610
35329728|10045734
35329729|35329729
35329730|35329730
35329731|10057862
35329732|35329732
35329733|10057860
35329734|35329734
35329735|35329735
35329736|10026741
35329737|10026951
35329738|10026953
35329739|35329739
35329740|35329740
35329741|10044554
35329742|35329742
35329743|10051464
35329744|35329744
35329745|10026742
35329746|35329746
35329747|10026954
35329748|35329748
35329749|35329749
35329750|35329750
35329751|35329751
35329752|35329752
35329753|10039204
35329754|10039205
35329755|35329755
35329756|10057132
35329757|10036478
35329758|10036479
35329759|35329759
35329760|10036510
35329761|10047876
35329762|35329762
35329763|35329763
35329764|10000363
35329765|35329765
35329766|35329766
35329767|35329767
35329768|35329768
35329769|35329769
35329770|35329770
35329771|10025427
35329772|35329772
35329773|10057629
35329774|35329774
35329775|10064572
35329776|10064573
35329777|10064574
35329778|35329778
35329779|10010385
35329780|10010386
35329781|10010387
35329782|10010388
35329783|10010471
35329784|10010485
35329785|10010645
35329786|35329786
35329787|10054071
35329788|10054072
35329789|10054073
35329790|10054074
35329791|10009249
35329792|35329792
35329793|10009258
35329794|35329794
35329795|35329795
35329796|10034745
35329797|10002595
35329798|10010477
35329799|10025524
35329800|10025525
35329801|10031834
35329802|10031846
35329803|10031847
35329804|10054851
35329805|35329805
35329806|10065338
35329807|10065407
35329808|10010491
35329809|10010492
35329810|10025526
35329811|10025527
35329812|10025529
35329813|35329813
35329814|10010502
35329815|10011246
35329816|10011248
35329817|10031848
35329818|35329818
35329819|35329819
35329820|10010436
35329821|10010519
35329822|10048888
35329823|35329823
35329824|10063521
35329825|10065948
35329826|10010443
35329827|35329827
35329828|10015722
35329829|35329829
35329830|35329830
35329831|35329831
35329832|10064575
35329833|35329833
35329834|10068674
35329835|35329835
35329836|35329836
35329837|35329837
35329838|35329838
35329839|10000396
35329840|10009284
35329841|10010440
35329842|10010441
35329843|10010442
35329844|10010444
35329845|10010503
35329846|10010639
35329847|10010640
35329848|10013172
35329849|35329849
35329850|35329850
35329851|35329851
35329852|10010530
35329853|10010531
35329854|10024494
35329855|35329855
35329856|10024501
35329857|10031824
35329858|10031825
35329859|10031837
35329860|10031841
35329861|10031843
35329862|10032586
35329863|10045631
35329864|10045704
35329865|10045707
35329866|10000325
35329867|10000336
35329868|10000337
35329869|10001926
35329870|10014174
35329871|10014175
35329872|10014176
35329873|10014177
35329874|10014178
35329875|10019464
35329876|35329876
35329877|10024504
35329878|10024807
35329879|10024808
35329880|10024809
35329881|10024810
35329882|10024811
35329883|10024812
35329884|10024813
35329885|10024814
35329886|10024815
35329887|10024816
35329888|10024817
35329889|10024818
35329890|10024819
35329891|10024820
35329892|10024821
35329893|10024822
35329894|10027546
35329895|10034923
35329896|10038217
35329897|10038218
35329898|10038219
35329899|10044448
35329900|10044449
35329901|10046132
35329902|10046133
35329903|10025384
35329904|10025385
35329905|35329905
35329906|35329906
35329907|35329907
35329908|35329908
35329909|10027490
35329910|35329910
35329911|35329911
35329912|35329912
35329913|35329913
35329914|35329914
35329915|10036006
35329916|35329916
35329917|10042835
35329918|10028188
35329919|35329919
35329920|10036064
35329921|10036065
35329922|10036066
35329923|35329923
35329924|35329924
35329925|10016697
35329926|10017560
35329927|35329927
35329928|10042779
35329929|10042780
35329930|10042781
35329931|10042782
35329932|10042783
35329933|10043926
35329934|10047872
35329935|10047874
35329936|10047875
35329937|10063143
35329938|10009687
35329939|10009694
35329940|10009695
35329941|10010419
35329942|10010542
35329943|10010590
35329944|10010666
35329945|10010669
35329946|10016523
35329947|10016869
35329948|10027491
35329949|10031859
35329950|10031860
35329951|35329951
35329952|10043102
35329953|10043103
35329954|10043104
35329955|10043105
35329956|10043106
35329957|10043107
35329958|10043108
35329959|10043109
35329960|10043110
35329961|10046969
35329962|10047033
35329963|10048426
35329964|10061084
35329965|10065573
35329966|35329966
35329967|10064519
35329968|10064520
35329969|35329969
35329970|10000590
35329971|35329971
35329972|35329972
35329973|10000323
35329974|35329974
35329975|35329975
35329976|35329976
35329977|35329977
35329978|10065421
35329979|35329979
35329980|35329980
35329981|10049496
35329982|10049499
35329983|35329983
35329984|10027532
35329985|10027533
35329986|35329986
35329987|10050349
35329988|35329988
35329989|10051982
35329990|10051983
35329991|35329991
35329992|35329992
35329993|10010351
35329994|10010554
35329995|10010625
35329996|10025530
35329997|10040963
35329998|35329998
35329999|35329999
35330000|10054842
35330001|35330001
35330002|10068896
35330003|10000329
35330004|35330004
35330005|35330005
35330006|35330006
35330007|35330007
35330008|35330008
35330009|10017561
35330010|10050507
35330011|35330011
35330012|10041675
35330013|10048987
35330014|35330014
35330015|10041676
35330016|35330016
35330017|35330017
35330018|35330018
35330019|35330019
35330020|35330020
35330021|10063423
35330022|35330022
35330023|35330023
35330024|35330024
35330025|10064933
35330026|10002607
35330027|10002634
35330028|10010352
35330029|10010555
35330030|10010631
35330031|10031833
35330032|35330032
35330033|10041612
35330034|35330034
35330035|10001478
35330036|35330036
35330037|35330037
35330038|35330038
35330039|10008504
35330040|10023325
35330041|10023326
35330042|35330042
35330043|10034205
35330044|10035010
35330045|10035011
35330046|10009809
35330047|10017550
35330048|10017551
35330049|10020351
35330050|35330050
35330051|10065933
35330052|35330052
35330053|35330053
35330054|35330054
35330055|10010518
35330056|10023219
35330057|35330057
35330058|35330058
35330059|10002622
35330060|10008211
35330061|10010551
35330062|10010552
35330063|10010553
35330064|10010556
35330065|10010623
35330066|10028318
35330067|10028374
35330068|10028375
35330069|10028376
35330070|10031543
35330071|10031832
35330072|10031851
35330073|10032576
35330074|10032577
35330075|10032592
35330076|10032595
35330077|10032838
35330078|10032839
35330079|10040771
35330080|10040772
35330081|35330081
35330082|35330082
35330083|10010342
35330084|10016027
35330085|10016028
35330086|10016045
35330087|10032569
35330088|10032591
35330089|10045693
35330090|10058844
35330091|35330091
35330092|35330092
35330093|10067148
35330094|35330094
35330095|35330095
35330096|10066148
35330097|10013956
35330098|35330098
35330099|10066017
35330100|10066018
35330101|10060903
35330102|35330102
35330103|35330103
35330104|35330104
35330105|35330105
35330106|35330106
35330107|35330107
35330108|10064388
35330109|35330109
35330110|35330110
35330111|35330111
35330112|35330112
35330113|10051698
35330114|35330114
35330115|10010581
35330116|35330116
35330117|10010583
35330118|10031858
35330119|10051834
35330120|35330120
35330121|10056289
35330122|35330122
35330123|35330123
35330124|10036120
35330125|35330125
35330126|10006371
35330127|35330127
35330128|10063718
35330129|10001556
35330130|10026821
35330131|35330131
35330132|35330132
35330133|35330133
35330134|35330134
35330135|10016206
35330136|10039120
35330137|10039121
35330138|35330138
35330139|10047578
35330140|10060503
35330141|10060592
35330142|35330142
35330143|35330143
35330144|10059236
35330145|10060908
35330146|35330146
35330147|10057642
35330148|10000452
35330149|10000453
35330150|35330150
35330151|10010448
35330152|10066122
35330153|35330153
35330154|35330154
35330155|35330155
35330156|35330156
35330157|35330157
35330158|10000327
35330159|35330159
35330160|35330160
35330161|10062549
35330162|35330162
35330163|35330163
35330164|10064090
35330165|10015497
35330166|35330166
35330167|10044568
35330168|10036809
35330169|35330169
35330170|35330170
35330171|35330171
35330172|10062996
35330173|10010498
35330174|10019897
35330175|10028354
35330176|10028355
35330177|35330177
35330178|10028357
35330179|10032274
35330180|35330180
35330181|10043461
35330182|10049841
35330183|10013987
35330184|10068862
35330185|35330185
35330186|35330186
35330187|10064178
35330188|35330188
35330189|10002618
35330190|10002619
35330191|10007954
35330192|10007955
35330193|10007956
35330194|10007957
35330195|10009709
35330196|10010389
35330197|35330197
35330198|10010421
35330199|10010605
35330200|10015633
35330201|10031827
35330202|10032563
35330203|10032578
35330204|10045694
35330205|10050752
35330206|10063756
35330207|10010628
35330208|10032583
35330209|10032594
35330210|35330210
35330211|35330211
35330212|35330212
35330213|35330213
35330214|35330214
35330215|10057562
35330216|10058532
35330217|35330217
35330218|10057661
35330219|10017471
35330220|35330220
35330221|10022028
35330222|10047988
35330223|35330223
35330224|10063450
35330225|35330225
35330226|35330226
35330227|35330227
35330228|10067085
35330229|35330229
35330230|35330230
35330231|10020501
35330232|10030685
35330233|35330233
35330234|10041526
35330235|10041527
35330236|10041528
35330237|10041529
35330238|10041530
35330239|10041531
35330240|10041532
35330241|10041533
35330242|10041534
35330243|10041535
35330244|10047993
35330245|10047994
35330246|10047995
35330247|10047996
35330248|10009650
35330249|35330249
35330250|35330250
35330251|35330251
35330252|10008503
35330253|10056944
35330254|10056945
35330255|10056946
35330256|35330256
35330257|10021070
35330258|35330258
35330259|35330259
35330260|35330260
35330261|35330261
35330262|10010412
35330263|10019861
35330264|35330264
35330265|10062002
35330266|10067447
35330267|35330267
35330268|10069075
35330269|10069076
35330270|10002317
35330271|10002318
35330272|10002319
35330273|35330273
35330274|35330274
35330275|35330275
35330276|10065555
35330277|35330277
35330278|35330278
35330279|10010627
35330280|10013035
35330281|10019475
35330282|10021740
35330283|10021741
35330284|10021742
35330285|10021743
35330286|10021744
35330287|10021745
35330288|10021748
35330289|10027936
35330290|10032767
35330291|10033560
35330292|10033834
35330293|10037720
35330294|10041414
35330295|10041417
35330296|10068804
35330297|35330297
35330298|10053706
35330299|35330299
35330300|10006118
35330301|35330301
35330302|35330302
35330303|35330303
35330304|10055392
35330305|35330305
35330306|35330306
35330307|10020511
35330308|35330308
35330309|10008100
35330310|10008102
35330311|10008103
35330312|10008104
35330313|10019862
35330314|10031723
35330315|10031724
35330316|10031725
35330317|10032539
35330318|10032540
35330319|10045651
35330320|35330320
35330321|35330321
35330322|35330322
35330323|10048915
35330324|35330324
35330325|35330325
35330326|10048914
35330327|35330327
35330328|10036169
35330329|10036170
35330330|10036171
35330331|35330331
35330332|35330332
35330333|10015057
35330334|10015058
35330335|35330335
35330336|35330336
35330337|10054858
35330338|10054894
35330339|35330339
35330340|35330340
35330341|35330341
35330342|10068600
35330343|35330343
35330344|35330344
35330345|35330345
35330346|10033810
35330347|10048386
35330348|10048559
35330349|35330349
35330350|10051201
35330351|35330351
35330352|10019896
35330353|10034609
35330354|10049213
35330355|10051202
35330356|35330356
35330357|35330357
35330358|10029867
35330359|35330359
35330360|10052893
35330361|35330361
35330362|35330362
35330363|35330363
35330364|10052491
35330365|35330365
35330366|10048438
35330367|35330367
35330368|10058274
35330369|10058275
35330370|35330370
35330371|10054037
35330372|10048680
35330373|10056710
35330374|35330374
35330375|10010466
35330376|10010587
35330377|10027789
35330378|10027790
35330379|35330379
35330380|35330380
35330381|35330381
35330382|10029269
35330383|10029270
35330384|10029271
35330385|10029272
35330386|10047712
35330387|35330387
35330388|10016204
35330389|35330389
35330390|10019901
35330391|35330391
35330392|35330392
35330393|10059143
35330394|10023494
35330395|10032950
35330396|35330396
35330397|10041583
35330398|10047910
35330399|10051203
35330400|10051207
35330401|10068209
35330402|10006370
35330403|10010965
35330404|10018268
35330405|10018269
35330406|10018270
35330407|10018271
35330408|10018768
35330409|10042808
35330410|10042851
35330411|10044125
35330412|35330412
35330413|10044127
35330414|10048424
35330415|10048435
35330416|10008414
35330417|35330417
35330418|35330418
35330419|10010379
35330420|10032562
35330421|10048604
35330422|35330422
35330423|35330423
35330424|10003649
35330425|35330425
35330426|35330426
35330427|10014151
35330428|10015720
35330429|10048597
35330430|35330430
35330431|35330431
35330432|10002610
35330433|10065375
35330434|35330434
35330435|10066126
35330436|10050835
35330437|35330437
35330438|10002625
35330439|10010309
35330440|10010355
35330441|10010483
35330442|10046692
35330443|10046693
35330444|10046699
35330445|10046700
35330446|35330446
35330447|35330447
35330448|10049094
35330449|35330449
35330450|35330450
35330451|10029980
35330452|35330452
35330453|35330453
35330454|35330454
35330455|35330455
35330456|35330456
35330457|10022846
35330458|35330458
35330459|10036369
35330460|35330460
35330461|10010662
35330462|10045709
35330463|35330463
35330464|10046581
35330465|35330465
35330466|35330466
35330467|10008917
35330468|35330468
35330469|10060885
35330470|10066200
35330471|35330471
35330472|35330472
35330473|10011771
35330474|10011772
35330475|10023433
35330476|10027102
35330477|10027103
35330478|10027104
35330479|10032607
35330480|10036045
35330481|10036046
35330482|10036047
35330483|10036048
35330484|10046327
35330485|10066248
35330486|10068374
35330487|35330487
35330488|35330488
35330489|35330489
35330490|10060740
35330491|10060741
35330492|35330492
35330493|35330493
35330494|10010622
35330495|35330495
35330496|35330496
35330497|10067147
35330498|10011871
35330499|35330499
35330500|10052606
35330501|10013870
35330502|35330502
35330503|10010606
35330504|35330504
35330505|10032573
35330506|10065572
35330507|10065574
35330508|35330508
35330509|35330509
35330510|35330510
35330511|10051754
35330512|35330512
35330513|35330513
35330514|10010609
35330515|10038354
35330516|10038355
35330517|10038356
35330518|10038432
35330519|35330519
35330520|10007872
35330521|10010610
35330522|35330522
35330523|10020393
35330524|35330524
35330525|35330525
35330526|10065937
35330527|10051001
35330528|35330528
35330529|35330529
35330530|10049937
35330531|10068806
35330532|10010659
35330533|10032588
35330534|35330534
35330535|35330535
35330536|35330536
35330537|10013871
35330538|10046380
35330539|35330539
35330540|35330540
35330541|35330541
35330542|10041449
35330543|10029422
35330544|35330544
35330545|10002594
35330546|10010470
35330547|10014541
35330548|10031819
35330549|10045700
35330550|35330550
35330551|10002589
35330552|10002590
35330553|35330553
35330554|10014540
35330555|10031812
35330556|10045695
35330557|35330557
35330558|10002600
35330559|10010585
35330560|35330560
35330561|10004550
35330562|10004551
35330563|10010310
35330564|10010311
35330565|10010312
35330566|10010313
35330567|10010314
35330568|10010315
35330569|10010664
35330570|10010665
35330571|10012770
35330572|10013615
35330573|10031838
35330574|35330574
35330575|10062606
35330576|35330576
35330577|35330577
35330578|35330578
35330579|10068328
35330580|35330580
35330581|10042173
35330582|10016409
35330583|35330583
35330584|35330584
35330585|35330585
35330586|35330586
35330587|10042239
35330588|35330588
35330589|35330589
35330590|35330590
35330591|35330591
35330592|35330592
35330593|35330593
35330594|35330594
35330595|35330595
35330596|10025500
35330597|10025501
35330598|10043294
35330599|10043295
35330600|10045505
35330601|10045506
35330602|10056600
35330603|10059170
35330604|35330604
35330605|10009166
35330606|10010505
35330607|10014644
35330608|35330608
35330609|10020490
35330610|10020496
35330611|10020502
35330612|10032926
35330613|10048641
35330614|10060777
35330615|35330615
35330616|10021094
35330617|35330617
35330618|10067290
35330619|10067291
35330620|35330620
35330621|10033890
35330622|35330622
35330623|10038230
35330624|10038232
35330625|10043855
35330626|10025515
35330627|10034055
35330628|35330628
35330629|10038289
35330630|10043336
35330631|35330631
35330632|10057861
35330633|35330633
35330634|10066836
35330635|35330635
35330636|35330636
35330637|10063656
35330638|10043319
35330639|10054657
35330640|35330640
35330641|35330641
35330642|35330642
35330643|10010345
35330644|10010482
35330645|10018159
35330646|10032570
35330647|10045702
35330648|35330648
35330649|10001904
35330650|35330650
35330651|35330651
35330652|35330652
35330653|10059818
35330654|10021702
35330655|35330655
35330656|10037125
35330657|35330657
35330658|10054731
35330659|10002592
35330660|10010437
35330661|35330661
35330662|35330662
35330663|35330663
35330664|10012715
35330665|10012705
35330666|35330666
35330667|10048833
35330668|35330668
35330669|35330669
35330670|10010638
35330671|35330671
35330672|10067137
35330673|35330673
35330674|35330674
35330675|10047873
35330676|35330676
35330677|35330677
35330678|35330678
35330679|35330679
35330680|10010653
35330681|10044301
35330682|35330682
35330683|10044311
35330684|10044317
35330685|10055454
35330686|10010560
35330687|10031828
35330688|35330688
35330689|35330689
35330690|35330690
35330691|10010591
35330692|10032580
35330693|35330693
35330694|35330694
35330695|10051546
35330696|10063064
35330697|35330697
35330698|35330698
35330699|35330699
35330700|35330700
35330701|10011773
35330702|10060830
35330703|35330703
35330704|35330704
35330705|10035674
35330706|10035726
35330707|35330707
35330708|10011764
35330709|10011767
35330710|10011768
35330711|10028141
35330712|35330712
35330713|10068288
35330714|10037312
35330715|35330715
35330716|10001479
35330717|35330717
35330718|10010360
35330719|10010534
35330720|10010584
35330721|10031826
35330722|35330722
35330723|35330723
35330724|35330724
35330725|10002606
35330726|10002623
35330727|10010350
35330728|10010614
35330729|10031823
35330730|10032581
35330731|10038677
35330732|35330732
35330733|10038734
35330734|10045705
35330735|35330735
35330736|10010490
35330737|10041451
35330738|35330738
35330739|35330739
35330740|10020866
35330741|10068635
35330742|10068636
35330743|35330743
35330744|35330744
35330745|10028695
35330746|10041454
35330747|35330747
35330748|10000175
35330749|10040679
35330750|35330750
35330751|10000597
35330752|10014903
35330753|35330753
35330754|10004151
35330755|35330755
35330756|10004264
35330757|35330757
35330758|10016203
35330759|10019029
35330760|35330760
35330761|10004949
35330762|35330762
35330763|10010624
35330764|35330764
35330765|35330765
35330766|10010533
35330767|10024603
35330768|10044095
35330769|10049286
35330770|10053432
35330771|35330771
35330772|10053858
35330773|10053859
35330774|10053860
35330775|35330775
35330776|10024517
35330777|10027159
35330778|10047979
35330779|10027815
35330780|35330780
35330781|10067250
35330782|10010592
35330783|35330783
35330784|35330784
35330785|10052510
35330786|35330786
35330787|10012496
35330788|10012497
35330789|35330789
35330790|35330790
35330791|10012523
35330792|10058635
35330793|35330793
35330794|35330794
35330795|35330795
35330796|35330796
35330797|10019162
35330798|35330798
35330799|35330799
35330800|10019887
35330801|10020023
35330802|10031132
35330803|10038554
35330804|10006562
35330805|35330805
35330806|10010511
35330807|10014990
35330808|35330808
35330809|10021200
35330810|10021201
35330811|10021202
35330812|10021204
35330813|10023686
35330814|10048063
35330815|10048387
35330816|35330816
35330817|10011860
35330818|35330818
35330819|35330819
35330820|35330820
35330821|10036196
35330822|10036197
35330823|10039429
35330824|10062800
35330825|35330825
35330826|10067195
35330827|10067196
35330828|10029389
35330829|35330829
35330830|35330830
35330831|35330831
35330832|35330832
35330833|10051755
35330834|10054001
35330835|35330835
35330836|10054038
35330837|35330837
35330838|10029386
35330839|10029387
35330840|35330840
35330841|10062806
35330842|35330842
35330843|10010354
35330844|10032582
35330845|10032585
35330846|10032593
35330847|35330847
35330848|10045706
35330849|35330849
35330850|10043188
35330851|10043191
35330852|35330852
35330853|35330853
35400000|10013993
35402079|10027667
35402080|10010449
35402081|10015732
35402082|10019243
35402083|10022396
35402084|10027584
35402588|10027666
35402589|10010450
35402590|10010460
35402591|10027672
35402592|10015734
35402593|10052527
35402594|10011879
35402595|10052526
35402596|10023566
35402597|10052528
35402598|10022398
35402599|10047408
35402600|10015542
35402601|10026895
35402602|10027687
35402603|10027586
35402604|10013372
35406300|10052241
35406301|10003794
35406302|10069051
35406303|10008642
35406304|10008660
35406305|10052135
35406306|10052136
35406307|10052137
35406308|10014004
35406309|10014009
35406310|10014011
35406311|10067046
35406312|10068630
35406313|10057347
35406314|10061830
35406315|10057446
35406316|10055016
35406317|10055017
35406318|10057475
35406319|10014020
35406320|10052138
35406321|10014027
35406322|10057272
35406323|10055100
35406324|10033101
35406325|10033109
35406326|10054956
35406327|10048312
35406328|10003797
35406329|10057445
35406330|10003800
35406331|10050337
35406332|10056319
35406333|10061829
35406334|10013998
35406335|10013999
35406336|10014002
35406337|10015689
35406338|10061456
35406339|10065785
35406340|10023269
35406341|10023371
35406342|10000295
35406343|10003799
35406344|10014014
35406345|10015729
35406346|10065837
35406347|10019959
35406348|10063491
35406349|10033072
35406350|10065179
35406351|10033076
35406352|10052557
35406353|10065178
35406354|10068150
35406355|10048827
35406356|10013032
35406357|10049712
35406358|10010280
35406359|10011878
35406360|10052556
35406361|10011891
35406362|10011893
35406363|10011894
35406364|10011900
35406365|10011903
35406366|10048812
35406367|10064140
35406368|10019245
35406369|10048865
35406370|10027757
35406371|10067587
35406372|10036626
35406373|10061373
35406374|10003789
35406375|10020559
35406376|10063559
35406377|10056454
35406378|10049934
35406379|10061524
35406380|10023563
35406381|10027183
35406382|10047386
35406383|10065996
35406384|10058460
35406385|10065174
35406386|10066966
35406387|10023567
35406388|10047466
35406389|10056667
35406390|10027990
35406391|10043882
35406392|10047340
35406393|10047344
35406394|10047348
35406395|10047385
35406396|10068101
35406397|10063162
35406398|10000523
35406399|10047409
35406400|10062177
35406401|10047393
35406402|10061462
35406403|10015543
35406404|10015544
35406405|10015546
35406406|10067764
35406407|10051666
35406408|10061276
35406409|10061277
35406410|10069008
35406411|10051069
35406412|10026900
35406413|10028108
35406414|10004129
35406415|10004292
35406416|10008649
35406417|10063013
35406418|10061267
35406419|10027582
35406420|10061290
35406421|10062545
35406422|10061327
35406423|10033103
35406424|10061557
35406425|10063095
35406426|10065838
35406427|10061302
35406428|10028659
35406429|10033078
35406430|10033079
35406431|10065176
35406432|10033081
35406433|10065175
35406434|10067322
35406435|10033083
35406436|10033085
35406437|10065177
35406438|10033102
35406439|10034762
35406440|10045208
35406441|10062218
35406442|10052154
35406443|10045210
35406444|10063604
35406445|10045218
35430854|35430854
35430855|35430855
35430856|10014022
35430857|10050579
35430858|35430858
35430859|35430859
35430860|10008643
35430861|10008644
35430862|10008645
35430863|10008646
35430864|10008647
35430865|10008648
35430866|10012810
35430867|10018677
35430868|10038112
35430869|35430869
35430870|35430870
35430871|10052439
35430872|35430872
35430873|10014008
35430874|10016345
35430875|10039995
35430876|10040004
35430877|10045211
35430878|35430878
35430879|10058689
35430880|10063963
35430881|10012162
35430882|10013214
35430883|35430883
35430884|10014005
35430885|10031954
35430886|10031955
35430887|10032637
35430888|10032661
35430889|10045780
35430890|10048505
35430891|10005113
35430892|35430892
35430893|10055244
35430894|35430894
35430895|10014012
35430896|10033071
35430897|35430897
35430898|35430898
35430899|35430899
35430900|10052750
35430901|35430901
35430902|35430902
35430903|35430903
35430904|10059678
35430905|35430905
35430906|35430906
35430907|10013992
35430908|35430908
35430909|10014037
35430910|10031304
35430911|10031305
35430912|10033098
35430913|10033393
35430914|10033423
35430915|10038237
35430916|35430916
35430917|35430917
35430918|10044795
35430919|10044796
35430920|10044797
35430921|10044798
35430922|10044799
35430923|10044800
35430924|10044801
35430925|10044802
35430926|35430926
35430927|35430927
35430928|10008171
35430929|10014003
35430930|10032366
35430931|10033099
35430932|10033100
35430933|35430933
35430934|35430934
35430935|10044228
35430936|35430936
35430937|35430937
35430938|35430938
35430939|10003798
35430940|10019435
35430941|35430941
35430942|35430942
35430943|35430943
35430944|10042681
35430945|10042705
35430946|10014028
35430947|10021511
35430948|10021513
35430949|10047852
35430950|35430950
35430951|10067710
35430952|35430952
35430953|10000576
35430954|10000577
35430955|10000580
35430956|10013997
35430957|35430957
35430958|10000578
35430959|35430959
35430960|10000579
35430961|35430961
35430962|10000536
35430963|10007824
35430964|35430964
35430965|35430965
35430966|10063533
35430967|10013247
35430968|10013306
35430969|10015731
35430970|10029638
35430971|10031931
35430972|10031959
35430973|10032309
35430974|10045782
35430975|35430975
35430976|35430976
35430977|35430977
35430978|35430978
35430979|35430979
35430980|10005917
35430981|10005918
35430982|10000999
35430983|35430983
35430984|10008722
35430985|10009101
35430986|10034502
35430987|10034503
35430988|35430988
35430989|10014015
35430990|10021772
35430991|35430991
35430992|10015730
35430993|35430993
35430994|35430994
35430995|10018140
35430996|10018141
35430997|10019985
35430998|10033077
35430999|10037834
35431000|35431000
35431001|10000810
35431002|10001090
35431003|10004572
35431004|10015735
35431005|10021853
35431006|10021919
35431007|10021920
35431008|10024112
35431009|10026661
35431010|10031465
35431011|10031468
35431012|10031739
35431013|10031744
35431014|10032365
35431015|35431015
35431016|10033073
35431017|10033075
35431018|10039158
35431019|10052558
35431020|35431020
35431021|10007151
35431022|35431022
35431023|10009010
35431024|10033074
35431025|35431025
35431026|35431026
35431027|35431027
35431028|35431028
35431029|35431029
35431030|35431030
35431031|10060736
35431032|35431032
35431033|10010281
35431034|10010282
35431035|10010283
35431036|10010284
35431037|10010285
35431038|10010286
35431039|10010287
35431040|10010288
35431041|10011881
35431042|10011887
35431043|10011888
35431044|10052555
35431045|10056373
35431046|10011874
35431047|35431047
35431048|10011892
35431049|10019246
35431050|10020066
35431051|10024913
35431052|10029439
35431053|10032731
35431054|10032733
35431055|10045726
35431056|10045900
35431057|10048502
35431058|10048934
35431059|10067879
35431060|10011880
35431061|35431061
35431062|10057844
35431063|10007933
35431064|10009831
35431065|10009832
35431066|10009833
35431067|10011885
35431068|10011889
35431069|10011890
35431070|35431070
35431071|10020084
35431072|10029178
35431073|10029221
35431074|10029222
35431075|10029253
35431076|10034375
35431077|10040015
35431078|10040016
35431079|10040017
35431080|10040018
35431081|10040029
35431082|10005931
35431083|10011884
35431084|35431084
35431085|35431085
35431086|10011895
35431087|10011896
35431088|10034076
35431089|10034692
35431090|10044109
35431091|10011897
35431092|10011899
35431093|35431093
35431094|10011901
35431095|10011902
35431096|10034095
35431097|10044122
35431098|10044392
35431099|10044431
35431100|10055746
35431101|10000528
35431102|10000529
35431103|35431103
35431104|10011904
35431105|10011905
35431106|10029497
35431107|10029498
35431108|10029499
35431109|10029500
35431110|10044519
35431111|10011886
35431112|10011898
35431113|35431113
35431114|10057845
35431115|35431115
35431116|10000116
35431117|10003778
35431118|10003779
35431119|10003780
35431120|35431120
35431121|10021526
35431122|10031431
35431123|10048394
35431124|10003787
35431125|10019241
35431126|10019247
35431127|10020935
35431128|10028144
35431129|10048026
35431130|35431130
35431131|10048876
35431132|10050010
35431133|10050564
35431134|10027752
35431135|10027753
35431136|35431136
35431137|10065931
35431138|35431138
35431139|10011883
35431140|10036625
35431141|35431141
35431142|10036627
35431143|10039963
35431144|10039985
35431145|10042438
35431146|10050267
35431147|35431147
35431148|10065027
35431149|10065028
35431150|35431150
35431151|10003786
35431152|10019240
35431153|35431153
35431154|10033520
35431155|35431155
35431156|35431156
35431157|10066787
35431158|35431158
35431159|10049944
35431160|10063899
35431161|10013232
35431162|10020556
35431163|10020557
35431164|10020931
35431165|10020932
35431166|10023558
35431167|10023559
35431168|10023560
35431169|10023561
35431170|10023562
35431171|10024868
35431172|10024869
35431173|10031972
35431174|10032057
35431175|10046230
35431176|10048577
35431177|10048578
35431178|10049276
35431179|35431179
35431180|35431180
35431181|10023564
35431182|10023565
35431183|10033115
35431184|10039240
35431185|10039952
35431186|10000640
35431187|10000641
35431188|10000642
35431189|10021575
35431190|35431190
35431191|10027184
35431192|10027185
35431193|10042823
35431194|10048390
35431195|10013285
35431196|10047383
35431197|35431197
35431198|10047387
35431199|10047388
35431200|10063163
35431201|35431201
35431202|35431202
35431203|10042586
35431204|35431204
35431205|35431205
35431206|10000816
35431207|10021964
35431208|35431208
35431209|10009205
35431210|35431210
35431211|10023568
35431212|10023569
35431213|10023570
35431214|10040112
35431215|10049420
35431216|10059398
35431217|10059400
35431218|35431218
35431219|35431219
35431220|10001532
35431221|10007215
35431222|35431222
35431223|10039773
35431224|10039774
35431225|10044548
35431226|10044549
35431227|10064924
35431228|10001483
35431229|10013996
35431230|10014000
35431231|10014001
35431232|10014010
35431233|10014018
35431234|10014023
35431235|10014024
35431236|10029501
35431237|10029886
35431238|10039183
35431239|10042398
35431240|35431240
35431241|10043883
35431242|10043884
35431243|10048029
35431244|10064630
35431245|10019201
35431246|10019202
35431247|10019203
35431248|10031615
35431249|10032379
35431250|10034641
35431251|10039213
35431252|10041618
35431253|10041619
35431254|10047338
35431255|10047339
35431256|35431256
35431257|10047341
35431258|10047342
35431259|10047345
35431260|10047346
35431261|10047349
35431262|10058708
35431263|10059614
35431264|10066744
35431265|35431265
35431266|10004436
35431267|10004445
35431268|35431268
35431269|10056455
35431270|10056456
35431271|10003595
35431272|35431272
35431273|35431273
35431274|10068108
35431275|35431275
35431276|10000522
35431277|35431277
35431278|10048925
35431279|10022129
35431280|35431280
35431281|10000521
35431282|10013292
35431283|10014320
35431284|10014321
35431285|10014322
35431286|10047410
35431287|10048507
35431288|35431288
35431289|10014980
35431290|10047392
35431291|35431291
35431292|10051781
35431293|10015537
35431294|10015540
35431295|10015541
35431296|10031930
35431297|10031958
35431298|10045867
35431299|35431299
35431300|10013903
35431301|35431301
35431302|10015536
35431303|35431303
35431304|10015891
35431305|10022850
35431306|10029963
35431307|10029964
35431308|10031143
35431309|35431309
35431310|10034163
35431311|35431311
35431312|35431312
35431313|10026893
35431314|10042422
35431315|35431315
35431316|10026894
35431317|10031935
35431318|10031985
35431319|35431319
35431320|35431320
35431321|35431321
35431322|10000855
35431323|10000856
35431324|10000857
35431325|10008997
35431326|10021779
35431327|35431327
35431328|10026901
35431329|10026902
35431330|10032257
35431331|10046004
35431332|10055083
35431333|35431333
35431334|10001432
35431335|35431335
35431336|10004131
35431337|10056341
35431338|35431338
35431339|10004351
35431340|35431340
35431341|35431341
35431342|10063015
35431343|10063016
35431344|10063017
35431345|10025679
35431346|10025731
35431347|10026160
35431348|35431348
35431349|10001281
35431350|10001282
35431351|10001283
35431352|10001287
35431353|10001288
35431354|35431354
35431355|10032262
35431356|10027583
35431357|10031987
35431358|10032640
35431359|10032681
35431360|10045812
35431361|35431361
35431362|10048763
35431363|35431363
35431364|10013095
35431365|10021521
35431366|10021522
35431367|10031144
35431368|10031446
35431369|10034070
35431370|35431370
35431371|10009834
35431372|10016657
35431373|10032367
35431374|35431374
35431375|10033104
35431376|10033105
35431377|10033106
35431378|10033107
35431379|10033108
35431380|10057736
35431381|10060807
35431382|10000655
35431383|10000657
35431384|10000658
35431385|35431385
35431386|35431386
35431387|35431387
35431388|10000935
35431389|10000936
35431390|10009020
35431391|10028660
35431392|10031467
35431393|35431393
35431394|10065587
35431395|10006566
35431396|35431396
35431397|10004573
35431398|10018447
35431399|10027585
35431400|10029564
35431401|10029724
35431402|35431402
35431403|10033084
35431404|10033086
35431405|10033091
35431406|10033092
35431407|10033097
35431408|10039895
35431409|10040113
35431410|10042585
35431411|10046087
35431412|10046177
35431413|10056747
35431414|10066713
35431415|10000877
35431416|10000946
35431417|10000947
35431418|10001063
35431419|10001075
35431420|10001086
35431421|10001087
35431422|10001088
35431423|10001089
35431424|10004574
35431425|10024113
35431426|10029723
35431427|35431427
35431428|10033080
35431429|10033087
35431430|10033088
35431431|10033093
35431432|10033094
35431433|10039159
35431434|10057695
35431435|10057696
35431436|35431436
35431437|10008836
35431438|10009008
35431439|10009009
35431440|10009135
35431441|10009136
35431442|10009149
35431443|10009153
35431444|10031535
35431445|10031742
35431446|10031747
35431447|35431447
35431448|10033082
35431449|10033089
35431450|10033090
35431451|10033095
35431452|10033096
35431453|10045662
35431454|35431454
35431455|35431455
35431456|10068085
35431457|10027962
35431458|35431458
35431459|35431459
35431460|10036396
35431461|10057302
35431462|35431462
35431463|10000742
35431464|10008872
35431465|10015538
35431466|10015539
35431467|10015547
35431468|35431468
35431469|10001001
35431470|10009104
35431471|35431471
35431472|10034763
35431473|10003684
35431474|10003688
35431475|35431475
35431476|10006547
35431477|10032011
35431478|10032012
35431479|10032698
35431480|10045209
35431481|10045834
35431482|35431482
35431483|10066452
35431484|35431484
35431485|10052159
35431486|10054673
35431487|10056692
35431488|10060589
35431489|10063454
35431490|10003741
35431491|10003742
35431492|10007966
35431493|10007967
35431494|10014006
35431495|10026831
35431496|10028240
35431497|10032256
35431498|10034391
35431499|10034424
35431500|10034425
35431501|10044108
35431502|10044463
35431503|35431503
35431504|35431504
35431505|35431505
35431506|10045219
35431507|10045220
35431508|10045221
35431509|10045222
35431510|10045223
35500000|10014698
35502085|10001353
35502086|10012653
35502087|10052547
35502088|10014701
35502089|10018424
35502090|10021112
35502091|10029112
35502092|10033949
35502093|10043739
35502605|10001341
35502606|10001343
35502607|10001354
35502608|10001370
35502609|10001376
35502610|10012655
35502611|10012654
35502612|10062911
35502613|10052548
35502614|10012656
35502615|10012657
35502616|10012658
35502617|10014700
35502618|10036078
35502619|10014691
35502620|10014692
35502621|10013307
35502622|10013322
35502623|10012602
35502624|10020638
35502625|10021001
35502626|10002700
35502627|10002701
35502628|10021109
35502629|10035098
35502630|10036361
35502631|10014157
35502632|10014714
35502633|10028193
35502634|10033773
35502635|10020704
35502636|10021040
35502637|10033944
35502638|10043779
35502639|10043712
35502640|10043740
35502641|10043741
35502642|10043747
35506446|10001630
35506447|10011652
35506448|10011655
35506449|10020562
35506450|10020564
35506451|10020571
35506452|10020610
35506453|10028913
35506454|10036692
35506455|10037113
35506456|10039808
35506457|10001130
35506458|10001324
35506459|10001367
35506460|10001382
35506461|10001389
35506462|10001391
35506463|10020944
35506464|10052381
35506465|10039807
35506466|10042028
35506467|10001331
35506468|10001337
35506469|10001347
35506470|10051255
35506471|10001356
35506472|10001358
35506473|10001360
35506474|10059194
35506475|10001361
35506476|10053235
35506477|10062269
35506478|10051896
35506479|10001371
35506480|10049774
35506481|10001323
35506482|10001326
35506483|10049647
35506484|10055095
35506485|10061588
35506486|10001388
35506487|10004300
35506488|10027451
35506489|10049793
35506490|10029260
35506491|10066595
35506492|10063891
35506493|10061104
35506494|10012671
35506495|10059134
35506496|10060761
35506497|10052093
35506498|10063547
35506499|10054044
35506500|10061815
35506501|10062356
35506502|10053695
35506503|10060734
35506504|10060803
35506505|10012665
35506506|10056340
35506507|10056969
35506508|10056741
35506509|10056742
35506510|10051153
35506511|10012666
35506512|10012643
35506513|10012645
35506514|10012650
35506515|10067018
35506516|10012668
35506517|10012669
35506518|10012672
35506519|10012676
35506520|10012679
35506521|10012680
35506522|10063554
35506523|10007749
35506524|10012646
35506525|10012661
35506526|10012667
35506527|10066786
35506528|10067567
35506529|10012688
35506530|10012689
35506531|10012692
35506532|10055666
35506533|10051447
35506534|10038934
35506535|10061139
35506536|10012660
35506537|10061835
35506538|10068822
35506539|10022530
35506540|10027525
35506541|10038491
35506542|10014695
35506543|10061123
35506544|10063003
35506545|10014717
35506546|10061165
35506547|10061186
35506548|10051161
35506549|10028643
35506550|10052031
35506551|10036072
35506552|10036073
35506553|10064115
35506554|10036074
35506555|10002261
35506556|10068168
35506557|10002787
35506558|10016467
35506559|10018516
35506560|10065597
35506561|10054834
35506562|10058359
35506563|10030247
35506564|10067572
35506565|10052649
35506566|10056656
35506567|10040456
35506568|10063961
35506569|10012205
35506570|10014044
35506571|10015077
35506572|10015078
35506573|10021637
35506574|10058084
35506575|10037146
35506576|10044701
35506577|10001928
35506578|10002659
35506579|10005104
35506580|10013908
35506581|10014838
35506582|10020112
35506583|10065371
35506584|10021010
35506585|10021033
35506586|10027336
35506587|10027339
35506588|10030295
35506589|10033122
35506590|10033165
35506591|10033167
35506592|10033264
35506593|10033266
35506594|10033310
35506595|10067490
35506596|10036049
35506597|10036601
35506598|10047486
35506599|10015532
35506600|10049290
35506601|10018800
35506602|10021011
35506603|10043298
35506604|10043315
35506605|10043318
35506606|10043334
35506607|10052340
35506608|10012596
35506609|10012601
35506610|10012607
35506611|10050197
35506612|10012631
35506613|10018209
35506614|10021664
35506615|10022472
35506616|10022491
35506617|10053247
35506618|10066389
35506619|10028933
35506620|10033660
35506621|10067584
35506622|10067585
35506623|10052097
35506624|10018429
35506625|10018430
35506626|10018475
35506627|10067378
35506628|10020635
35506629|10021014
35506630|10056997
35506631|10052341
35506632|10022489
35506633|10022490
35506634|10060378
35506635|10061211
35506636|10020993
35506637|10020994
35506638|10020997
35506639|10021000
35506640|10021002
35506641|10048803
35506642|10065981
35506643|10054998
35506644|10040576
35506645|10000599
35506646|10018265
35506647|10018746
35506648|10020716
35506649|10020737
35506650|10054033
35506651|10035109
35506652|10013883
35506653|10056438
35506654|10021067
35506655|10021082
35506656|10057213
35506657|10049513
35506658|10036297
35506659|10059594
35506660|10068034
35506661|10063928
35506662|10014567
35506663|10017600
35506664|10062767
35506665|10066781
35506666|10021111
35506667|10063685
35506668|10048675
35506669|10049760
35506670|10051944
35506671|10035092
35506672|10000613
35506673|10011318
35506674|10018758
35506675|10026672
35506676|10049728
35506677|10029556
35506678|10055106
35506679|10051687
35506680|10057838
35506681|10035104
35506682|10061538
35506683|10057316
35506684|10036831
35506685|10036832
35506686|10039893
35506687|10043772
35506688|10002776
35506689|10012599
35506690|10053198
35506691|10036067
35506692|10047837
35506693|10007270
35506694|10014146
35506695|10014148
35506696|10014149
35506697|10014152
35506698|10014153
35506699|10014158
35506700|10061115
35506701|10014163
35506702|10014164
35506703|10014170
35506704|10014171
35506705|10020391
35506706|10020584
35506707|10003069
35506708|10060994
35506709|10004334
35506710|10007275
35506711|10007277
35506712|10007278
35506713|10050110
35506714|10007279
35506715|10055007
35506716|10007280
35506717|10052819
35506718|10007281
35506719|10007282
35506720|10061121
35506721|10061122
35506722|10017852
35506723|10051709
35506724|10018404
35506725|10022498
35506726|10025997
35506727|10068115
35506728|10057270
35506729|10029266
35506730|10052399
35506731|10029341
35506732|10067517
35506733|10068909
35506734|10034800
35506735|10068778
35506736|10051710
35506737|10041329
35506738|10047430
35506739|10061332
35506740|10033790
35506741|10033791
35506742|10020583
35506743|10020586
35506744|10020590
35506745|10020705
35506746|10020707
35506747|10020708
35506748|10020709
35506749|10006956
35506750|10006966
35506751|10021041
35506752|10066390
35506753|10056974
35506754|10043380
35506755|10062623
35506756|10067772
35506757|10033942
35506758|10056548
35506759|10051653
35506760|10059051
35506761|10033963
35506762|10033964
35506763|10033965
35506764|10049046
35506765|10063885
35506766|10051878
35506767|10043778
35506768|10043780
35506769|10043781
35506770|10043782
35506771|10043784
35506772|10006946
35506773|10015549
35506774|10018498
35506775|10024443
35506776|10052485
35506777|10043709
35506778|10056525
35506779|10043720
35506780|10068107
35506781|10064224
35506782|10043742
35506783|10058900
35506784|10043757
35506785|10043774
35506786|10004161
35506787|10060742
35506788|10015683
35506789|10067873
35506790|10020850
35506791|10068828
35506792|10053260
35506793|10043786
35506794|10043788
35506795|10044242
35506796|10059844
35506797|10021114
35506798|10028665
35506799|10060819
35506800|10065306
35506801|10036697
35506802|10039840
35506803|10043289
35506804|10043693
35506805|10004412
35506806|10049723
35506807|10043688
35506808|10066474
35506809|10055107
35506810|10043706
35506811|10043744
35531511|35531511
35531512|35531512
35531513|10011657
35531514|10042798
35531515|10068501
35531516|10011654
35531517|35531517
35531518|10011656
35531519|10027953
35531520|10027954
35531521|35531521
35531522|10020719
35531523|10031867
35531524|10001328
35531525|10001332
35531526|10001333
35531527|10001365
35531528|10020561
35531529|10020563
35531530|35531530
35531531|10020609
35531532|10020720
35531533|10001656
35531534|10001657
35531535|35531535
35531536|35531536
35531537|10020611
35531538|10020612
35531539|35531539
35531540|10036327
35531541|10010758
35531542|35531542
35531543|10037105
35531544|35531544
35531545|10001658
35531546|35531546
35531547|35531547
35531548|10001390
35531549|10013096
35531550|35531550
35531551|10001329
35531552|10003696
35531553|10003697
35531554|10001334
35531555|10001335
35531556|10001336
35531557|10001342
35531558|10001344
35531559|10001366
35531560|35531560
35531561|10001369
35531562|10011172
35531563|10020936
35531564|10020979
35531565|10022460
35531566|10022461
35531567|10031475
35531568|10056485
35531569|35531569
35531570|10035080
35531571|10042605
35531572|10001133
35531573|10001346
35531574|10001381
35531575|35531575
35531576|10011393
35531577|10011394
35531578|35531578
35531579|35531579
35531580|10053988
35531581|10053989
35531582|10060379
35531583|10060388
35531584|10036696
35531585|35531585
35531586|35531586
35531587|10052382
35531588|10011173
35531589|35531589
35531590|10042797
35531591|10048011
35531592|35531592
35531593|10013955
35531594|35531594
35531595|10001345
35531596|10028852
35531597|10028853
35531598|10001330
35531599|10001340
35531600|35531600
35531601|10001348
35531602|10013186
35531603|10013293
35531604|10013900
35531605|10032649
35531606|10045767
35531607|10045839
35531608|35531608
35531609|35531609
35531610|10022130
35531611|10022131
35531612|35531612
35531613|10044768
35531614|10044769
35531615|10044770
35531616|10044771
35531617|10044772
35531618|10044773
35531619|10044774
35531620|10044775
35531621|10001359
35531622|35531622
35531623|35531623
35531624|10059201
35531625|35531625
35531626|10001362
35531627|10001363
35531628|10001364
35531629|10019526
35531630|10055799
35531631|35531631
35531632|35531632
35531633|35531633
35531634|35531634
35531635|10027106
35531636|35531636
35531637|10001232
35531638|35531638
35531639|10056950
35531640|35531640
35531641|10001327
35531642|10007285
35531643|10025696
35531644|10026520
35531645|10055076
35531646|35531646
35531647|35531647
35531648|10001375
35531649|10028981
35531650|10029003
35531651|10029081
35531652|35531652
35531653|10068763
35531654|35531654
35531655|10002223
35531656|10012788
35531657|10004235
35531658|35531658
35531659|10004409
35531660|10064491
35531661|10001374
35531662|35531662
35531663|10039847
35531664|10039870
35531665|35531665
35531666|35531666
35531667|10029261
35531668|35531668
35531669|35531669
35531670|10012636
35531671|10012639
35531672|10012640
35531673|10012652
35531674|10045234
35531675|10045237
35531676|10045248
35531677|10045251
35531678|35531678
35531679|10065382
35531680|10000488
35531681|10012622
35531682|10012632
35531683|10012642
35531684|35531684
35531685|10012673
35531686|10023380
35531687|10045230
35531688|10045244
35531689|35531689
35531690|35531690
35531691|35531691
35531692|10052494
35531693|35531693
35531694|10069017
35531695|10041195
35531696|35531696
35531697|10012637
35531698|10012681
35531699|10012684
35531700|10012693
35531701|10045235
35531702|10045249
35531703|10053246
35531704|35531704
35531705|10060691
35531706|10060698
35531707|35531707
35531708|35531708
35531709|10012664
35531710|35531710
35531711|35531711
35531712|35531712
35531713|10049648
35531714|35531714
35531715|10028847
35531716|35531716
35531717|35531717
35531718|35531718
35531719|35531719
35531720|35531720
35531721|35531721
35531722|35531722
35531723|10012682
35531724|10010074
35531725|10012629
35531726|10012635
35531727|35531727
35531728|10012651
35531729|10045233
35531730|10045247
35531731|35531731
35531732|10010076
35531733|10010077
35531734|35531734
35531735|10060578
35531736|10012630
35531737|35531737
35531738|10020695
35531739|10020696
35531740|10029431
35531741|10029646
35531742|10029647
35531743|10045229
35531744|10045243
35531745|35531745
35531746|10060579
35531747|35531747
35531748|35531748
35531749|10012633
35531750|35531750
35531751|10012683
35531752|10012685
35531753|10036113
35531754|10045231
35531755|10045245
35531756|10067547
35531757|10012670
35531758|35531758
35531759|10063555
35531760|35531760
35531761|10012648
35531762|35531762
35531763|10012634
35531764|35531764
35531765|10012662
35531766|10045232
35531767|10045246
35531768|35531768
35531769|35531769
35531770|35531770
35531771|35531771
35531772|10054372
35531773|10057915
35531774|10057934
35531775|10003995
35531776|10003996
35531777|10012675
35531778|10012677
35531779|35531779
35531780|10031676
35531781|10036857
35531782|10038924
35531783|10038925
35531784|10054109
35531785|10055681
35531786|10064824
35531787|10067460
35531788|35531788
35531789|10046853
35531790|10038884
35531791|35531791
35531792|10057381
35531793|10057388
35531794|35531794
35531795|10055332
35531796|10032306
35531797|10032431
35531798|10036858
35531799|35531799
35531800|10057896
35531801|10057918
35531802|35531802
35531803|35531803
35531804|10012638
35531805|10012678
35531806|10012687
35531807|10045236
35531808|10045250
35531809|35531809
35531810|35531810
35531811|10012674
35531812|10012814
35531813|10012816
35531814|35531814
35531815|10029477
35531816|35531816
35531817|10000972
35531818|10028865
35531819|10028876
35531820|10029123
35531821|10033695
35531822|10033699
35531823|10033711
35531824|10038479
35531825|35531825
35531826|10038492
35531827|10038493
35531828|10038494
35531829|10056221
35531830|10013217
35531831|35531831
35531832|10014697
35531833|10032034
35531834|10032035
35531835|10032718
35531836|10045863
35531837|10048509
35531838|10014715
35531839|10031992
35531840|10032685
35531841|10045818
35531842|35531842
35531843|35531843
35531844|10012772
35531845|35531845
35531846|10000203
35531847|10017851
35531848|35531848
35531849|10000204
35531850|10018403
35531851|35531851
35531852|35531852
35531853|10054410
35531854|10014707
35531855|35531855
35531856|10028644
35531857|35531857
35531858|10052035
35531859|35531859
35531860|35531860
35531861|35531861
35531862|10013218
35531863|10031764
35531864|10032858
35531865|10032859
35531866|35531866
35531867|10036075
35531868|10036076
35531869|10036077
35531870|35531870
35531871|10024406
35531872|10065526
35531873|10066268
35531874|10066269
35531875|10066867
35531876|10067734
35531877|10016406
35531878|10016407
35531879|10025514
35531880|35531880
35531881|10068558
35531882|35531882
35531883|10002788
35531884|10016466
35531885|35531885
35531886|10016468
35531887|35531887
35531888|35531888
35531889|35531889
35531890|10054899
35531891|35531891
35531892|10068037
35531893|10015517
35531894|35531894
35531895|10061140
35531896|10061143
35531897|10048729
35531898|35531898
35531899|35531899
35531900|10052659
35531901|10052660
35531902|35531902
35531903|35531903
35531904|10040457
35531905|35531905
35531906|10012180
35531907|35531907
35531908|10016420
35531909|10025521
35531910|35531910
35531911|10001473
35531912|10009665
35531913|35531913
35531914|10015080
35531915|10009666
35531916|10015073
35531917|35531917
35531918|10015081
35531919|10036598
35531920|35531920
35531921|10000359
35531922|10000360
35531923|10014054
35531924|10016419
35531925|10025520
35531926|10026944
35531927|10036520
35531928|10036521
35531929|10036589
35531930|10036612
35531931|10037282
35531932|10040459
35531933|10040460
35531934|35531934
35531935|10058089
35531936|35531936
35531937|35531937
35531938|10000326
35531939|10001927
35531940|35531940
35531941|10001929
35531942|10001930
35531943|10001931
35531944|10001932
35531945|10027319
35531946|10036302
35531947|10036672
35531948|10039809
35531949|10039810
35531950|10062835
35531951|10062836
35531952|10062837
35531953|10002655
35531954|10002658
35531955|35531955
35531956|10033311
35531957|10033313
35531958|10065296
35531959|10002656
35531960|35531960
35531961|10002657
35531962|35531962
35531963|10009309
35531964|35531964
35531965|10014845
35531966|10020886
35531967|10056881
35531968|10019052
35531969|10020111
35531970|35531970
35531971|10067854
35531972|35531972
35531973|35531973
35531974|10021032
35531975|35531975
35531976|10024462
35531977|10024647
35531978|10060719
35531979|10060728
35531980|10012204
35531981|10024008
35531982|10027315
35531983|10027320
35531984|35531984
35531985|10022991
35531986|10022992
35531987|10022993
35531988|10027317
35531989|10027333
35531990|35531990
35531991|10027316
35531992|10030294
35531993|35531993
35531994|10030296
35531995|10030297
35531996|10030298
35531997|10039578
35531998|10050352
35531999|10062849
35532000|10062850
35532001|10000532
35532002|10003716
35532003|35532003
35532004|10020980
35532005|10032369
35532006|35532006
35532007|10033168
35532008|10033169
35532009|10036721
35532010|10052387
35532011|10063159
35532012|10033166
35532013|35532013
35532014|10036325
35532015|10057227
35532016|10020624
35532017|10020689
35532018|10032370
35532019|35532019
35532020|10033265
35532021|35532021
35532022|10064040
35532023|35532023
35532024|35532024
35532025|35532025
35532026|10036050
35532027|10041971
35532028|10065161
35532029|10014045
35532030|10027312
35532031|35532031
35532032|10036602
35532033|10066271
35532034|10002262
35532035|10019907
35532036|10026858
35532037|10026859
35532038|35532038
35532039|10047488
35532040|10056215
35532041|35532041
35532042|10016423
35532043|10016424
35532044|35532044
35532045|10054382
35532046|10006244
35532047|10006245
35532048|10014844
35532049|35532049
35532050|10018801
35532051|10048367
35532052|10055578
35532053|10058697
35532054|35532054
35532055|10043335
35532056|10003711
35532057|10003720
35532058|10031059
35532059|35532059
35532060|10018509
35532061|10020981
35532062|10032988
35532063|35532063
35532064|10043316
35532065|10043320
35532066|10036734
35532067|35532067
35532068|35532068
35532069|35532069
35532070|35532070
35532071|10012597
35532072|10012604
35532073|10012615
35532074|10012616
35532075|10012617
35532076|10012618
35532077|10012594
35532078|35532078
35532079|10012603
35532080|10012605
35532081|10012614
35532082|10012620
35532083|10012621
35532084|10012623
35532085|10012627
35532086|10012628
35532087|10012641
35532088|10048027
35532089|10063634
35532090|10066532
35532091|35532091
35532092|10012610
35532093|10012619
35532094|10012659
35532095|10024858
35532096|10024859
35532097|10063623
35532098|10063624
35532099|35532099
35532100|10050198
35532101|10052627
35532102|10052628
35532103|10052629
35532104|10052630
35532105|35532105
35532106|10012598
35532107|10012606
35532108|10012624
35532109|10012625
35532110|35532110
35532111|10018210
35532112|35532112
35532113|35532113
35532114|35532114
35532115|10049746
35532116|35532116
35532117|35532117
35532118|10066395
35532119|35532119
35532120|35532120
35532121|10006372
35532122|10012595
35532123|10012608
35532124|10012609
35532125|10021211
35532126|10022482
35532127|10022497
35532128|10023253
35532129|10023392
35532130|10045228
35532131|10045238
35532132|35532132
35532133|10012611
35532134|10012612
35532135|10012613
35532136|10026947
35532137|10026948
35532138|10029402
35532139|10029505
35532140|10045242
35532141|10045252
35532142|10045259
35532143|10045260
35532144|35532144
35532145|35532145
35532146|10000137
35532147|10006026
35532148|10008423
35532149|10018426
35532150|35532150
35532151|10024016
35532152|10036481
35532153|10036482
35532154|10042336
35532155|10052426
35532156|10065542
35532157|10000138
35532158|10000139
35532159|10000140
35532160|10000141
35532161|10000142
35532162|10000143
35532163|10000144
35532164|10018422
35532165|35532165
35532166|35532166
35532167|35532167
35532168|10013704
35532169|35532169
35532170|10020636
35532171|10020637
35532172|10020639
35532173|10042216
35532174|10051346
35532175|10060439
35532176|10060487
35532177|10060488
35532178|10060588
35532179|10068938
35532180|10068939
35532181|35532181
35532182|10036427
35532183|10036428
35532184|10054429
35532185|10057240
35532186|10057241
35532187|35532187
35532188|35532188
35532189|35532189
35532190|35532190
35532191|10020643
35532192|35532192
35532193|10020644
35532194|10020645
35532195|10032111
35532196|35532196
35532197|35532197
35532198|10020995
35532199|10020996
35532200|10020998
35532201|10020999
35532202|10021003
35532203|10021005
35532204|10021007
35532205|10021009
35532206|10021090
35532207|10022484
35532208|10022485
35532209|10032760
35532210|10037071
35532211|10037949
35532212|10048374
35532213|10049635
35532214|10054428
35532215|10057214
35532216|10057216
35532217|10059035
35532218|10059038
35532219|10060385
35532220|10060409
35532221|10060490
35532222|10060550
35532223|35532223
35532224|10021006
35532225|10028943
35532226|10028944
35532227|35532227
35532228|10060491
35532229|10010078
35532230|10010079
35532231|35532231
35532232|10021008
35532233|10022481
35532234|35532234
35532235|10060549
35532236|35532236
35532237|10060492
35532238|35532238
35532239|10065982
35532240|35532240
35532241|10021004
35532242|10022492
35532243|35532243
35532244|10040577
35532245|10040578
35532246|10060493
35532247|35532247
35532248|10000600
35532249|10066072
35532250|35532250
35532251|35532251
35532252|35532252
35532253|10020717
35532254|10031527
35532255|10031666
35532256|10035078
35532257|35532257
35532258|10020738
35532259|10020739
35532260|10054417
35532261|35532261
35532262|10011651
35532263|35532263
35532264|10013881
35532265|35532265
35532266|10013884
35532267|10013885
35532268|10028707
35532269|10035083
35532270|10039297
35532271|10018751
35532272|35532272
35532273|10021066
35532274|35532274
35532275|10022466
35532276|10033662
35532277|10035077
35532278|10035084
35532279|10035091
35532280|10035093
35532281|35532281
35532282|10060495
35532283|35532283
35532284|10057217
35532285|35532285
35532286|35532286
35532287|10040537
35532288|10021012
35532289|10053143
35532290|10053144
35532291|10054032
35532292|35532292
35532293|10059597
35532294|35532294
35532295|10068038
35532296|35532296
35532297|10063929
35532298|10063930
35532299|10063931
35532300|35532300
35532301|10016404
35532302|10017592
35532303|10017593
35532304|10017594
35532305|10017595
35532306|10017596
35532307|10017598
35532308|10017599
35532309|35532309
35532310|10017601
35532311|10017602
35532312|10017603
35532313|10023665
35532314|10023666
35532315|10023667
35532316|10023668
35532317|10023669
35532318|10025512
35532319|10062841
35532320|35532320
35532321|35532321
35532322|10013367
35532323|10013368
35532324|35532324
35532325|10021180
35532326|10031665
35532327|10031989
35532328|10032007
35532329|10032008
35532330|10035082
35532331|10045829
35532332|10045830
35532333|10048593
35532334|35532334
35532335|35532335
35532336|10051695
35532337|35532337
35532338|10055316
35532339|10056447
35532340|35532340
35532341|10028877
35532342|35532342
35532343|35532343
35532344|10062370
35532345|35532345
35532346|35532346
35532347|10062451
35532348|10026349
35532349|10026671
35532350|35532350
35532351|10035101
35532352|10035106
35532353|35532353
35532354|35532354
35532355|35532355
35532356|35532356
35532357|35532357
35532358|10029033
35532359|10029073
35532360|10035086
35532361|10035097
35532362|10035102
35532363|35532363
35532364|10035107
35532365|10004382
35532366|10004383
35532367|10035079
35532368|10035094
35532369|10035095
35532370|10035096
35532371|10035100
35532372|10035105
35532373|10057839
35532374|35532374
35532375|35532375
35532376|10057330
35532377|35532377
35532378|35532378
35532379|10018472
35532380|35532380
35532381|35532381
35532382|10001269
35532383|35532383
35532384|10002778
35532385|35532385
35532386|10049518
35532387|10068587
35532388|10068588
35532389|10001270
35532390|10001271
35532391|10021585
35532392|10021586
35532393|10021587
35532394|10021598
35532395|10040626
35532396|10042818
35532397|10042828
35532398|35532398
35532399|10015597
35532400|35532400
35532401|10036068
35532402|10036070
35532403|35532403
35532404|35532404
35532405|10052421
35532406|10052422
35532407|10052423
35532408|35532408
35532409|10014155
35532410|10014156
35532411|35532411
35532412|10014147
35532413|35532413
35532414|10014173
35532415|35532415
35532416|35532416
35532417|10014154
35532418|35532418
35532419|10052388
35532420|10014160
35532421|10014162
35532422|35532422
35532423|35532423
35532424|35532424
35532425|35532425
35532426|35532426
35532427|35532427
35532428|10020389
35532429|10020390
35532430|35532430
35532431|35532431
35532432|10020588
35532433|35532433
35532434|10003070
35532435|10004252
35532436|10004322
35532437|10004359
35532438|10004363
35532439|35532439
35532440|35532440
35532441|10033629
35532442|10003089
35532443|10007271
35532444|35532444
35532445|10007276
35532446|10003015
35532447|10007272
35532448|35532448
35532449|10006916
35532450|10007273
35532451|35532451
35532452|10055434
35532453|10055441
35532454|10055674
35532455|10062389
35532456|35532456
35532457|10062390
35532458|35532458
35532459|10017939
35532460|10062391
35532461|10062426
35532462|35532462
35532463|10055075
35532464|10007274
35532465|35532465
35532466|10036954
35532467|35532467
35532468|10062392
35532469|35532469
35532470|10017769
35532471|10062393
35532472|35532472
35532473|10037342
35532474|10037343
35532475|10014709
35532476|10029020
35532477|10029061
35532478|35532478
35532479|10014708
35532480|10025546
35532481|10025897
35532482|10026202
35532483|10026245
35532484|35532484
35532485|35532485
35532486|10042855
35532487|10048253
35532488|10048281
35532489|35532489
35532490|35532490
35532491|35532491
35532492|35532492
35532493|10026664
35532494|10033630
35532495|10062715
35532496|35532496
35532497|10068118
35532498|35532498
35532499|35532499
35532500|10064025
35532501|35532501
35532502|10062476
35532503|35532503
35532504|35532504
35532505|10067518
35532506|35532506
35532507|10068916
35532508|35532508
35532509|10034801
35532510|10034876
35532511|35532511
35532512|10068779
35532513|35532513
35532514|35532514
35532515|10047318
35532516|35532516
35532517|10029031
35532518|10029071
35532519|10033792
35532520|35532520
35532521|10004301
35532522|10004310
35532523|10004435
35532524|35532524
35532525|10025720
35532526|10025816
35532527|10026665
35532528|35532528
35532529|10006978
35532530|35532530
35532531|10020587
35532532|10048372
35532533|10054403
35532534|35532534
35532535|10029152
35532536|10060402
35532537|10060485
35532538|10006953
35532539|10011511
35532540|10020589
35532541|35532541
35532542|10021229
35532543|35532543
35532544|10020706
35532545|35532545
35532546|10036693
35532547|35532547
35532548|35532548
35532549|35532549
35532550|10006957
35532551|35532551
35532552|35532552
35532553|35532553
35532554|35532554
35532555|10007699
35532556|10018099
35532557|10020951
35532558|10041379
35532559|35532559
35532560|10043381
35532561|10051191
35532562|10051517
35532563|35532563
35532564|10059615
35532565|10060381
35532566|10060425
35532567|10062447
35532568|35532568
35532569|35532569
35532570|10013251
35532571|10013343
35532572|10013905
35532573|10032686
35532574|10033932
35532575|35532575
35532576|10033943
35532577|10033945
35532578|10033967
35532579|10045819
35532580|35532580
35532581|35532581
35532582|35532582
35532583|10059085
35532584|10033962
35532585|35532585
35532586|10033966
35532587|10004376
35532588|10033940
35532589|10033941
35532590|10033958
35532591|10033961
35532592|35532592
35532593|10026325
35532594|35532594
35532595|10008992
35532596|10019166
35532597|10019167
35532598|10025276
35532599|35532599
35532600|35532600
35532601|35532601
35532602|10021183
35532603|35532603
35532604|10043783
35532605|10043785
35532606|10001092
35532607|35532607
35532608|10009150
35532609|10031536
35532610|35532610
35532611|10008875
35532612|10039142
35532613|35532613
35532614|10053985
35532615|10053986
35532616|10053987
35532617|10012410
35532618|10018705
35532619|10042298
35532620|35532620
35532621|10065447
35532622|35532622
35532623|10013370
35532624|35532624
35532625|10013914
35532626|10013915
35532627|10014841
35532628|10018491
35532629|10018493
35532630|10018495
35532631|10018496
35532632|10018497
35532633|35532633
35532634|10018500
35532635|10018501
35532636|10018502
35532637|10029565
35532638|10029566
35532639|10029567
35532640|10029725
35532641|10029726
35532642|10029727
35532643|10029728
35532644|10029729
35532645|10029730
35532646|10029731
35532647|10029732
35532648|10029733
35532649|10040680
35532650|10040681
35532651|10040699
35532652|10043723
35532653|10046055
35532654|10046056
35532655|10049698
35532656|10057655
35532657|10058230
35532658|10058255
35532659|10058256
35532660|10059187
35532661|10059190
35532662|10059286
35532663|10059287
35532664|10064217
35532665|10064221
35532666|10064244
35532667|10066079
35532668|10068848
35532669|10068849
35532670|35532670
35532671|10024444
35532672|10057893
35532673|35532673
35532674|10013274
35532675|10013907
35532676|10032009
35532677|10032010
35532678|10032696
35532679|35532679
35532680|10043710
35532681|10043713
35532682|10043714
35532683|10043715
35532684|10043716
35532685|10043717
35532686|10045832
35532687|10043718
35532688|10043719
35532689|35532689
35532690|10014103
35532691|35532691
35532692|35532692
35532693|10061569
35532694|10061570
35532695|10061572
35532696|10061685
35532697|35532697
35532698|10064226
35532699|10018968
35532700|10019527
35532701|35532701
35532702|35532702
35532703|10033495
35532704|35532704
35532705|35532705
35532706|10044991
35532707|10044992
35532708|10044993
35532709|10044994
35532710|10044995
35532711|10044996
35532712|10044997
35532713|10044998
35532714|35532714
35532715|10013104
35532716|10015679
35532717|10015680
35532718|10018494
35532719|10018706
35532720|10044139
35532721|10044141
35532722|10044142
35532723|10065624
35532724|10068004
35532725|10014702
35532726|10015682
35532727|10015684
35532728|10015686
35532729|10043787
35532730|10057889
35532731|35532731
35532732|10066617
35532733|10006548
35532734|10010773
35532735|35532735
35532736|10015685
35532737|10015687
35532738|10022565
35532739|10032043
35532740|10036905
35532741|10037465
35532742|35532742
35532743|35532743
35532744|10020851
35532745|10043789
35532746|10043790
35532747|10043791
35532748|10043793
35532749|10043794
35532750|10043796
35532751|10043797
35532752|10043798
35532753|10043799
35532754|10043800
35532755|10043801
35532756|10043802
35532757|10043804
35532758|10059243
35532759|10068169
35532760|35532760
35532761|35532761
35532762|10011397
35532763|10043705
35532764|10043773
35532765|35532765
35532766|10043792
35532767|10043795
35532768|10043803
35532769|10044140
35532770|10044143
35532771|10044232
35532772|10044240
35532773|10044254
35532774|35532774
35532775|10043753
35532776|10044231
35532777|10044233
35532778|10044234
35532779|10044239
35532780|10044241
35532781|35532781
35532782|10044243
35532783|10044244
35532784|10044253
35532785|10044255
35532786|10044256
35532787|10044257
35532788|10054036
35532789|10060886
35532790|10063526
35532791|10064046
35532792|10064544
35532793|10064551
35532794|10067073
35532795|10067074
35532796|35532796
35532797|10059845
35532798|10000559
35532799|10000560
35532800|35532800
35532801|10022908
35532802|10028664
35532803|10032115
35532804|10032491
35532805|10043686
35532806|10043727
35532807|10045920
35532808|10055944
35532809|10059244
35532810|10064627
35532811|10028663
35532812|35532812
35532813|10069007
35532814|10069009
35532815|35532815
35532816|10060834
35532817|10021116
35532818|10021117
35532819|10032392
35532820|10036429
35532821|10057242
35532822|35532822
35532823|35532823
35532824|35532824
35532825|10049517
35532826|35532826
35532827|10003721
35532828|35532828
35532829|10043694
35532830|35532830
35532831|10004413
35532832|10004463
35532833|10057321
35532834|35532834
35532835|10001237
35532836|10011753
35532837|35532837
35532838|10043689
35532839|10043690
35532840|10043708
35532841|10060887
35532842|10001205
35532843|35532843
35532844|10003003
35532845|10007461
35532846|10007476
35532847|35532847
35532848|10026535
35532849|10027101
35532850|35532850
35532851|35532851
35532852|10043687
35532853|10043702
35532854|10043703
35532855|10043738
35532856|10043745
35532857|10043758
35532858|10049000
35532859|10065861
35532860|35532860
35532861|35532861
35532862|35532862
35532863|10011748
35532864|35532864
35532865|10043707
35532866|10029099
35532867|10043655
35532868|10043743
35532869|35532869
35532870|10043746
35532871|10043750
35532872|10043751
35532873|10043752
35532874|10063416
35532875|10066913
35532876|10066914
35532877|10068005
35600000|10015919
35602094|10002693
35602095|10010463
35602096|10015917
35602097|10018307
35602098|10047061
35602099|10021877
35602100|10030046
35602101|10030054
35602102|10030061
35602103|10030064
35602104|10042261
35602105|10047060
35602106|10047518
35602643|10002685
35602644|10007772
35602645|10010735
35602646|10011049
35602647|10022952
35602648|10024210
35602649|10024446
35602650|10010366
35602651|10010464
35602652|10010595
35602653|10011004
35602654|10023621
35602655|10030032
35602656|10018325
35602657|10018305
35602658|10002680
35602659|10010728
35602660|10022951
35602661|10024442
35602662|10030031
35602663|10030928
35602664|10002710
35602665|10010722
35602666|10011021
35602667|10022953
35602668|10024445
35602669|10030045
35602670|10030937
35602671|10031049
35602672|10038909
35602673|10039700
35602674|10010724
35602675|10011024
35602676|10030047
35602677|10030060
35602678|10030950
35602679|10042543
35602680|10068206
35602681|10030052
35602682|10030056
35602683|10030053
35602684|10030057
35602685|10015992
35602686|10030059
35602687|10037514
35602688|10030063
35602689|10008776
35602690|10030913
35602691|10031055
35602692|10038896
35602693|10039702
35602694|10042260
35602695|10008775
35602696|10038837
35602697|10038932
35602698|10001910
35602699|10005170
35602700|10005174
35602701|10034069
35602702|10038267
35602703|10047538
35602704|10047541
35602705|10047559
35602706|10047573
35606812|10058664
35606813|10002681
35606814|10061641
35606815|10002683
35606816|10057400
35606817|10016760
35606818|10049511
35606819|10053678
35606820|10068960
35606821|10069091
35606822|10038011
35606823|10066418
35606824|10007739
35606825|10007748
35606826|10007759
35606827|10007764
35606828|10024214
35606829|10037756
35606830|10044135
35606831|10010696
35606832|10052114
35606833|10010705
35606834|10010708
35606835|10010712
35606836|10061446
35606837|10010716
35606838|10069165
35606839|10010717
35606840|10010718
35606841|10053163
35606842|10062276
35606843|10010733
35606844|10064132
35606845|10035060
35606846|10037147
35606847|10037263
35606848|10042339
35606849|10042736
35606850|10047588
35606851|10065058
35606852|10058646
35606853|10057884
35606854|10010984
35606855|10010996
35606856|10011000
35606857|10068144
35606858|10011010
35606859|10011013
35606860|10064489
35606861|10055015
35606862|10011026
35606863|10066968
35606864|10011035
35606865|10011039
35606866|10011040
35606867|10011044
35606868|10052118
35606869|10054760
35606870|10011055
35606871|10052122
35606872|10012532
35606873|10023321
35606874|10023353
35606875|10023361
35606876|10023365
35606877|10053150
35606878|10043286
35606879|10047589
35606880|10048221
35606881|10009181
35606882|10057415
35606883|10068351
35606884|10010983
35606885|10051450
35606886|10022942
35606887|10058357
35606888|10022943
35606889|10022945
35606890|10022948
35606891|10067684
35606892|10053673
35606893|10061254
35606894|10053674
35606895|10049758
35606896|10063694
35606897|10053675
35606898|10053677
35606899|10023482
35606900|10052134
35606901|10064659
35606902|10054045
35606903|10002945
35606904|10016590
35606905|10069090
35606906|10052125
35606907|10066314
35606908|10024203
35606909|10024216
35606910|10036346
35606911|10063938
35606912|10037119
35606913|10048867
35606914|10056511
35606915|10005147
35606916|10005152
35606917|10066006
35606918|10005155
35606919|10011848
35606920|10053990
35606921|10014179
35606922|10061842
35606923|10015552
35606924|10058809
35606925|10058810
35606926|10015982
35606927|10060762
35606928|10064580
35606929|10015997
35606930|10048462
35606931|10023618
35606932|10023627
35606933|10023628
35606934|10023632
35606935|10060869
35606936|10023635
35606937|10023683
35606938|10051235
35606939|10044604
35606940|10052117
35606941|10051559
35606942|10061453
35606943|10011017
35606944|10011022
35606945|10065562
35606946|10013774
35606947|10023350
35606948|10061525
35606949|10023642
35606950|10023644
35606951|10051457
35606952|10052317
35606953|10040633
35606954|10040767
35606955|10048673
35606956|10057375
35606957|10061763
35606958|10064729
35606959|10054716
35606960|10054717
35606961|10015916
35606962|10052139
35606963|10057474
35606964|10015958
35606965|10015967
35606966|10061130
35606967|10059208
35606968|10051627
35606969|10021124
35606970|10061219
35606971|10049724
35606972|10061312
35606973|10052143
35606974|10058117
35606975|10067103
35606976|10057425
35606977|10065121
35606978|10053578
35606979|10057675
35606980|10038853
35606981|10061412
35606982|10047651
35606983|10002500
35606984|10006027
35606985|10018304
35606986|10018330
35606987|10018333
35606988|10057935
35606989|10067013
35606990|10030043
35606991|10030348
35606992|10034798
35606993|10035015
35606994|10020923
35606995|10010719
35606996|10061783
35606997|10051558
35606998|10055665
35606999|10050508
35607000|10057417
35607001|10057418
35607002|10065630
35607003|10061360
35607004|10053196
35607005|10061147
35607006|10015926
35607007|10057571
35607008|10052896
35607009|10034544
35607010|10030919
35607011|10057423
35607012|10057422
35607013|10030924
35607014|10030936
35607015|10030941
35607016|10053781
35607017|10054774
35607018|10052127
35607019|10054765
35607020|10054773
35607021|10021086
35607022|10066366
35607023|10068148
35607024|10067817
35607025|10001257
35607026|10069166
35607027|10051625
35607028|10010725
35607029|10010726
35607030|10010736
35607031|10010741
35607032|10010744
35607033|10061784
35607034|10010745
35607035|10010742
35607036|10010754
35607037|10010755
35607038|10018258
35607039|10049458
35607040|10021629
35607041|10053991
35607042|10067317
35607043|10030861
35607044|10063669
35607045|10062889
35607046|10057380
35607047|10010985
35607048|10062621
35607049|10061788
35607050|10011033
35607051|10011048
35607052|10060833
35607053|10023332
35607054|10062028
35607055|10062353
35607056|10023334
35607057|10023335
35607058|10023339
35607059|10062029
35607060|10023349
35607061|10023370
35607062|10028518
35607063|10034944
35607064|10054777
35607065|10037508
35607066|10064996
35607067|10054775
35607068|10063619
35607069|10052129
35607070|10052119
35607071|10011715
35607072|10056500
35607073|10022557
35607074|10022941
35607075|10022955
35607076|10042742
35607077|10069034
35607078|10046851
35607079|10063618
35607080|10000297
35607081|10056501
35607082|10005148
35607083|10005149
35607084|10008388
35607085|10011841
35607086|10011843
35607087|10011844
35607088|10014194
35607089|10015237
35607090|10015980
35607091|10063692
35607092|10057211
35607093|10015988
35607094|10057385
35607095|10052132
35607096|10015993
35607097|10020377
35607098|10065118
35607099|10023637
35607100|10052123
35607101|10052124
35607102|10027137
35607103|10051209
35607104|10059449
35607105|10055037
35607106|10014801
35607107|10015905
35607108|10015907
35607109|10015915
35607110|10015929
35607111|10015930
35607112|10015932
35607113|10015933
35607114|10015935
35607115|10065180
35607116|10054762
35607117|10015937
35607118|10015938
35607119|10015939
35607120|10015940
35607121|10015943
35607122|10015946
35607123|10052140
35607124|10016674
35607125|10019370
35607126|10062004
35607127|10019958
35607128|10019983
35607129|10063456
35607130|10030041
35607131|10067776
35607132|10065700
35607133|10066926
35607134|10030081
35607135|10030314
35607136|10033683
35607137|10041951
35607138|10044325
35607139|10044819
35607140|10047680
35607141|10029322
35607142|10030942
35607143|10030943
35607144|10007918
35607145|10064915
35607146|10059407
35607147|10052458
35607148|10057182
35607149|10051472
35607150|10034545
35607151|10068612
35607152|10008769
35607153|10008779
35607154|10008792
35607155|10048843
35607156|10068613
35607157|10025415
35607158|10064997
35607159|10063664
35607160|10038886
35607161|10038905
35607162|10038910
35607163|10038912
35607164|10038915
35607165|10044269
35607166|10047646
35607167|10047663
35607168|10052130
35607169|10015084
35607170|10048851
35607171|10067427
35607172|10059096
35607173|10057431
35607174|10039705
35607175|10051126
35607176|10010695
35607177|10030863
35607178|10022120
35607179|10059166
35607180|10064713
35607181|10005185
35607182|10063937
35607183|10057419
35607184|10007766
35607185|10008422
35607186|10055116
35607187|10014856
35607188|10015911
35607189|10061128
35607190|10067683
35607191|10015960
35607192|10015971
35607193|10015973
35607194|10069200
35607195|10017012
35607196|10057413
35607197|10061137
35607198|10057430
35607199|10049267
35607200|10063605
35607201|10057436
35607202|10021281
35607203|10023108
35607204|10047639
35607205|10030938
35607206|10030949
35607207|10042530
35607208|10010703
35607209|10061787
35607210|10022949
35607211|10061260
35607212|10008773
35607213|10066384
35607214|10061252
35607215|10052351
35607216|10063706
35607217|10068117
35607218|10038878
35607219|10004313
35607220|10004315
35607221|10004316
35607222|10004325
35607223|10063707
35607224|10004337
35607225|10004338
35607226|10057424
35607227|10004355
35607228|10004390
35607229|10057885
35607230|10051045
35607231|10067127
35607232|10057428
35607233|10057405
35607234|10057406
35607235|10066925
35607236|10050497
35607237|10057412
35607238|10057408
35607239|10052903
35607240|10061863
35607241|10057416
35607242|10052448
35607243|10053645
35607244|10030953
35607245|10057407
35607246|10038956
35607247|10007368
35607248|10015831
35607249|10022810
35607250|10025839
35607251|10025861
35607252|10025871
35607253|10025910
35607254|10063693
35607255|10026030
35607256|10026031
35607257|10026183
35607258|10026432
35607259|10055099
35607260|10038917
35607261|10038919
35607262|10005159
35607263|10065166
35607264|10061145
35607265|10015995
35607266|10033842
35607267|10037112
35607268|10061010
35607269|10053693
35607270|10053635
35607271|10015829
35607272|10061129
35607273|10065088
35607274|10017065
35607275|10056696
35607276|10020015
35607277|10053644
35607278|10021283
35607279|10054202
35607280|10065836
35607281|10023110
35607282|10067462
35607283|10049567
35607284|10029864
35607285|10063534
35607286|10049168
35607287|10030071
35607288|10030875
35607289|10050122
35607290|10053854
35607291|10066383
35607292|10068097
35607293|10053694
35607294|10042159
35607295|10051526
35607296|10053646
35607297|10047641
35607298|10003093
35607299|10009185
35607300|10011719
35607301|10066373
35607302|10057410
35607303|10020352
35607304|10067271
35607305|10027646
35607306|10028521
35607307|10037515
35607308|10057426
35607309|10037521
35607310|10037532
35607311|10050003
35607312|10037538
35607313|10000173
35607314|10003552
35607315|10010804
35607316|10015964
35607317|10015999
35607318|10051116
35607319|10020939
35607320|10034960
35607321|10008762
35607322|10008766
35607323|10063118
35607324|10008783
35607325|10008785
35607326|10063970
35607327|10008790
35607328|10020478
35607329|10028623
35607330|10038933
35607331|10051218
35607332|10057435
35607333|10047649
35607334|10047650
35607335|10052126
35607336|10063942
35607337|10047658
35607338|10047661
35607339|10069088
35607340|10030910
35607341|10061321
35607342|10030917
35607343|10030923
35607344|10030931
35607345|10033712
35607346|10037141
35607347|10012141
35607348|10015948
35607349|10016013
35607350|10027440
35607351|10031029
35607352|10031037
35607353|10031044
35607354|10031051
35607355|10054881
35607356|10052501
35607357|10025407
35607358|10025409
35607359|10051058
35607360|10025416
35607361|10060815
35607362|10065319
35607363|10063185
35607364|10025425
35607365|10034051
35607366|10038839
35607367|10038845
35607368|10038846
35607369|10038847
35607370|10038848
35607371|10038857
35607372|10064833
35607373|10038891
35607374|10062971
35607375|10038893
35607376|10038894
35607377|10038895
35607378|10038897
35607379|10048955
35607380|10038936
35607381|10061492
35607382|10062958
35607383|10039694
35607384|10061509
35607385|10039696
35607386|10061510
35607387|10057432
35607388|10054763
35607389|10058954
35607390|10065684
35607391|10012369
35607392|10014853
35607393|10061127
35607394|10020392
35607395|10030034
35607396|10068642
35607397|10008786
35607398|10057403
35607399|10060823
35607400|10052486
35607401|10063381
35607402|10047655
35607403|10057429
35607404|10049935
35607405|10065534
35607406|10025420
35607407|10065373
35607408|10064145
35607409|10038826
35607410|10038827
35607411|10038829
35607412|10038830
35607413|10038831
35607414|10038867
35607415|10051742
35607416|10038871
35607417|10038899
35607418|10038901
35607419|10038903
35607420|10062108
35607421|10038907
35607422|10038908
35607423|10053227
35607424|10063452
35607425|10015901
35607426|10065119
35607427|10065311
35607428|10064714
35607429|10038862
35607430|10038923
35607431|10038926
35607432|10038930
35607433|10065622
35607434|10001906
35607435|10001907
35607436|10001912
35607437|10001914
35607438|10038266
35607439|10001902
35607440|10001903
35607441|10005169
35607442|10005177
35607443|10005178
35607444|10005179
35607445|10005184
35607446|10005186
35607447|10029404
35607448|10042441
35607449|10010051
35607450|10047531
35607451|10047532
35607452|10000389
35607453|10053549
35607454|10002534
35607455|10002537
35607456|10059397
35607457|10003569
35607458|10020675
35607459|10051455
35607460|10028651
35607461|10036628
35607462|10038264
35607463|10008585
35607464|10008795
35607465|10051819
35607466|10015290
35607467|10048216
35607468|10063354
35607469|10068906
35607470|10013036
35607471|10067557
35607472|10052128
35607473|10019099
35607474|10064133
35607475|10063341
35607476|10052087
35607477|10034936
35607478|10034962
35607479|10052784
35607480|10039677
35607481|10058009
35607482|10047511
35607483|10047513
35607484|10049155
35607485|10047571
35607486|10019452
35607487|10019455
35607488|10019456
35607489|10039729
35607490|10045178
35607491|10067485
35607492|10047555
35607493|10067348
35607494|10061322
35607495|10061323
35607496|10044245
35607497|10061411
35632878|35632878
35632879|10058718
35632880|35632880
35632881|10012166
35632882|10002682
35632883|10003072
35632884|10005870
35632885|35632885
35632886|35632886
35632887|35632887
35632888|35632888
35632889|10040532
35632890|35632890
35632891|35632891
35632892|10057487
35632893|35632893
35632894|35632894
35632895|35632895
35632896|35632896
35632897|35632897
35632898|10004558
35632899|35632899
35632900|10007740
35632901|10007741
35632902|10007742
35632903|10007743
35632904|10007744
35632905|10007746
35632906|10007753
35632907|10007754
35632908|10007755
35632909|10007756
35632910|10007757
35632911|10007758
35632912|10007761
35632913|10007762
35632914|10007763
35632915|10007767
35632916|10007768
35632917|10007769
35632918|10007770
35632919|10007771
35632920|10007773
35632921|10011171
35632922|10020671
35632923|10021618
35632924|10021753
35632925|10024103
35632926|10028657
35632927|10029663
35632928|10031492
35632929|10031493
35632930|10031713
35632931|10039150
35632932|10039827
35632933|10039960
35632934|10039961
35632935|10043374
35632936|10044105
35632937|10045649
35632938|10051266
35632939|10056192
35632940|10057726
35632941|10065090
35632942|10065321
35632943|35632943
35632944|10011167
35632945|10011170
35632946|10063360
35632947|35632947
35632948|10029813
35632949|10029824
35632950|10039983
35632951|10057735
35632952|10002705
35632953|10002706
35632954|35632954
35632955|10036364
35632956|10036365
35632957|10036366
35632958|10042330
35632959|10057486
35632960|10057701
35632961|10057738
35632962|10012371
35632963|10024208
35632964|10024212
35632965|10024213
35632966|35632966
35632967|10024215
35632968|10030347
35632969|10063940
35632970|10007745
35632971|10007760
35632972|35632972
35632973|10007765
35632974|35632974
35632975|35632975
35632976|10024779
35632977|35632977
35632978|35632978
35632979|10010706
35632980|10010701
35632981|10010707
35632982|35632982
35632983|10010709
35632984|10059789
35632985|10010711
35632986|35632986
35632987|10010713
35632988|10010729
35632989|10013302
35632990|10031953
35632991|10045778
35632992|10051631
35632993|35632993
35632994|35632994
35632995|35632995
35632996|35632996
35632997|10016919
35632998|35632998
35632999|10018696
35633000|35633000
35633001|10010730
35633002|35633002
35633003|35633003
35633004|10010734
35633005|10039591
35633006|10052152
35633007|35633007
35633008|35633008
35633009|10035061
35633010|10035062
35633011|35633011
35633012|10007970
35633013|10013612
35633014|10034614
35633015|10034615
35633016|35633016
35633017|10037265
35633018|10038131
35633019|35633019
35633020|35633020
35633021|35633021
35633022|10047590
35633023|10047591
35633024|10047592
35633025|35633025
35633026|10003082
35633027|35633027
35633028|10058651
35633029|10058652
35633030|10016890
35633031|35633031
35633032|35633032
35633033|10042528
35633034|10006564
35633035|35633035
35633036|10010997
35633037|10010998
35633038|10029475
35633039|10031702
35633040|10031863
35633041|10034569
35633042|10039962
35633043|10003091
35633044|10010993
35633045|10010999
35633046|35633046
35633047|10011041
35633048|10012368
35633049|10031864
35633050|10053703
35633051|10054768
35633052|10054769
35633053|10063697
35633054|10063698
35633055|10063699
35633056|10063700
35633057|10063701
35633058|10052115
35633059|35633059
35633060|35633060
35633061|35633061
35633062|10011014
35633063|10038128
35633064|10011001
35633065|35633065
35633066|35633066
35633067|35633067
35633068|10011027
35633069|10024246
35633070|10001276
35633071|10053152
35633072|35633072
35633073|10067469
35633074|10007965
35633075|10010994
35633076|10011012
35633077|10011018
35633078|35633078
35633079|10011036
35633080|10011038
35633081|10011045
35633082|10027645
35633083|10030346
35633084|10034612
35633085|10042389
35633086|10052116
35633087|10066971
35633088|10067815
35633089|35633089
35633090|10034408
35633091|10002687
35633092|35633092
35633093|10036352
35633094|10042251
35633095|10063739
35633096|10009177
35633097|35633097
35633098|10039582
35633099|35633099
35633100|35633100
35633101|35633101
35633102|10011056
35633103|35633103
35633104|10052155
35633105|35633105
35633106|10039299
35633107|35633107
35633108|35633108
35633109|10023354
35633110|10023355
35633111|10023356
35633112|35633112
35633113|10023362
35633114|10047595
35633115|10004086
35633116|10004088
35633117|35633117
35633118|10023366
35633119|10023367
35633120|10024276
35633121|35633121
35633122|35633122
35633123|35633123
35633124|10047593
35633125|10047594
35633126|10047597
35633127|10010740
35633128|35633128
35633129|35633129
35633130|10012167
35633131|35633131
35633132|35633132
35633133|35633133
35633134|35633134
35633135|10053676
35633136|35633136
35633137|35633137
35633138|35633138
35633139|10001279
35633140|10001280
35633141|10001284
35633142|10002707
35633143|10018557
35633144|35633144
35633145|10036367
35633146|10042770
35633147|10062785
35633148|10065625
35633149|10012155
35633150|10012161
35633151|10015492
35633152|35633152
35633153|10027648
35633154|10032174
35633155|10035016
35633156|10053701
35633157|10057914
35633158|35633158
35633159|35633159
35633160|10013313
35633161|10022950
35633162|10031970
35633163|10045794
35633164|35633164
35633165|10068847
35633166|35633166
35633167|35633167
35633168|35633168
35633169|35633169
35633170|35633170
35633171|35633171
35633172|35633172
35633173|35633173
35633174|35633174
35633175|10064972
35633176|10069079
35633177|35633177
35633178|10002946
35633179|35633179
35633180|10016593
35633181|35633181
35633182|35633182
35633183|10052156
35633184|10065685
35633185|10065686
35633186|10068153
35633187|10069095
35633188|35633188
35633189|10067456
35633190|10067457
35633191|10067458
35633192|10067461
35633193|10068228
35633194|10002689
35633195|10013152
35633196|35633196
35633197|10036353
35633198|10042408
35633199|10065979
35633200|35633200
35633201|10035012
35633202|10035024
35633203|10051745
35633204|10001465
35633205|10001466
35633206|10001467
35633207|10031482
35633208|35633208
35633209|10041284
35633210|10058011
35633211|10063939
35633212|10063965
35633213|10069155
35633214|35633214
35633215|10063941
35633216|35633216
35633217|35633217
35633218|35633218
35633219|10056541
35633220|35633220
35633221|35633221
35633222|10015990
35633223|35633223
35633224|35633224
35633225|35633225
35633226|10005275
35633227|10023622
35633228|10023623
35633229|10023626
35633230|10041973
35633231|10041986
35633232|10041987
35633233|10041988
35633234|10041990
35633235|35633235
35633236|10009173
35633237|35633237
35633238|10014180
35633239|10014183
35633240|10015892
35633241|10027047
35633242|10039976
35633243|10041410
35633244|10009174
35633245|10014922
35633246|10014924
35633247|10014926
35633248|10027048
35633249|10039977
35633250|10041411
35633251|35633251
35633252|35633252
35633253|10015977
35633254|35633254
35633255|10058812
35633256|35633256
35633257|10064122
35633258|35633258
35633259|10012168
35633260|10012170
35633261|35633261
35633262|10031889
35633263|35633263
35633264|10060763
35633265|10015998
35633266|10052141
35633267|35633267
35633268|35633268
35633269|35633269
35633270|35633270
35633271|10036703
35633272|10039846
35633273|35633273
35633274|10028785
35633275|35633275
35633276|10008865
35633277|35633277
35633278|10023634
35633279|35633279
35633280|10018697
35633281|35633281
35633282|10009175
35633283|35633283
35633284|10023684
35633285|10027049
35633286|10015976
35633287|10024863
35633288|35633288
35633289|35633289
35633290|10044605
35633291|10056498
35633292|35633292
35633293|35633293
35633294|10008404
35633295|10010995
35633296|10011002
35633297|10011003
35633298|10011006
35633299|10011011
35633300|10011029
35633301|10011030
35633302|10011046
35633303|10012526
35633304|10013209
35633305|10016891
35633306|10031862
35633307|10031865
35633308|10031866
35633309|10034979
35633310|10045712
35633311|10048501
35633312|10058000
35633313|35633313
35633314|10066970
35633315|35633315
35633316|35633316
35633317|35633317
35633318|35633318
35633319|10013775
35633320|10013778
35633321|10013792
35633322|10013795
35633323|10015921
35633324|10016004
35633325|10048422
35633326|10013777
35633327|35633327
35633328|10023351
35633329|10060861
35633330|10011849
35633331|10013177
35633332|10013233
35633333|10013315
35633334|10023620
35633335|10023629
35633336|10023630
35633337|10023631
35633338|10023640
35633339|10023641
35633340|35633340
35633341|10031727
35633342|10031728
35633343|10031934
35633344|10031973
35633345|10031974
35633346|10043164
35633347|10045800
35633348|35633348
35633349|35633349
35633350|10023645
35633351|10038212
35633352|10038215
35633353|10043166
35633354|10043170
35633355|10015068
35633356|10015069
35633357|10015070
35633358|10015071
35633359|10015591
35633360|10016015
35633361|10023639
35633362|35633362
35633363|10043171
35633364|10043172
35633365|10047848
35633366|35633366
35633367|35633367
35633368|35633368
35633369|10042844
35633370|10018626
35633371|10040765
35633372|10040766
35633373|35633373
35633374|10042846
35633375|10059142
35633376|35633376
35633377|10055540
35633378|35633378
35633379|10008764
35633380|10008765
35633381|10031949
35633382|10045776
35633383|35633383
35633384|35633384
35633385|10013245
35633386|10013365
35633387|10031966
35633388|10045790
35633389|35633389
35633390|10013366
35633391|10031040
35633392|10032360
35633393|10032361
35633394|10045817
35633395|35633395
35633396|10013221
35633397|10013244
35633398|10015903
35633399|10015904
35633400|35633400
35633401|10015918
35633402|10030874
35633403|10031933
35633404|10031960
35633405|10032119
35633406|10032663
35633407|10045783
35633408|10045784
35633409|10048513
35633410|10048514
35633411|35633411
35633412|10054378
35633413|35633413
35633414|10000446
35633415|10015906
35633416|35633416
35633417|10015959
35633418|10015961
35633419|10015968
35633420|10015974
35633421|10016012
35633422|10030065
35633423|10031053
35633424|10033381
35633425|10033397
35633426|10033426
35633427|10033448
35633428|10033516
35633429|10034546
35633430|10041356
35633431|10041357
35633432|10041361
35633433|10041372
35633434|10042068
35633435|10043228
35633436|10050741
35633437|10061083
35633438|10065571
35633439|10065576
35633440|10067261
35633441|35633441
35633442|10016014
35633443|10042708
35633444|10042719
35633445|10056647
35633446|10015983
35633447|10031932
35633448|10031961
35633449|10031962
35633450|10045786
35633451|35633451
35633452|10058549
35633453|35633453
35633454|10016001
35633455|35633455
35633456|10021123
35633457|35633457
35633458|10021125
35633459|10036698
35633460|10024204
35633461|10031981
35633462|35633462
35633463|35633463
35633464|10000150
35633465|10029302
35633466|10032464
35633467|35633467
35633468|10013085
35633469|10013091
35633470|10047540
35633471|35633471
35633472|10010692
35633473|10010693
35633474|10021206
35633475|10057369
35633476|10057488
35633477|35633477
35633478|10058126
35633479|10058136
35633480|10062413
35633481|10062414
35633482|35633482
35633483|35633483
35633484|35633484
35633485|35633485
35633486|10036363
35633487|35633487
35633488|10005212
35633489|10013265
35633490|10032447
35633491|10032883
35633492|10032884
35633493|10038838
35633494|10038843
35633495|10038844
35633496|35633496
35633497|10038854
35633498|10038885
35633499|10038889
35633500|10046146
35633501|10048896
35633502|10032342
35633503|10047587
35633504|35633504
35633505|10013286
35633506|10013382
35633507|10032014
35633508|35633508
35633509|10047652
35633510|10047657
35633511|10047662
35633512|10057916
35633513|10000673
35633514|10000674
35633515|10002251
35633516|35633516
35633517|10002501
35633518|10002502
35633519|10008833
35633520|10018309
35633521|10018317
35633522|10018323
35633523|10022560
35633524|10036675
35633525|10036676
35633526|35633526
35633527|10038635
35633528|10059874
35633529|10066140
35633530|35633530
35633531|10006028
35633532|10030350
35633533|10036555
35633534|10042026
35633535|10011174
35633536|10011175
35633537|10011176
35633538|35633538
35633539|10018306
35633540|10018308
35633541|10018310
35633542|10018311
35633543|10018312
35633544|10018314
35633545|10018315
35633546|10018316
35633547|10018318
35633548|10018319
35633549|10018320
35633550|10018321
35633551|10018322
35633552|10018326
35633553|10018327
35633554|10018328
35633555|10018329
35633556|10018331
35633557|10018332
35633558|10032732
35633559|10032743
35633560|10037118
35633561|10039831
35633562|10045894
35633563|10048354
35633564|10062891
35633565|10018313
35633566|35633566
35633567|35633567
35633568|10051489
35633569|10018334
35633570|10056497
35633571|35633571
35633572|10024931
35633573|35633573
35633574|10020784
35633575|35633575
35633576|10009034
35633577|10020748
35633578|35633578
35633579|10030349
35633580|10030856
35633581|10030857
35633582|10036719
35633583|10038636
35633584|35633584
35633585|35633585
35633586|10002692
35633587|10018969
35633588|10019528
35633589|10019563
35633590|35633590
35633591|10020924
35633592|10020925
35633593|10055825
35633594|10060526
35633595|10010694
35633596|10010700
35633597|10010714
35633598|35633598
35633599|10010720
35633600|10033555
35633601|10042340
35633602|10042341
35633603|10055345
35633604|10055775
35633605|10062689
35633606|10062899
35633607|10062900
35633608|10010738
35633609|10010739
35633610|10047042
35633611|35633611
35633612|35633612
35633613|10011031
35633614|10011032
35633615|10012106
35633616|10018229
35633617|10024786
35633618|10033682
35633619|35633619
35633620|10056196
35633621|10056208
35633622|35633622
35633623|10055333
35633624|35633624
35633625|10057532
35633626|35633626
35633627|10057533
35633628|10039291
35633629|10065627
35633630|35633630
35633631|10022954
35633632|10047068
35633633|35633633
35633634|10015987
35633635|10019565
35633636|35633636
35633637|10055247
35633638|10055827
35633639|10016000
35633640|10047048
35633641|35633641
35633642|35633642
35633643|10015927
35633644|10015928
35633645|10019522
35633646|10019536
35633647|10019553
35633648|10030039
35633649|10030040
35633650|10031045
35633651|10031046
35633652|10048972
35633653|10052107
35633654|10055297
35633655|10055805
35633656|10055816
35633657|10068170
35633658|10068173
35633659|35633659
35633660|10057575
35633661|35633661
35633662|10004972
35633663|10004973
35633664|10010849
35633665|10010871
35633666|35633666
35633667|10055379
35633668|35633668
35633669|10064968
35633670|10064976
35633671|10013057
35633672|35633672
35633673|10055311
35633674|35633674
35633675|35633675
35633676|10023041
35633677|35633677
35633678|10030925
35633679|10055745
35633680|10066114
35633681|10066115
35633682|10066120
35633683|10066121
35633684|10068242
35633685|10068243
35633686|10068244
35633687|10068245
35633688|10068246
35633689|10068247
35633690|10068249
35633691|10068250
35633692|10068251
35633693|35633693
35633694|10057534
35633695|10019548
35633696|35633696
35633697|10054519
35633698|10055813
35633699|35633699
35633700|35633700
35633701|35633701
35633702|35633702
35633703|35633703
35633704|35633704
35633705|10021087
35633706|35633706
35633707|35633707
35633708|10068156
35633709|10014973
35633710|10014974
35633711|35633711
35633712|10067818
35633713|35633713
35633714|10014975
35633715|10031473
35633716|10034842
35633717|35633717
35633718|10006541
35633719|10010675
35633720|10010702
35633721|10010723
35633722|10010731
35633723|10020621
35633724|35633724
35633725|10054364
35633726|10056649
35633727|10060376
35633728|10062962
35633729|35633729
35633730|10023012
35633731|10008435
35633732|10010715
35633733|35633733
35633734|10014218
35633735|10055916
35633736|10060702
35633737|35633737
35633738|10010737
35633739|10028857
35633740|10045294
35633741|10000695
35633742|10000696
35633743|10000749
35633744|10002508
35633745|10005151
35633746|10005153
35633747|10005154
35633748|10008849
35633749|10008850
35633750|10008876
35633751|35633751
35633752|10010743
35633753|10010746
35633754|10010748
35633755|10010750
35633756|10010751
35633757|10010752
35633758|10010753
35633759|10010757
35633760|10013066
35633761|10016787
35633762|10031544
35633763|10031861
35633764|10037129
35633765|10039097
35633766|10039220
35633767|10040110
35633768|10040684
35633769|10052121
35633770|10052151
35633771|10056802
35633772|10063622
35633773|10000681
35633774|10001709
35633775|10001728
35633776|35633776
35633777|10010788
35633778|10031732
35633779|10047317
35633780|10048570
35633781|10048582
35633782|10057382
35633783|10059635
35633784|10051626
35633785|35633785
35633786|35633786
35633787|10045764
35633788|35633788
35633789|10031903
35633790|10032271
35633791|10033911
35633792|10037568
35633793|10045766
35633794|10059861
35633795|35633795
35633796|35633796
35633797|10010756
35633798|10033040
35633799|10045765
35633800|10047437
35633801|35633801
35633802|10019962
35633803|35633803
35633804|35633804
35633805|10053992
35633806|10053993
35633807|10062847
35633808|10008535
35633809|10053609
35633810|35633810
35633811|10063074
35633812|35633812
35633813|10028931
35633814|35633814
35633815|35633815
35633816|10063681
35633817|35633817
35633818|35633818
35633819|10057383
35633820|35633820
35633821|10010986
35633822|35633822
35633823|10011020
35633824|35633824
35633825|10011007
35633826|10011008
35633827|10011009
35633828|35633828
35633829|10011034
35633830|10014235
35633831|10021221
35633832|10039828
35633833|10054772
35633834|10054780
35633835|10055399
35633836|10055910
35633837|10055911
35633838|10055930
35633839|10055943
35633840|10055954
35633841|10068525
35633842|10068529
35633843|35633843
35633844|35633844
35633845|10008215
35633846|10011023
35633847|10015706
35633848|10016672
35633849|10021953
35633850|35633850
35633851|10023336
35633852|10023337
35633853|10023340
35633854|10023341
35633855|10023343
35633856|10023344
35633857|10023346
35633858|10023348
35633859|10023352
35633860|10024508
35633861|10025413
35633862|10026830
35633863|10029353
35633864|10031592
35633865|10032064
35633866|10032191
35633867|10032958
35633868|10034910
35633869|10042541
35633870|10042542
35633871|10045988
35633872|10051241
35633873|35633873
35633874|10064846
35633875|10023333
35633876|10054776
35633877|35633877
35633878|10023364
35633879|35633879
35633880|10011019
35633881|10012308
35633882|10019955
35633883|10019998
35633884|35633884
35633885|10012817
35633886|10022600
35633887|10022609
35633888|10022610
35633889|35633889
35633890|10032170
35633891|35633891
35633892|10039718
35633893|10023345
35633894|35633894
35633895|35633895
35633896|10027014
35633897|10018586
35633898|10018587
35633899|35633899
35633900|35633900
35633901|35633901
35633902|10041236
35633903|35633903
35633904|10023338
35633905|10023342
35633906|35633906
35633907|10053772
35633908|10053773
35633909|10054046
35633910|10007929
35633911|10011057
35633912|10011058
35633913|10011059
35633914|10011060
35633915|10027955
35633916|10028858
35633917|10034387
35633918|10039181
35633919|10045295
35633920|10045296
35633921|10048492
35633922|10059795
35633923|35633923
35633924|35633924
35633925|35633925
35633926|10009183
35633927|35633927
35633928|10054354
35633929|35633929
35633930|10002688
35633931|35633931
35633932|10017406
35633933|10039844
35633934|35633934
35633935|35633935
35633936|10034631
35633937|10000668
35633938|10000669
35633939|10002709
35633940|10008214
35633941|10008933
35633942|10008934
35633943|10008935
35633944|35633944
35633945|10024211
35633946|10036702
35633947|10038129
35633948|10039845
35633949|10045985
35633950|10046852
35633951|35633951
35633952|10057920
35633953|35633953
35633954|10042743
35633955|10042745
35633956|35633956
35633957|10069039
35633958|10033687
35633959|10034052
35633960|35633960
35633961|10046855
35633962|10057919
35633963|10066681
35633964|35633964
35633965|35633965
35633966|10015979
35633967|10034908
35633968|35633968
35633969|35633969
35633970|10005150
35633971|10010787
35633972|10012460
35633973|10021962
35633974|10029636
35633975|10032151
35633976|10041816
35633977|10045363
35633978|10045959
35633979|10001706
35633980|35633980
35633981|35633981
35633982|10027134
35633983|10000700
35633984|10008853
35633985|10011840
35633986|35633986
35633987|10011842
35633988|10000689
35633989|10008844
35633990|35633990
35633991|10057924
35633992|10057938
35633993|10000701
35633994|10008854
35633995|35633995
35633996|10011845
35633997|10011846
35633998|10056678
35633999|35633999
35634000|10014207
35634001|10015981
35634002|35634002
35634003|10038204
35634004|10051628
35634005|10051629
35634006|10051630
35634007|10052131
35634008|10054379
35634009|35634009
35634010|10011819
35634011|35634011
35634012|10063702
35634013|10063703
35634014|10063704
35634015|35634015
35634016|35634016
35634017|10015989
35634018|10033915
35634019|10064971
35634020|35634020
35634021|35634021
35634022|10014221
35634023|10014237
35634024|10015985
35634025|35634025
35634026|10042690
35634027|10042718
35634028|10049850
35634029|10050069
35634030|10050580
35634031|10055908
35634032|10055919
35634033|10055931
35634034|10055935
35634035|10015749
35634036|35634036
35634037|10020378
35634038|10020379
35634039|10020380
35634040|10021780
35634041|10022583
35634042|10027136
35634043|10042268
35634044|10042269
35634045|10000671
35634046|10008923
35634047|10056694
35634048|35634048
35634049|35634049
35634050|35634050
35634051|35634051
35634052|35634052
35634053|10052157
35634054|35634054
35634055|35634055
35634056|35634056
35634057|35634057
35634058|10000730
35634059|10008864
35634060|35634060
35634061|10032036
35634062|10032719
35634063|10033912
35634064|10037570
35634065|10037571
35634066|10000280
35634067|35634067
35634068|35634068
35634069|10006773
35634070|10013067
35634071|35634071
35634072|10028142
35634073|10028143
35634074|10042035
35634075|10042036
35634076|10042037
35634077|35634077
35634078|10015936
35634079|10028930
35634080|10033916
35634081|10004021
35634082|35634082
35634083|10015931
35634084|10030044
35634085|10008548
35634086|10008557
35634087|10008558
35634088|10008564
35634089|10015912
35634090|35634090
35634091|10015925
35634092|35634092
35634093|10015934
35634094|10017530
35634095|10017539
35634096|10030873
35634097|10030909
35634098|35634098
35634099|35634099
35634100|10018570
35634101|10018577
35634102|10018585
35634103|10032092
35634104|35634104
35634105|35634105
35634106|10054767
35634107|35634107
35634108|10041920
35634109|10041927
35634110|10041941
35634111|35634111
35634112|10042902
35634113|10042903
35634114|10042912
35634115|10042915
35634116|10042918
35634117|10042924
35634118|10046854
35634119|10008770
35634120|10010747
35634121|35634121
35634122|10067246
35634123|35634123
35634124|10015941
35634125|10047444
35634126|10047471
35634127|10015942
35634128|35634128
35634129|10015944
35634130|10038209
35634131|10006774
35634132|10006777
35634133|10006786
35634134|35634134
35634135|10023013
35634136|10023016
35634137|10015947
35634138|10015972
35634139|10023088
35634140|10023090
35634141|10030048
35634142|35634142
35634143|10004085
35634144|10013022
35634145|10014472
35634146|10014473
35634147|10016673
35634148|35634148
35634149|10024736
35634150|10024797
35634151|10025499
35634152|10026797
35634153|10032727
35634154|10045874
35634155|10048062
35634156|10054158
35634157|35634157
35634158|10019945
35634159|10019947
35634160|35634160
35634161|10062640
35634162|10012307
35634163|10019951
35634164|10019952
35634165|10019954
35634166|35634166
35634167|10019964
35634168|10019965
35634169|10019969
35634170|10054817
35634171|10054857
35634172|10019978
35634173|10019980
35634174|10019981
35634175|35634175
35634176|10019984
35634177|10019987
35634178|10019989
35634179|35634179
35634180|10030868
35634181|35634181
35634182|10063464
35634183|10063468
35634184|10005871
35634185|10015910
35634186|10015962
35634187|10015963
35634188|10016009
35634189|10020567
35634190|35634190
35634191|10030042
35634192|10038189
35634193|10038205
35634194|10052284
35634195|10060481
35634196|35634196
35634197|35634197
35634198|35634198
35634199|10028077
35634200|10030068
35634201|35634201
35634202|10036475
35634203|10030313
35634204|35634204
35634205|10039202
35634206|10030869
35634207|35634207
35634208|10002704
35634209|10015110
35634210|10039182
35634211|10039699
35634212|35634212
35634213|10041952
35634214|10023998
35634215|35634215
35634216|10044326
35634217|10044327
35634218|10044328
35634219|10044329
35634220|10015970
35634221|35634221
35634222|10044820
35634223|10044821
35634224|10044822
35634225|10044823
35634226|10044824
35634227|10044825
35634228|10044826
35634229|10019155
35634230|10047679
35634231|35634231
35634232|10012574
35634233|35634233
35634234|10052887
35634235|10004571
35634236|10029243
35634237|10029247
35634238|10029249
35634239|10030920
35634240|35634240
35634241|10030944
35634242|10030945
35634243|10030946
35634244|10030948
35634245|10030958
35634246|10032358
35634247|10033710
35634248|10038955
35634249|10038962
35634250|10038963
35634251|10060701
35634252|10027278
35634253|35634253
35634254|35634254
35634255|10031036
35634256|35634256
35634257|10000814
35634258|10000815
35634259|10008924
35634260|10008926
35634261|10021963
35634262|35634262
35634263|35634263
35634264|35634264
35634265|35634265
35634266|10014250
35634267|10030123
35634268|35634268
35634269|10054541
35634270|35634270
35634271|10008760
35634272|35634272
35634273|10008771
35634274|10013433
35634275|10013434
35634276|10013435
35634277|10013436
35634278|10013437
35634279|10013438
35634280|10013448
35634281|10013449
35634282|10016833
35634283|10016834
35634284|10016835
35634285|10016836
35634286|10016837
35634287|10016839
35634288|10016840
35634289|10016841
35634290|10016842
35634291|10031570
35634292|35634292
35634293|35634293
35634294|10036370
35634295|10009704
35634296|10011835
35634297|10048572
35634298|10048584
35634299|35634299
35634300|10066514
35634301|35634301
35634302|10025402
35634303|35634303
35634304|10051240
35634305|10051261
35634306|10054466
35634307|10054467
35634308|10055907
35634309|35634309
35634310|10058685
35634311|35634311
35634312|10065010
35634313|35634313
35634314|10014255
35634315|10038860
35634316|35634316
35634317|10038887
35634318|10038888
35634319|10054596
35634320|10054597
35634321|10055937
35634322|35634322
35634323|10047131
35634324|10034618
35634325|35634325
35634326|10038911
35634327|10038913
35634328|10052144
35634329|10020134
35634330|10020139
35634331|10020150
35634332|35634332
35634333|35634333
35634334|10047478
35634335|10044266
35634336|10044267
35634337|10044268
35634338|35634338
35634339|35634339
35634340|35634340
35634341|10054835
35634342|10054870
35634343|10054900
35634344|10054901
35634345|35634345
35634346|10054376
35634347|35634347
35634348|10015085
35634349|10015086
35634350|10029476
35634351|35634351
35634352|10055652
35634353|35634353
35634354|35634354
35634355|10059104
35634356|35634356
35634357|10057536
35634358|10002702
35634359|10006166
35634360|10032458
35634361|10036362
35634362|35634362
35634363|10039706
35634364|10039707
35634365|10039708
35634366|10039709
35634367|35634367
35634368|35634368
35634369|10042527
35634370|35634370
35634371|10011025
35634372|35634372
35634373|35634373
35634374|10059171
35634375|35634375
35634376|35634376
35634377|10044514
35634378|35634378
35634379|10007751
35634380|10007752
35634381|35634381
35634382|35634382
35634383|10024785
35634384|10034097
35634385|10044123
35634386|10044515
35634387|10044516
35634388|10000459
35634389|10001672
35634390|10008421
35634391|35634391
35634392|35634392
35634393|10055118
35634394|10055119
35634395|10014855
35634396|35634396
35634397|10006701
35634398|10006733
35634399|10006771
35634400|10006796
35634401|35634401
35634402|10031699
35634403|10031700
35634404|10045648
35634405|10049266
35634406|10068161
35634407|10010846
35634408|10010847
35634409|10010848
35634410|10015945
35634411|10045711
35634412|35634412
35634413|35634413
35634414|35634414
35634415|10030049
35634416|10030050
35634417|10030062
35634418|10030732
35634419|10034284
35634420|10034288
35634421|10034289
35634422|10034290
35634423|10034291
35634424|10045989
35634425|10046070
35634426|10046072
35634427|10046073
35634428|10057737
35634429|10003866
35634430|35634430
35634431|35634431
35634432|10039305
35634433|35634433
35634434|10011015
35634435|10017005
35634436|10017008
35634437|35634437
35634438|10017016
35634439|10017017
35634440|10017019
35634441|10017033
35634442|10017042
35634443|10017045
35634444|10017047
35634445|10017048
35634446|10017050
35634447|10017052
35634448|10017053
35634449|10017055
35634450|10017056
35634451|10017057
35634452|10017058
35634453|10022795
35634454|10022796
35634455|10038751
35634456|10038752
35634457|10038754
35634458|10038755
35634459|10057740
35634460|35634460
35634461|35634461
35634462|10038841
35634463|10038842
35634464|35634464
35634465|35634465
35634466|35634466
35634467|35634467
35634468|35634468
35634469|10022246
35634470|10022364
35634471|35634471
35634472|10022126
35634473|10022127
35634474|35634474
35634475|10022247
35634476|10022248
35634477|10022249
35634478|10022378
35634479|35634479
35634480|10030939
35634481|10022250
35634482|10022389
35634483|35634483
35634484|10030951
35634485|10015965
35634486|10023582
35634487|10031626
35634488|10039738
35634489|35634489
35634490|10042531
35634491|10042532
35634492|35634492
35634493|10010704
35634494|10052120
35634495|35634495
35634496|10011820
35634497|10015900
35634498|10021222
35634499|10021549
35634500|35634500
35634501|10023619
35634502|10032199
35634503|35634503
35634504|35634504
35634505|10008774
35634506|10008778
35634507|10027151
35634508|35634508
35634509|10015098
35634510|10022797
35634511|10022798
35634512|10022799
35634513|10027745
35634514|10028883
35634515|35634515
35634516|35634516
35634517|10025658
35634518|10056767
35634519|35634519
35634520|35634520
35634521|35634521
35634522|35634522
35634523|35634523
35634524|35634524
35634525|10004263
35634526|35634526
35634527|10004326
35634528|10004327
35634529|10004364
35634530|10056779
35634531|10004328
35634532|10056757
35634533|35634533
35634534|35634534
35634535|35634535
35634536|35634536
35634537|35634537
35634538|35634538
35634539|10004452
35634540|10033718
35634541|35634541
35634542|10051044
35634543|35634543
35634544|10057427
35634545|10062793
35634546|10062795
35634547|10062801
35634548|10062965
35634549|10062982
35634550|10069092
35634551|10069096
35634552|35634552
35634553|35634553
35634554|10057531
35634555|35634555
35634556|35634556
35634557|35634557
35634558|35634558
35634559|10062423
35634560|10051451
35634561|35634561
35634562|35634562
35634563|35634563
35634564|10050030
35634565|35634565
35634566|35634566
35634567|10057530
35634568|10048730
35634569|35634569
35634570|35634570
35634571|35634571
35634572|35634572
35634573|35634573
35634574|35634574
35634575|35634575
35634576|35634576
35634577|35634577
35634578|35634578
35634579|35634579
35634580|10025549
35634581|35634581
35634582|10025911
35634583|10025912
35634584|10026273
35634585|10056795
35634586|10007369
35634587|10032241
35634588|10051264
35634589|10056762
35634590|35634590
35634591|35634591
35634592|10051967
35634593|35634593
35634594|35634594
35634595|35634595
35634596|10026433
35634597|35634597
35634598|35634598
35634599|35634599
35634600|35634600
35634601|10041384
35634602|10064261
35634603|35634603
35634604|10015986
35634605|10031939
35634606|35634606
35634607|10005157
35634608|35634608
35634609|10027050
35634610|10028624
35634611|10033843
35634612|10037272
35634613|10037273
35634614|10037274
35634615|35634615
35634616|35634616
35634617|10002593
35634618|10004717
35634619|10010890
35634620|10031943
35634621|10032015
35634622|10045773
35634623|10048933
35634624|35634624
35634625|10010889
35634626|35634626
35634627|10028645
35634628|35634628
35634629|35634629
35634630|10059456
35634631|10000132
35634632|10012127
35634633|10012128
35634634|10015950
35634635|10032175
35634636|10045785
35634637|10057219
35634638|35634638
35634639|35634639
35634640|35634640
35634641|10023331
35634642|10015975
35634643|10016007
35634644|10016346
35634645|10033562
35634646|10041395
35634647|10046319
35634648|35634648
35634649|10056712
35634650|10001863
35634651|10011718
35634652|10015474
35634653|10015678
35634654|35634654
35634655|10020016
35634656|10047336
35634657|10057917
35634658|10062584
35634659|35634659
35634660|10053661
35634661|10011315
35634662|10021282
35634663|35634663
35634664|10030074
35634665|10030075
35634666|10033820
35634667|10043444
35634668|10043445
35634669|10043446
35634670|10011316
35634671|10030076
35634672|10052885
35634673|35634673
35634674|35634674
35634675|10017069
35634676|10017070
35634677|10023109
35634678|35634678
35634679|10044692
35634680|35634680
35634681|35634681
35634682|10013456
35634683|10024018
35634684|35634684
35634685|10029865
35634686|10029866
35634687|10029868
35634688|10029869
35634689|10032069
35634690|10047539
35634691|10059593
35634692|35634692
35634693|35634693
35634694|10011396
35634695|10013923
35634696|10030051
35634697|35634697
35634698|10030072
35634699|10030077
35634700|10041391
35634701|10041392
35634702|10061552
35634703|10015681
35634704|10015754
35634705|10015830
35634706|10015953
35634707|10022597
35634708|10028324
35634709|35634709
35634710|10030876
35634711|10030877
35634712|10030878
35634713|10033561
35634714|10033807
35634715|10044103
35634716|10044104
35634717|10048525
35634718|10063742
35634719|10067381
35634720|10067382
35634721|35634721
35634722|35634722
35634723|10053855
35634724|10053856
35634725|35634725
35634726|35634726
35634727|35634727
35634728|10000393
35634729|10001855
35634730|10001856
35634731|10001857
35634732|10001858
35634733|10001859
35634734|10001860
35634735|10001861
35634736|10001862
35634737|10006490
35634738|10010891
35634739|10010892
35634740|10011728
35634741|10013528
35634742|10013529
35634743|10015475
35634744|10015476
35634745|10015694
35634746|10015695
35634747|10020019
35634748|10020020
35634749|10020902
35634750|10021130
35634751|10022563
35634752|10022564
35634753|10022566
35634754|10022567
35634755|10022569
35634756|10022570
35634757|10024510
35634758|10027051
35634759|10027052
35634760|10027053
35634761|10027868
35634762|10027869
35634763|10027870
35634764|10027871
35634765|10027872
35634766|10027873
35634767|10027874
35634768|10027875
35634769|10027907
35634770|10031572
35634771|10032898
35634772|10033844
35634773|10033845
35634774|10041884
35634775|35634775
35634776|10042160
35634777|10042162
35634778|10042163
35634779|35634779
35634780|35634780
35634781|10053662
35634782|10000110
35634783|10000112
35634784|10040763
35634785|10040764
35634786|10047640
35634787|35634787
35634788|10003092
35634789|35634789
35634790|10037513
35634791|35634791
35634792|10009186
35634793|10041381
35634794|10009184
35634795|35634795
35634796|10033806
35634797|10033838
35634798|10065999
35634799|35634799
35634800|35634800
35634801|35634801
35634802|10020353
35634803|10037512
35634804|35634804
35634805|10010779
35634806|35634806
35634807|10027647
35634808|10035051
35634809|10037534
35634810|10037537
35634811|10043995
35634812|10013007
35634813|10013014
35634814|35634814
35634815|10028522
35634816|10037535
35634817|10016738
35634818|10016739
35634819|10016742
35634820|35634820
35634821|10037516
35634822|10037536
35634823|35634823
35634824|10000169
35634825|10002604
35634826|10031655
35634827|10037518
35634828|35634828
35634829|10037522
35634830|10024463
35634831|10037523
35634832|10037530
35634833|10037531
35634834|35634834
35634835|10057897
35634836|10063705
35634837|35634837
35634838|10050008
35634839|10002535
35634840|10037517
35634841|35634841
35634842|10045522
35634843|35634843
35634844|10005101
35634845|10009858
35634846|10013776
35634847|10013790
35634848|10015966
35634849|10016003
35634850|10016005
35634851|10016006
35634852|10042038
35634853|10047823
35634854|10052153
35634855|10058811
35634856|35634856
35634857|10015969
35634858|10016008
35634859|10043887
35634860|10043888
35634861|10049755
35634862|35634862
35634863|10022724
35634864|35634864
35634865|10016010
35634866|35634866
35634867|10040025
35634868|10018728
35634869|10018729
35634870|35634870
35634871|10002184
35634872|10010989
35634873|10020938
35634874|35634874
35634875|10029843
35634876|10029844
35634877|10054420
35634878|10062817
35634879|10063949
35634880|10015580
35634881|10016011
35634882|35634882
35634883|10034961
35634884|10065946
35634885|10002448
35634886|35634886
35634887|10008781
35634888|10008782
35634889|10012942
35634890|10039959
35634891|10066191
35634892|10068360
35634893|10068958
35634894|35634894
35634895|10008767
35634896|10008768
35634897|10007974
35634898|35634898
35634899|35634899
35634900|10008784
35634901|10012537
35634902|10012538
35634903|10019596
35634904|10040109
35634905|10055851
35634906|10007928
35634907|10007930
35634908|35634908
35634909|10008791
35634910|10009202
35634911|10009203
35634912|10031896
35634913|10031897
35634914|10060361
35634915|10060706
35634916|35634916
35634917|35634917
35634918|10003548
35634919|35634919
35634920|10015924
35634921|10016778
35634922|10016779
35634923|10016780
35634924|10028284
35634925|35634925
35634926|10034710
35634927|10047653
35634928|35634928
35634929|35634929
35634930|35634930
35634931|10038973
35634932|10038974
35634933|35634933
35634934|35634934
35634935|35634935
35634936|10057367
35634937|10036243
35634938|10047648
35634939|35634939
35634940|10058006
35634941|10068397
35634942|35634942
35634943|35634943
35634944|10011506
35634945|10033053
35634946|35634946
35634947|10047659
35634948|35634948
35634949|35634949
35634950|10003714
35634951|10003715
35634952|35634952
35634953|10030911
35634954|10030912
35634955|10030915
35634956|10030922
35634957|10034074
35634958|10036382
35634959|10036720
35634960|10043210
35634961|10057236
35634962|10064599
35634963|10030916
35634964|10031990
35634965|35634965
35634966|10011323
35634967|10013771
35634968|35634968
35634969|35634969
35634970|10011644
35634971|35634971
35634972|10013058
35634973|10013061
35634974|10013062
35634975|10030918
35634976|10030921
35634977|10030929
35634978|10030934
35634979|10030940
35634980|10033703
35634981|10033704
35634982|10033705
35634983|10033706
35634984|10033707
35634985|35634985
35634986|10055401
35634987|10055946
35634988|10055947
35634989|10055948
35634990|10055949
35634991|10037140
35634992|35634992
35634993|35634993
35634994|10012142
35634995|10012143
35634996|10014848
35634997|10024767
35634998|10031033
35634999|10031039
35635000|35635000
35635001|10024031
35635002|10025162
35635003|10030033
35635004|35635004
35635005|10042497
35635006|35635006
35635007|10032261
35635008|10040665
35635009|10003708
35635010|35635010
35635011|35635011
35635012|10031038
35635013|35635013
35635014|10031041
35635015|35635015
35635016|10054521
35635017|10008586
35635018|35635018
35635019|10040111
35635020|35635020
35635021|35635021
35635022|10057898
35635023|10011811
35635024|10012148
35635025|10012154
35635026|10015902
35635027|10025400
35635028|10025405
35635029|35635029
35635030|10025410
35635031|10025411
35635032|10025414
35635033|10029589
35635034|10038876
35635035|10039982
35635036|10054967
35635037|10057714
35635038|10062968
35635039|10062970
35635040|10063947
35635041|35635041
35635042|10067791
35635043|10067792
35635044|10068530
35635045|10068959
35635046|10069125
35635047|35635047
35635048|10025403
35635049|35635049
35635050|10038877
35635051|35635051
35635052|35635052
35635053|35635053
35635054|10025397
35635055|10025399
35635056|10025408
35635057|10025417
35635058|35635058
35635059|10044230
35635060|10048866
35635061|10051065
35635062|10057892
35635063|10062969
35635064|10062977
35635065|10062983
35635066|10063738
35635067|10064697
35635068|10068902
35635069|10015899
35635070|35635070
35635071|10036688
35635072|10036730
35635073|35635073
35635074|10039876
35635075|10012159
35635076|10013770
35635077|10024040
35635078|10027537
35635079|10030038
35635080|10034169
35635081|10034616
35635082|10034617
35635083|10038832
35635084|35635084
35635085|10039873
35635086|10039891
35635087|10039988
35635088|10062776
35635089|10062964
35635090|10063737
35635091|10067128
35635092|10012361
35635093|35635093
35635094|10038892
35635095|10022812
35635096|35635096
35635097|10012533
35635098|10012542
35635099|10030274
35635100|10030275
35635101|10032073
35635102|10032074
35635103|10038003
35635104|10038004
35635105|10038005
35635106|10038006
35635107|10038007
35635108|35635108
35635109|10038849
35635110|10038850
35635111|10038851
35635112|10038852
35635113|10040114
35635114|10044331
35635115|10046144
35635116|10046145
35635117|10056685
35635118|10064854
35635119|10065569
35635120|10013988
35635121|10032024
35635122|10035017
35635123|10038856
35635124|35635124
35635125|10038858
35635126|10038859
35635127|10047645
35635128|35635128
35635129|35635129
35635130|35635130
35635131|35635131
35635132|10035013
35635133|10035027
35635134|35635134
35635135|10013450
35635136|10032223
35635137|10032455
35635138|10034619
35635139|35635139
35635140|10020394
35635141|10028187
35635142|35635142
35635143|10038898
35635144|10039239
35635145|10066422
35635146|10066423
35635147|35635147
35635148|35635148
35635149|10041305
35635150|10006572
35635151|10016764
35635152|10032448
35635153|10038874
35635154|10038875
35635155|10038937
35635156|10038939
35635157|10038940
35635158|10040046
35635159|35635159
35635160|35635160
35635161|10011751
35635162|35635162
35635163|10031888
35635164|10039695
35635165|35635165
35635166|35635166
35635167|10053883
35635168|10055535
35635169|10032000
35635170|10032457
35635171|10039697
35635172|35635172
35635173|35635173
35635174|35635174
35635175|10039715
35635176|35635176
35635177|35635177
35635178|10067488
35635179|35635179
35635180|35635180
35635181|10014854
35635182|10014857
35635183|10012145
35635184|10012146
35635185|10012169
35635186|10012171
35635187|10015914
35635188|10031887
35635189|35635189
35635190|35635190
35635191|35635191
35635192|10030035
35635193|35635193
35635194|10068649
35635195|35635195
35635196|10008787
35635197|10008788
35635198|10008789
35635199|10015718
35635200|10055239
35635201|10055765
35635202|10055789
35635203|35635203
35635204|35635204
35635205|10060837
35635206|35635206
35635207|35635207
35635208|35635208
35635209|10047656
35635210|35635210
35635211|35635211
35635212|35635212
35635213|10065549
35635214|10025404
35635215|35635215
35635216|35635216
35635217|10038879
35635218|10038880
35635219|10038882
35635220|35635220
35635221|10064975
35635222|10014538
35635223|35635223
35635224|10038828
35635225|10057368
35635226|10007971
35635227|10030008
35635228|10034087
35635229|10038822
35635230|35635230
35635231|10044401
35635232|35635232
35635233|10041406
35635234|35635234
35635235|35635235
35635236|10043637
35635237|10005122
35635238|10005874
35635239|10005875
35635240|10013605
35635241|10013606
35635242|10013607
35635243|10013608
35635244|10017511
35635245|10017512
35635246|10017513
35635247|10019584
35635248|10019599
35635249|10025401
35635250|10030037
35635251|35635251
35635252|10038868
35635253|10038870
35635254|10051304
35635255|10055305
35635256|10055331
35635257|10055843
35635258|10055854
35635259|10059279
35635260|10059280
35635261|10059288
35635262|10059290
35635263|10062963
35635264|10062981
35635265|10063665
35635266|10063668
35635267|35635267
35635268|10023036
35635269|35635269
35635270|10038872
35635271|10055754
35635272|35635272
35635273|10064761
35635274|10008403
35635275|10013011
35635276|10013284
35635277|10032173
35635278|10038881
35635279|35635279
35635280|10038902
35635281|10047064
35635282|10047227
35635283|10052059
35635284|10067552
35635285|35635285
35635286|10038904
35635287|10049265
35635288|10050550
35635289|35635289
35635290|10007972
35635291|10030009
35635292|10038906
35635293|35635293
35635294|10047258
35635295|10066426
35635296|10068389
35635297|35635297
35635298|10043592
35635299|10043638
35635300|35635300
35635301|10054869
35635302|10003215
35635303|10030036
35635304|10038825
35635305|10057370
35635306|35635306
35635307|10063727
35635308|35635308
35635309|10067489
35635310|35635310
35635311|10065132
35635312|10065145
35635313|35635313
35635314|35635314
35635315|10011222
35635316|10019157
35635317|35635317
35635318|10038863
35635319|10038864
35635320|10038865
35635321|10039233
35635322|10041287
35635323|10059081
35635324|10038823
35635325|10038833
35635326|35635326
35635327|10038931
35635328|10047035
35635329|10048487
35635330|10058007
35635331|10018646
35635332|10018647
35635333|10018648
35635334|10018649
35635335|10020839
35635336|10020840
35635337|10020841
35635338|10020842
35635339|35635339
35635340|10038927
35635341|10038928
35635342|10038929
35635343|10050560
35635344|10050561
35635345|10050562
35635346|10050563
35635347|10050587
35635348|10050588
35635349|10062690
35635350|10020913
35635351|35635351
35635352|35635352
35635353|35635353
35635354|10001909
35635355|10001911
35635356|10001913
35635357|10001915
35635358|10012409
35635359|10042582
35635360|10064176
35635361|10065007
35635362|10065008
35635363|10001592
35635364|10001613
35635365|35635365
35635366|35635366
35635367|10042158
35635368|35635368
35635369|10041224
35635370|10043904
35635371|35635371
35635372|35635372
35635373|10065009
35635374|10065031
35635375|35635375
35635376|10043211
35635377|10051034
35635378|10004519
35635379|10004520
35635380|10004521
35635381|10004522
35635382|10004523
35635383|10004524
35635384|10004525
35635385|10004526
35635386|10004527
35635387|10004528
35635388|10004529
35635389|10004530
35635390|10004531
35635391|10004532
35635392|10004533
35635393|10004534
35635394|10004535
35635395|10004536
35635396|10004537
35635397|10004538
35635398|10004539
35635399|10004540
35635400|10004556
35635401|10005161
35635402|10005162
35635403|10005163
35635404|10005164
35635405|35635405
35635406|10005171
35635407|10005180
35635408|10005182
35635409|10005187
35635410|10005189
35635411|10005190
35635412|10021524
35635413|10024135
35635414|10024881
35635415|10027792
35635416|10027793
35635417|10027794
35635418|10030319
35635419|10030320
35635420|10030321
35635421|10030322
35635422|10030323
35635423|10030324
35635424|10030325
35635425|10030326
35635426|10030327
35635427|10030328
35635428|10030329
35635429|10030330
35635430|10036792
35635431|10045551
35635432|10046239
35635433|10047521
35635434|10047522
35635435|10049062
35635436|10051239
35635437|35635437
35635438|10011165
35635439|35635439
35635440|10019451
35635441|35635441
35635442|10005183
35635443|35635443
35635444|10011166
35635445|10044373
35635446|10044405
35635447|10053620
35635448|10005165
35635449|10005167
35635450|35635450
35635451|10005188
35635452|10027795
35635453|10036793
35635454|10045528
35635455|10045552
35635456|10059679
35635457|10000124
35635458|10000386
35635459|10000573
35635460|10005181
35635461|10011861
35635462|10011974
35635463|10013212
35635464|35635464
35635465|10029405
35635466|10029406
35635467|10029407
35635468|10029862
35635469|10032302
35635470|10047523
35635471|10047596
35635472|35635472
35635473|10000535
35635474|35635474
35635475|10055513
35635476|10068914
35635477|10068918
35635478|10012546
35635479|10024932
35635480|10024933
35635481|10024934
35635482|10024935
35635483|10030316
35635484|10030317
35635485|10030318
35635486|10034092
35635487|10036163
35635488|10045186
35635489|10047516
35635490|10047529
35635491|10047530
35635492|35635492
35635493|10049061
35635494|10065556
35635495|10012545
35635496|35635496
35635497|10049065
35635498|10065557
35635499|10000197
35635500|10000385
35635501|10000387
35635502|10000388
35635503|35635503
35635504|10000390
35635505|10000391
35635506|10000392
35635507|10013185
35635508|10013291
35635509|10013352
35635510|10013353
35635511|10013479
35635512|10031938
35635513|10031999
35635514|10033986
35635515|10037519
35635516|10041393
35635517|10045824
35635518|10047528
35635519|35635519
35635520|35635520
35635521|35635521
35635522|10002538
35635523|10068371
35635524|35635524
35635525|35635525
35635526|10003570
35635527|10022990
35635528|10038287
35635529|10068387
35635530|35635530
35635531|10020690
35635532|10024805
35635533|10057906
35635534|10036803
35635535|35635535
35635536|35635536
35635537|10028652
35635538|10040599
35635539|10040601
35635540|10048357
35635541|10057905
35635542|35635542
35635543|10001936
35635544|10013262
35635545|10015136
35635546|35635546
35635547|10038265
35635548|10038268
35635549|10044400
35635550|35635550
35635551|35635551
35635552|10013892
35635553|10047515
35635554|10005883
35635555|10005884
35635556|35635556
35635557|35635557
35635558|10047527
35635559|35635559
35635560|35635560
35635561|35635561
35635562|35635562
35635563|10013614
35635564|10047519
35635565|10025393
35635566|10027551
35635567|35635567
35635568|35635568
35635569|10063186
35635570|10019098
35635571|35635571
35635572|10047520
35635573|10056129
35635574|35635574
35635575|35635575
35635576|10068171
35635577|35635577
35635578|35635578
35635579|10016753
35635580|10016757
35635581|10016758
35635582|35635582
35635583|10040541
35635584|10047569
35635585|35635585
35635586|10017063
35635587|35635587
35635588|10039735
35635589|10043186
35635590|10041225
35635591|10041226
35635592|10042296
35635593|35635593
35635594|35635594
35635595|10005886
35635596|10005887
35635597|10005888
35635598|10005889
35635599|10012792
35635600|10016875
35635601|10029115
35635602|10045473
35635603|35635603
35635604|10049063
35635605|10049064
35635606|10060816
35635607|10060817
35635608|10060818
35635609|35635609
35635610|10000172
35635611|10000186
35635612|10000187
35635613|10001463
35635614|10002955
35635615|10004718
35635616|10013266
35635617|10017563
35635618|10021698
35635619|10028825
35635620|10031944
35635621|10032947
35635622|10033050
35635623|10037219
35635624|10040714
35635625|10041741
35635626|10042399
35635627|10042400
35635628|10042583
35635629|10046238
35635630|10047508
35635631|10047509
35635632|10047510
35635633|10047512
35635634|10047517
35635635|10047542
35635636|10047543
35635637|10047544
35635638|10047545
35635639|10047546
35635640|35635640
35635641|10047574
35635642|10052418
35635643|10052419
35635644|10058690
35635645|10058711
35635646|35635646
35635647|10019454
35635648|10019457
35635649|10019458
35635650|10037711
35635651|10037712
35635652|10019453
35635653|35635653
35635654|10020013
35635655|10020014
35635656|35635656
35635657|10020367
35635658|10020368
35635659|10003081
35635660|10007973
35635661|35635661
35635662|10039730
35635663|10039731
35635664|10039732
35635665|10039733
35635666|10039734
35635667|10039736
35635668|10047514
35635669|10045145
35635670|35635670
35635671|10047526
35635672|10065035
35635673|35635673
35635674|10067880
35635675|10005168
35635676|10012121
35635677|10018127
35635678|10026832
35635679|10032213
35635680|10034642
35635681|10039896
35635682|10047524
35635683|10047525
35635684|10047554
35635685|35635685
35635686|10047556
35635687|10047557
35635688|10047558
35635689|35635689
35635690|10013336
35635691|10030932
35635692|10031937
35635693|10031991
35635694|10045816
35635695|35635695
35635696|10029860
35635697|10030947
35635698|35635698
35635699|10066709
35635700|35635700
35635701|10013331
35635702|10013332
35635703|10013333
35635704|10013334
35635705|10013335
35635706|10013338
35635707|10013339
35635708|10013340
35635709|10013341
35635710|10013378
35635711|10013379
35635712|10013380
35635713|10013381
35635714|10047572
35635715|35635715
35700000|10017947
35702107|10000073
35702108|10002112
35702109|10017934
35702110|10044018
35702111|10013535
35702112|10015674
35702113|10017943
35702114|10017959
35702115|10017966
35702116|10017969
35702117|10017977
35702118|10018012
35702119|10018008
35702120|10018027
35702121|10018031
35702122|10025477
35702123|10017990
35702124|10031013
35702125|10034652
35702126|10039404
35702127|10043946
35702707|10027651
35702708|10000072
35702709|10052777
35702710|10012714
35702711|10016435
35702712|10021620
35702713|10022017
35702714|10045459
35702715|10002113
35702716|10002115
35702717|10002118
35702718|10017988
35702719|10030968
35702720|10012325
35702721|10012321
35702722|10044037
35702723|10044049
35702724|10044050
35702725|10012329
35702726|10018774
35702727|10018776
35702728|10055797
35702729|10018785
35702730|10018788
35702731|10044048
35702732|10013530
35702733|10013539
35702734|10033646
35702735|10011774
35702736|10027692
35702737|10010479
35702738|10017948
35702739|10017952
35702740|10052778
35702741|10030168
35702742|10017751
35702743|10022653
35702744|10017958
35702745|10002114
35702746|10017887
35702747|10017968
35702748|10022678
35702749|10030173
35702750|10034668
35702751|10009888
35702752|10017854
35702753|10017921
35702754|10053171
35702755|10036775
35702756|10012736
35702757|10017933
35702758|10017950
35702759|10018006
35702760|10052736
35702761|10000063
35702762|10013949
35702763|10016097
35702764|10016770
35702765|10017926
35702766|10027678
35702767|10028817
35702768|10002117
35702769|10013811
35702770|10017752
35702771|10018009
35702772|10023796
35702773|10030196
35702774|10002119
35702775|10013862
35702776|10017847
35702777|10018023
35702778|10032172
35702779|10030206
35702780|10034371
35702781|10017983
35702782|10018032
35702783|10017997
35702784|10018029
35702785|10030209
35702786|10025480
35702787|10010040
35702788|10017812
35702789|10017993
35702790|10025537
35702791|10025614
35702792|10025680
35702793|10026660
35702794|10030176
35702795|10030969
35702796|10033632
35702797|10009261
35702798|10031015
35702799|10031016
35702800|10031017
35702801|10031019
35702802|10031021
35702803|10031020
35702804|10042129
35702805|10034653
35702806|10034654
35702807|10034655
35702808|10030975
35702809|10039407
35702810|10039409
35702811|10039415
35702812|10039423
35702813|10043131
35702814|10043954
35702815|10043985
35707498|10059450
35707499|10054819
35707500|10014884
35707501|10064700
35707502|10023044
35707503|10023047
35707504|10024995
35707505|10029987
35707506|10048869
35707507|10037288
35707508|10038084
35707509|10038982
35707510|10039669
35707511|10041522
35707512|10060954
35707513|10060922
35707514|10060923
35707515|10053203
35707516|10061206
35707517|10057391
35707518|10051989
35707519|10051634
35707520|10059625
35707521|10067383
35707522|10067788
35707523|10063005
35707524|10061610
35707525|10066337
35707526|10068201
35707527|10068331
35707528|10051664
35707529|10034283
35707530|10056349
35707531|10054108
35707532|10012713
35707533|10012716
35707534|10012723
35707535|10020028
35707536|10067357
35707537|10016434
35707538|10016436
35707539|10016448
35707540|10021619
35707541|10021621
35707542|10021626
35707543|10022016
35707544|10022018
35707545|10067515
35707546|10022021
35707547|10045458
35707548|10045460
35707549|10066993
35707550|10045467
35707551|10002150
35707552|10002153
35707553|10055023
35707554|10002161
35707555|10065360
35707556|10002172
35707557|10049823
35707558|10066894
35707559|10056499
35707560|10051999
35707561|10002644
35707562|10068290
35707563|10058442
35707564|10050373
35707565|10051478
35707566|10064993
35707567|10038069
35707568|10054828
35707569|10038077
35707570|10068701
35707571|10055664
35707572|10036772
35707573|10050247
35707574|10068172
35707575|10002173
35707576|10068286
35707577|10064118
35707578|10056273
35707579|10049101
35707580|10057011
35707581|10057071
35707582|10002168
35707583|10060992
35707584|10004249
35707585|10004251
35707586|10004267
35707587|10060996
35707588|10004428
35707589|10054944
35707590|10061000
35707591|10004438
35707592|10061003
35707593|10048832
35707594|10010003
35707595|10013833
35707596|10060850
35707597|10056978
35707598|10017817
35707599|10051635
35707600|10062023
35707601|10048616
35707602|10022728
35707603|10051655
35707604|10051935
35707605|10048646
35707606|10048829
35707607|10038074
35707608|10051689
35707609|10066796
35707610|10004453
35707611|10051411
35707612|10062564
35707613|10018288
35707614|10024556
35707615|10028020
35707616|10051656
35707617|10031000
35707618|10068322
35707619|10031110
35707620|10051636
35707621|10051879
35707622|10043965
35707623|10066995
35707624|10060983
35707625|10012318
35707626|10063066
35707627|10055671
35707628|10034504
35707629|10034535
35707630|10034539
35707631|10044016
35707632|10048762
35707633|10042572
35707634|10044030
35707635|10044046
35707636|10012327
35707637|10061454
35707638|10020596
35707639|10065612
35707640|10061274
35707641|10034536
35707642|10059184
35707643|10037776
35707644|10043173
35707645|10043183
35707646|10044019
35707647|10044026
35707648|10044029
35707649|10044034
35707650|10044038
35707651|10062544
35707652|10044042
35707653|10044043
35707654|10044052
35707655|10064946
35707656|10068546
35707657|10054217
35707658|10051780
35707659|10040012
35707660|10044055
35707661|10012328
35707662|10037464
35707663|10056984
35707664|10014576
35707665|10016819
35707666|10044028
35707667|10044032
35707668|10018278
35707669|10049580
35707670|10001901
35707671|10057974
35707672|10018251
35707673|10018275
35707674|10055018
35707675|10018280
35707676|10018282
35707677|10067419
35707678|10018283
35707679|10018284
35707680|10018285
35707681|10049300
35707682|10018290
35707683|10049398
35707684|10018292
35707685|10018296
35707686|10018276
35707687|10052359
35707688|10058802
35707689|10018286
35707690|10065953
35707691|10044044
35707692|10013554
35707693|10013558
35707694|10013559
35707695|10013560
35707696|10013563
35707697|10066955
35707698|10056996
35707699|10037117
35707700|10013538
35707701|10013541
35707702|10013544
35707703|10062678
35707704|10056977
35707705|10069002
35707706|10049566
35707707|10066127
35707708|10067750
35707709|10052400
35707710|10051741
35707711|10048984
35707712|10056975
35707713|10033645
35707714|10033647
35707715|10065191
35707716|10033649
35707717|10065190
35707718|10033650
35707719|10065189
35707720|10033653
35707721|10033654
35707722|10033657
35707723|10065192
35707724|10056277
35707725|10067376
35707726|10010190
35707727|10051603
35707728|10050831
35707729|10049169
35707730|10033603
35707731|10068823
35707732|10033616
35707733|10064858
35707734|10052765
35707735|10065703
35707736|10055024
35707737|10033619
35707738|10033625
35707739|10068239
35707740|10033627
35707741|10033628
35707742|10063350
35707743|10049082
35707744|10058096
35707745|10033635
35707746|10051252
35707747|10051610
35707748|10066424
35707749|10058808
35707750|10060924
35707751|10066264
35707752|10057986
35707753|10060960
35707754|10004542
35707755|10057669
35707756|10064686
35707757|10064389
35707758|10016952
35707759|10056819
35707760|10067551
35707761|10059250
35707762|10065879
35707763|10017944
35707764|10061171
35707765|10061172
35707766|10067805
35707767|10058061
35707768|10065718
35707769|10062890
35707770|10018045
35707771|10068575
35707772|10061247
35707773|10059017
35707774|10067745
35707775|10051563
35707776|10068966
35707777|10058142
35707778|10056457
35707779|10025298
35707780|10048657
35707781|10034260
35707782|10061405
35707783|10059344
35707784|10057207
35707785|10041322
35707786|10066792
35707787|10063709
35707788|10048319
35707789|10066397
35707790|10065768
35707791|10000582
35707792|10002156
35707793|10051540
35707794|10050362
35707795|10002924
35707796|10066870
35707797|10009995
35707798|10065268
35707799|10013536
35707800|10013828
35707801|10056991
35707802|10051425
35707803|10062570
35707804|10061149
35707805|10065713
35707806|10017877
35707807|10067091
35707808|10056993
35707809|10022647
35707810|10051095
35707811|10065719
35707812|10065835
35707813|10056992
35707814|10065720
35707815|10065120
35707816|10049192
35707817|10066892
35707818|10039411
35707819|10000451
35707820|10004137
35707821|10056994
35707822|10050159
35707823|10050161
35707824|10017807
35707825|10061164
35707826|10050158
35707827|10017979
35707828|10056995
35707829|10018019
35707830|10057084
35707831|10051335
35707832|10067512
35707833|10020601
35707834|10060377
35707835|10049443
35707836|10027158
35707837|10050171
35707838|10066141
35707839|10011380
35707840|10062879
35707841|10024389
35707842|10030164
35707843|10061318
35707844|10058522
35707845|10057003
35707846|10064342
35707847|10042953
35707848|10051585
35707849|10017788
35707850|10057572
35707851|10053768
35707852|10026712
35707853|10030172
35707854|10030210
35707855|10050897
35707856|10049555
35707857|10009996
35707858|10059175
35707859|10052534
35707860|10068923
35707861|10038063
35707862|10052535
35707863|10050399
35707864|10017955
35707865|10018830
35707866|10018836
35707867|10061249
35707868|10050953
35707869|10027141
35707870|10049777
35707871|10046274
35707872|10048946
35707873|10002140
35707874|10002149
35707875|10068556
35707876|10061628
35707877|10002179
35707878|10059313
35707879|10002643
35707880|10061640
35707881|10060958
35707882|10062317
35707883|10068921
35707884|10052814
35707885|10067328
35707886|10036776
35707887|10063201
35707888|10036777
35707889|10036780
35707890|10036781
35707891|10048947
35707892|10056345
35707893|10042877
35707894|10005092
35707895|10007048
35707896|10053137
35707897|10011502
35707898|10049014
35707899|10049016
35707900|10051349
35707901|10056663
35707902|10061971
35707903|10061972
35707904|10065207
35707905|10051784
35707906|10051791
35707907|10017888
35707908|10017903
35707909|10017889
35707910|10017890
35707911|10017891
35707912|10017893
35707913|10017894
35707914|10061166
35707915|10064852
35707916|10017898
35707917|10011485
35707918|10017899
35707919|10017901
35707920|10068189
35707921|10017908
35707922|10017910
35707923|10017911
35707924|10017913
35707925|10017914
35707926|10068190
35707927|10017915
35707928|10017916
35707929|10017917
35707930|10017918
35707931|10017920
35707932|10054272
35707933|10067720
35707934|10051740
35707935|10058435
35707936|10060921
35707937|10056519
35707938|10058040
35707939|10000099
35707940|10051254
35707941|10002533
35707942|10003442
35707943|10004016
35707944|10004022
35707945|10004080
35707946|10061039
35707947|10008631
35707948|10009344
35707949|10052817
35707950|10012742
35707951|10012744
35707952|10013029
35707953|10014096
35707954|10016234
35707955|10016235
35707956|10017931
35707957|10068306
35707958|10017938
35707959|10049479
35707960|10017964
35707961|10061175
35707962|10069049
35707963|10061201
35707964|10020017
35707965|10020376
35707966|10020546
35707967|10023076
35707968|10027436
35707969|10062701
35707970|10030897
35707971|10033794
35707972|10033971
35707973|10034505
35707974|10039603
35707975|10042254
35707976|10043095
35707977|10061859
35707978|10044608
35707979|10044627
35707980|10044630
35707981|10061390
35707982|10045275
35707983|10051511
35707984|10000285
35707985|10001980
35707986|10001985
35707987|10001986
35707988|10049764
35707989|10003011
35707990|10058305
35707991|10009657
35707992|10051782
35707993|10061802
35707994|10048983
35707995|10049074
35707996|10049015
35707997|10049019
35707998|10051402
35707999|10058839
35708000|10014878
35708001|10014881
35708002|10014894
35708003|10065206
35708004|10065205
35708005|10065204
35708006|10058838
35708007|10061841
35708008|10014909
35708009|10018262
35708010|10037128
35708011|10038294
35708012|10044621
35708013|10049018
35708014|10049656
35708015|10052330
35708016|10030154
35708017|10058803
35708018|10030200
35708019|10061320
35708020|10056086
35708021|10056704
35708022|10060190
35708023|10000621
35708024|10068547
35708025|10049583
35708026|10061138
35708027|10056562
35708028|10034659
35708029|10057262
35708030|10053583
35708031|10062070
35708032|10034678
35708033|10065326
35708034|10034681
35708035|10034684
35708036|10053418
35708037|10059447
35708038|10009887
35708039|10048928
35708040|10058358
35708041|10009895
35708042|10056979
35708043|10053397
35708044|10009900
35708045|10014896
35708046|10051606
35708047|10037143
35708048|10037635
35708049|10052058
35708050|10017853
35708051|10017856
35708052|10017857
35708053|10017860
35708054|10017866
35708055|10017868
35708056|10048714
35708057|10048712
35708058|10049150
35708059|10057969
35708060|10063063
35708061|10003253
35708062|10006919
35708063|10011401
35708064|10013864
35708065|10013865
35708066|10014866
35708067|10014893
35708068|10064231
35708069|10017912
35708070|10064147
35708071|10059024
35708072|10021312
35708073|10021972
35708074|10052332
35708075|10067738
35708076|10067767
35708077|10063031
35708078|10055667
35708079|10036463
35708080|10051401
35708081|10044145
35708082|10017872
35708083|10030216
35708084|10030218
35708085|10030219
35708086|10048899
35708087|10038263
35708088|10034646
35708089|10036774
35708090|10036778
35708091|10036783
35708092|10036784
35708093|10012735
35708094|10012741
35708095|10012743
35708096|10057585
35708097|10056339
35708098|10009985
35708099|10057078
35708100|10010774
35708101|10060865
35708102|10017753
35708103|10017779
35708104|10052405
35708105|10052105
35708106|10017885
35708107|10018044
35708108|10021518
35708109|10059158
35708110|10022642
35708111|10058934
35708112|10067752
35708113|10068620
35708114|10066142
35708115|10063541
35708116|10008399
35708117|10051244
35708118|10013924
35708119|10061173
35708120|10030136
35708121|10060696
35708122|10007645
35708123|10012110
35708124|10017367
35708125|10052406
35708126|10062931
35708127|10052402
35708128|10023003
35708129|10030184
35708130|10031111
35708131|10037628
35708132|10021333
35708133|10021335
35708134|10027110
35708135|10054048
35708136|10000077
35708137|10051650
35708138|10067715
35708139|10013946
35708140|10053155
35708141|10015137
35708142|10000133
35708143|10050248
35708144|10049939
35708145|10056988
35708146|10056325
35708147|10016100
35708148|10016101
35708149|10016102
35708150|10028140
35708151|10000060
35708152|10052813
35708153|10016766
35708154|10000081
35708155|10000084
35708156|10000087
35708157|10052489
35708158|10000090
35708159|10000097
35708160|10017999
35708161|10021746
35708162|10030180
35708163|10065385
35708164|10000059
35708165|10060926
35708166|10000647
35708167|10049866
35708168|10006326
35708169|10006514
35708170|10059029
35708171|10013950
35708172|10059186
35708173|10014643
35708174|10016092
35708175|10052554
35708176|10020039
35708177|10020710
35708178|10063743
35708179|10021639
35708180|10065611
35708181|10067576
35708182|10026882
35708183|10027387
35708184|10053634
35708185|10065567
35708186|10064229
35708187|10034263
35708188|10050466
35708189|10034647
35708190|10057030
35708191|10064711
35708192|10057229
35708193|10036256
35708194|10059603
35708195|10068142
35708196|10058938
35708197|10062937
35708198|10059256
35708199|10014981
35708200|10064670
35708201|10063338
35708202|10028813
35708203|10066220
35708204|10066962
35708205|10066963
35708206|10067171
35708207|10038776
35708208|10047700
35708209|10047704
35708210|10047705
35708211|10047708
35708212|10047709
35708213|10002176
35708214|10002581
35708215|10065707
35708216|10038079
35708217|10056245
35708218|10013474
35708219|10013830
35708220|10050094
35708221|10021307
35708222|10023176
35708223|10027058
35708224|10057075
35708225|10067766
35708226|10041101
35708227|10062263
35708228|10054156
35708229|10065666
35708230|10058035
35708231|10061970
35708232|10052541
35708233|10029957
35708234|10050173
35708235|10069083
35708236|10056361
35708237|10017649
35708238|10061974
35708239|10018007
35708240|10021328
35708241|10064749
35708242|10022687
35708243|10022699
35708244|10063658
35708245|10022863
35708246|10051399
35708247|10028951
35708248|10050396
35708249|10010000
35708250|10010004
35708251|10056512
35708252|10052072
35708253|10056990
35708254|10062062
35708255|10023797
35708256|10047697
35708257|10052820
35708258|10030178
35708259|10030194
35708260|10040664
35708261|10067272
35708262|10002180
35708263|10063896
35708264|10002582
35708265|10038073
35708266|10038080
35708267|10038081
35708268|10013832
35708269|10050188
35708270|10013836
35708271|10013839
35708272|10013849
35708273|10013850
35708274|10013855
35708275|10062532
35708276|10017886
35708277|10017815
35708278|10017822
35708279|10017826
35708280|10017829
35708281|10051348
35708282|10017835
35708283|10017836
35708284|10017840
35708285|10017865
35708286|10067786
35708287|10002243
35708288|10002244
35708289|10002248
35708290|10002250
35708291|10061820
35708292|10060709
35708293|10018001
35708294|10061459
35708295|10056743
35708296|10061975
35708297|10042220
35708298|10003012
35708299|10021305
35708300|10021309
35708301|10021310
35708302|10022694
35708303|10022714
35708304|10061248
35708305|10023174
35708306|10023177
35708307|10023178
35708308|10023799
35708309|10061262
35708310|10023804
35708311|10041103
35708312|10061550
35708313|10041133
35708314|10063655
35708315|10055668
35708316|10030181
35708317|10052211
35708318|10030201
35708319|10030202
35708320|10052488
35708321|10049098
35708322|10034341
35708323|10034344
35708324|10034354
35708325|10034358
35708326|10034359
35708327|10034365
35708328|10009971
35708329|10017954
35708330|10017980
35708331|10017982
35708332|10021300
35708333|10022651
35708334|10023172
35708335|10041126
35708336|10067743
35708337|10064861
35708338|10041645
35708339|10009838
35708340|10067325
35708341|10059028
35708342|10022640
35708343|10022657
35708344|10022680
35708345|10065560
35708346|10027395
35708347|10027396
35708348|10027397
35708349|10027399
35708350|10027401
35708351|10027402
35708352|10043626
35708353|10062363
35708354|10068924
35708355|10068925
35708356|10051010
35708357|10051012
35708358|10051541
35708359|10054787
35708360|10019022
35708361|10047027
35708362|10056091
35708363|10009839
35708364|10064835
35708365|10061107
35708366|10017605
35708367|10023648
35708368|10023681
35708369|10025476
35708370|10049416
35708371|10041956
35708372|10041969
35708373|10042432
35708374|10047931
35708375|10055096
35708376|10061629
35708377|10061045
35708378|10062099
35708379|10017758
35708380|10017761
35708381|10017762
35708382|10017763
35708383|10017764
35708384|10017765
35708385|10061967
35708386|10055008
35708387|10062878
35708388|10024520
35708389|10063916
35708390|10060925
35708391|10062907
35708392|10061825
35708393|10061968
35708394|10061174
35708395|10051066
35708396|10056288
35708397|10061882
35708398|10054943
35708399|10061344
35708400|10056664
35708401|10061424
35708402|10002133
35708403|10002134
35708404|10002135
35708405|10002136
35708406|10002137
35708407|10002138
35708408|10061237
35708409|10038038
35708410|10055097
35708411|10038046
35708412|10038047
35708413|10038048
35708414|10038049
35708415|10038050
35708416|10038051
35708417|10009944
35708418|10055114
35708419|10009952
35708420|10063523
35708421|10009953
35708422|10009954
35708423|10009955
35708424|10009956
35708425|10061451
35708426|10010030
35708427|10010032
35708428|10010033
35708429|10010034
35708430|10010035
35708431|10010038
35708432|10051925
35708433|10059140
35708434|10027456
35708435|10051679
35708436|10027466
35708437|10038086
35708438|10038094
35708439|10038095
35708440|10038096
35708441|10038097
35708442|10038098
35708443|10038099
35708444|10054184
35708445|10041121
35708446|10041122
35708447|10041124
35708448|10041125
35708449|10059368
35708450|10059369
35708451|10059370
35708452|10059371
35708453|10059372
35708454|10041127
35708455|10052358
35708456|10064581
35708457|10053548
35708458|10017940
35708459|10061168
35708460|10067369
35708461|10061269
35708462|10027450
35708463|10062196
35708464|10051671
35708465|10051676
35708466|10051680
35708467|10049718
35708468|10068974
35708469|10056558
35708470|10034669
35708471|10034671
35708472|10051949
35708473|10038977
35708474|10062485
35708475|10067807
35708476|10061523
35708477|10024535
35708478|10024536
35708479|10024537
35708480|10024538
35708481|10024539
35708482|10024540
35708483|10024557
35708484|10026663
35708485|10051669
35708486|10051681
35708487|10066882
35708488|10055098
35708489|10031098
35708490|10031099
35708491|10031100
35708492|10031101
35708493|10031102
35708494|10064099
35708495|10031103
35708496|10061934
35708497|10039398
35708498|10039399
35708499|10039400
35708500|10039401
35708501|10039402
35708502|10039403
35708503|10055109
35708504|10058429
35708505|10058430
35708506|10058431
35708507|10058432
35708508|10058433
35708509|10043966
35708510|10030137
35708511|10058526
35708512|10030140
35708513|10030141
35708514|10030142
35708515|10030143
35708516|10030144
35708517|10030145
35708518|10055102
35708519|10030155
35708520|10030159
35708521|10030162
35708522|10061534
35708523|10058527
35708524|10030187
35708525|10030188
35708526|10030189
35708527|10030190
35708528|10030191
35708529|10030192
35708530|10052826
35708531|10062038
35708532|10027780
35708533|10061325
35708534|10061497
35708535|10062129
35708536|10052747
35708537|10049721
35708538|10033609
35708539|10033610
35708540|10033611
35708541|10033613
35708542|10033614
35708543|10059320
35708544|10059321
35708545|10059322
35708546|10059323
35708547|10059326
35708548|10033615
35708549|10061902
35708550|10055006
35708551|10064223
35708552|10002379
35708553|10049047
35708554|10008417
35708555|10051129
35708556|10008418
35708557|10066241
35708558|10066192
35708559|10024396
35708560|10049307
35708561|10048470
35708562|10051992
35708563|10024558
35708564|10024570
35708565|10024572
35708566|10067985
35708567|10067621
35708568|10050820
35708569|10057365
35708570|10030983
35708571|10050172
35708572|10062956
35708573|10031023
35708574|10058667
35708575|10052453
35708576|10052454
35708577|10068894
35708578|10035020
35708579|10035025
35708580|10051962
35708581|10066790
35708582|10066304
35708583|10049297
35708584|10028024
35708585|10000311
35708586|10003489
35708587|10016961
35708588|10019113
35708589|10019936
35708590|10048806
35708591|10055670
35708592|10065233
35708593|10030963
35708594|10061324
35708595|10030979
35708596|10065329
35708597|10067152
35708598|10048685
35708599|10056674
35708600|10065234
35708601|10050346
35708602|10066236
35708603|10034835
35708604|10034843
35708605|10024561
35708606|10030094
35708607|10031009
35708608|10057372
35708609|10043521
35708610|10048479
35708611|10068065
35708612|10062654
35708613|10049304
35708614|10049306
35708615|10057371
35708616|10024549
35708617|10064482
35708618|10049294
35708619|10030972
35708620|10030973
35708621|10030996
35708622|10030997
35708623|10067418
35708624|10064487
35708625|10052894
35708626|10067950
35708627|10068318
35708628|10068319
35708629|10067721
35708630|10051820
35708631|10049305
35708632|10018291
35708633|10030110
35708634|10031118
35708635|10056998
35708636|10002958
35708637|10004213
35708638|10067510
35708639|10065036
35708640|10028034
35708641|10064594
35708642|10042128
35708643|10042132
35708644|10042135
35708645|10042137
35708646|10064260
35708647|10067365
35708648|10066768
35708649|10025538
35708650|10058113
35708651|10027139
35708652|10065388
35708653|10067554
35708654|10034649
35708655|10067011
35708656|10051942
35708657|10061343
35708658|10034662
35708659|10054827
35708660|10067690
35708661|10065704
35708662|10064666
35708663|10034674
35708664|10062898
35708665|10034682
35708666|10068641
35708667|10048299
35708668|10068676
35708669|10037138
35708670|10038975
35708671|10063637
35708672|10050404
35708673|10038983
35708674|10063840
35708675|10000050
35708676|10027398
35708677|10034238
35708678|10034650
35708679|10034665
35708680|10038979
35708681|10057878
35708682|10067442
35708683|10059766
35708684|10049450
35708685|10058095
35708686|10034666
35708687|10058360
35708688|10038980
35708689|10003068
35708690|10013781
35708691|10013789
35708692|10024552
35708693|10039379
35708694|10049069
35708695|10059237
35708696|10051166
35708697|10048949
35708698|10068888
35708699|10039394
35708700|10052248
35708701|10061935
35708702|10057002
35708703|10060870
35708704|10039421
35708705|10039424
35708706|10049068
35708707|10051499
35708708|10066075
35708709|10034023
35708710|10037838
35708711|10039408
35708712|10000305
35708713|10034019
35708714|10067789
35708715|10034038
35708716|10056681
35708717|10040628
35708718|10067335
35708719|10034021
35708720|10039386
35708721|10039388
35708722|10039390
35708723|10001480
35708724|10013911
35708725|10069147
35708726|10020989
35708727|10058835
35708728|10049243
35708729|10069085
35708730|10018386
35708731|10020893
35708732|10035630
35708733|10066991
35708734|10065919
35708735|10055028
35708736|10050467
35708737|10043951
35708738|10051652
35708739|10043957
35708740|10043959
35708741|10049870
35708742|10059924
35708743|10067360
35708744|10043991
35708745|10006532
35708746|10018388
35708747|10059138
35708748|10037076
35708749|10051495
35708750|10042727
35708751|10043942
35708752|10043945
35708753|10043949
35708754|10049713
35708755|10052002
35708756|10064488
35708757|10043967
35708758|10043972
35708759|10069164
35708760|10043981
35735716|10036371
35735717|35735717
35735718|10059457
35735719|10065391
35735720|35735720
35735721|10054898
35735722|35735722
35735723|10046906
35735724|35735724
35735725|35735725
35735726|35735726
35735727|10056607
35735728|35735728
35735729|35735729
35735730|35735730
35735731|35735731
35735732|35735732
35735733|35735733
35735734|35735734
35735735|35735735
35735736|10000067
35735737|10000068
35735738|10000071
35735739|10000074
35735740|10015019
35735741|10019911
35735742|10032105
35735743|10033039
35735744|10046229
35735745|10047272
35735746|10047277
35735747|10056608
35735748|35735748
35735749|10062630
35735750|10067558
35735751|10000069
35735752|10015020
35735753|10015024
35735754|10032106
35735755|10033037
35735756|10046227
35735757|10047269
35735758|10047274
35735759|35735759
35735760|10000070
35735761|10015021
35735762|10015022
35735763|10015023
35735764|10015025
35735765|10022688
35735766|10032107
35735767|10033038
35735768|10046228
35735769|10047275
35735770|10047276
35735771|35735771
35735772|10019933
35735773|10042166
35735774|35735774
35735775|10019919
35735776|10019923
35735777|10019928
35735778|35735778
35735779|35735779
35735780|35735780
35735781|35735781
35735782|35735782
35735783|35735783
35735784|10067838
35735785|35735785
35735786|10067799
35735787|35735787
35735788|10051892
35735789|35735789
35735790|35735790
35735791|35735791
35735792|10067370
35735793|10068134
35735794|35735794
35735795|10068332
35735796|35735796
35735797|35735797
35735798|10034286
35735799|10034287
35735800|35735800
35735801|35735801
35735802|35735802
35735803|10012717
35735804|10012722
35735805|10044521
35735806|35735806
35735807|10012719
35735808|10012720
35735809|10012721
35735810|35735810
35735811|10003869
35735812|10018802
35735813|10019914
35735814|10020024
35735815|10020026
35735816|10020027
35735817|35735817
35735818|10033774
35735819|10033884
35735820|10039210
35735821|10041019
35735822|10058165
35735823|10058167
35735824|10059188
35735825|10020031
35735826|10020032
35735827|10020033
35735828|10020034
35735829|10021612
35735830|35735830
35735831|10004563
35735832|10004578
35735833|35735833
35735834|10016437
35735835|10016443
35735836|10016447
35735837|10038107
35735838|10038136
35735839|10045533
35735840|10045534
35735841|10004561
35735842|35735842
35735843|10016444
35735844|10038105
35735845|10038134
35735846|10045531
35735847|10004562
35735848|10016439
35735849|10016440
35735850|10016441
35735851|10016442
35735852|10016445
35735853|10016446
35735854|35735854
35735855|10038106
35735856|10038135
35735857|10045532
35735858|35735858
35735859|10021622
35735860|10021625
35735861|10036406
35735862|10047271
35735863|10062286
35735864|35735864
35735865|10021627
35735866|10059067
35735867|10021624
35735868|35735868
35735869|10047270
35735870|10004567
35735871|10013046
35735872|10013610
35735873|10019917
35735874|10021715
35735875|35735875
35735876|10022019
35735877|10022024
35735878|10024109
35735879|10029887
35735880|10038110
35735881|10038139
35735882|10039155
35735883|10039751
35735884|10041020
35735885|10045537
35735886|10062966
35735887|10067165
35735888|10004565
35735889|35735889
35735890|10022022
35735891|10038108
35735892|10038138
35735893|10045535
35735894|35735894
35735895|10004566
35735896|10021613
35735897|35735897
35735898|10022023
35735899|10038109
35735900|10038137
35735901|10045536
35735902|35735902
35735903|10045461
35735904|10045466
35735905|35735905
35735906|10045463
35735907|35735907
35735908|10045464
35735909|10045465
35735910|35735910
35735911|10064492
35735912|35735912
35735913|35735913
35735914|10016712
35735915|10016713
35735916|10002152
35735917|35735917
35735918|10058045
35735919|35735919
35735920|10024390
35735921|35735921
35735922|35735922
35735923|10068553
35735924|35735924
35735925|10049842
35735926|10067853
35735927|35735927
35735928|35735928
35735929|10001512
35735930|10002584
35735931|35735931
35735932|10059312
35735933|10059315
35735934|10066228
35735935|10066229
35735936|10066604
35735937|10067233
35735938|10002151
35735939|10002576
35735940|35735940
35735941|10002848
35735942|10002852
35735943|10013188
35735944|10013189
35735945|10013261
35735946|10032644
35735947|10032690
35735948|10038060
35735949|10038061
35735950|10054852
35735951|35735951
35735952|35735952
35735953|35735953
35735954|35735954
35735955|35735955
35735956|10066442
35735957|10038068
35735958|35735958
35735959|35735959
35735960|35735960
35735961|10036773
35735962|35735962
35735963|10054833
35735964|35735964
35735965|10002166
35735966|10002167
35735967|10002854
35735968|10004191
35735969|10033377
35735970|10033486
35735971|35735971
35735972|10038072
35735973|10058446
35735974|10067119
35735975|35735975
35735976|10050253
35735977|10065721
35735978|10034453
35735979|10037089
35735980|10048309
35735981|35735981
35735982|35735982
35735983|10002851
35735984|10006783
35735985|10013093
35735986|10034452
35735987|10038076
35735988|10049852
35735989|10052811
35735990|10066198
35735991|35735991
35735992|35735992
35735993|10064125
35735994|35735994
35735995|35735995
35735996|10049754
35735997|10058054
35735998|10049888
35735999|35735999
35736000|10012109
35736001|10012113
35736002|10021728
35736003|10043257
35736004|35736004
35736005|10002116
35736006|35736006
35736007|10034454
35736008|10004236
35736009|10004386
35736010|35736010
35736011|35736011
35736012|10004314
35736013|35736013
35736014|35736014
35736015|10004408
35736016|10004268
35736017|10004357
35736018|10004361
35736019|10018239
35736020|35736020
35736021|10004324
35736022|10004354
35736023|35736023
35736024|10015450
35736025|10055449
35736026|10056081
35736027|35736027
35736028|10004375
35736029|10004434
35736030|10056781
35736031|10058902
35736032|35736032
35736033|10004391
35736034|35736034
35736035|10004319
35736036|10004405
35736037|10004458
35736038|35736038
35736039|10064054
35736040|35736040
35736041|10056601
35736042|10056602
35736043|10056603
35736044|10056604
35736045|35736045
35736046|10049138
35736047|35736047
35736048|10057033
35736049|10057314
35736050|10062858
35736051|10066021
35736052|35736052
35736053|35736053
35736054|10051193
35736055|35736055
35736056|35736056
35736057|10036136
35736058|10050032
35736059|10051189
35736060|10051194
35736061|10051195
35736062|35736062
35736063|10058499
35736064|10058500
35736065|10058501
35736066|10058502
35736067|10051654
35736068|35736068
35736069|35736069
35736070|10057018
35736071|10059016
35736072|10019394
35736073|35736073
35736074|10055394
35736075|10055901
35736076|35736076
35736077|10051703
35736078|35736078
35736079|10055473
35736080|35736080
35736081|10056592
35736082|35736082
35736083|10056591
35736084|35736084
35736085|35736085
35736086|35736086
35736087|10004347
35736088|35736088
35736089|10039417
35736090|10049560
35736091|35736091
35736092|35736092
35736093|35736093
35736094|10004279
35736095|10004340
35736096|35736096
35736097|10011821
35736098|35736098
35736099|10028078
35736100|10062853
35736101|35736101
35736102|10067521
35736103|10004331
35736104|10004341
35736105|10004356
35736106|35736106
35736107|10006524
35736108|10062604
35736109|35736109
35736110|10004362
35736111|10004429
35736112|35736112
35736113|10050199
35736114|35736114
35736115|35736115
35736116|10004414
35736117|10004464
35736118|35736118
35736119|10001894
35736120|10013787
35736121|10013788
35736122|35736122
35736123|35736123
35736124|10060984
35736125|10060985
35736126|10060986
35736127|10007666
35736128|10007831
35736129|10007832
35736130|10011947
35736131|35736131
35736132|10012319
35736133|10044020
35736134|10044021
35736135|10044022
35736136|10044023
35736137|10044027
35736138|10048296
35736139|10048297
35736140|10048298
35736141|35736141
35736142|10052822
35736143|35736143
35736144|35736144
35736145|35736145
35736146|35736146
35736147|10000676
35736148|10001000
35736149|10008834
35736150|10009102
35736151|35736151
35736152|10034540
35736153|10037655
35736154|10037656
35736155|10067436
35736156|10000278
35736157|10000312
35736158|10000314
35736159|10012314
35736160|10034458
35736161|10034459
35736162|10034460
35736163|10034534
35736164|10039214
35736165|35736165
35736166|10049607
35736167|35736167
35736168|35736168
35736169|10013371
35736170|10013512
35736171|10013519
35736172|10032697
35736173|35736173
35736174|10045833
35736175|10064164
35736176|10064165
35736177|10000194
35736178|10002591
35736179|10002609
35736180|10002627
35736181|10002636
35736182|10020475
35736183|10025531
35736184|35736184
35736185|35736185
35736186|10028874
35736187|10012333
35736188|10012334
35736189|35736189
35736190|35736190
35736191|35736191
35736192|10026717
35736193|10026718
35736194|35736194
35736195|10069004
35736196|10069005
35736197|10018274
35736198|10018289
35736199|10032853
35736200|35736200
35736201|10034537
35736202|10045893
35736203|35736203
35736204|35736204
35736205|10037777
35736206|10068114
35736207|10006374
35736208|35736208
35736209|35736209
35736210|10043184
35736211|10052001
35736212|10001278
35736213|10002574
35736214|35736214
35736215|35736215
35736216|10000395
35736217|10012372
35736218|35736218
35736219|10059931
35736220|10059932
35736221|10012322
35736222|10013123
35736223|10013276
35736224|10031899
35736225|10032625
35736226|10032695
35736227|10038753
35736228|10044015
35736229|35736229
35736230|10044035
35736231|10045748
35736232|10045831
35736233|10000246
35736234|10000247
35736235|10003745
35736236|10015129
35736237|10015130
35736238|10015596
35736239|10021224
35736240|10030015
35736241|10044025
35736242|35736242
35736243|35736243
35736244|10021514
35736245|35736245
35736246|10022357
35736247|10030840
35736248|10030841
35736249|35736249
35736250|10034159
35736251|10034160
35736252|10034161
35736253|10034162
35736254|35736254
35736255|35736255
35736256|10064960
35736257|35736257
35736258|35736258
35736259|35736259
35736260|10054424
35736261|10040010
35736262|35736262
35736263|10030090
35736264|10044017
35736265|35736265
35736266|10059723
35736267|10000148
35736268|35736268
35736269|10013132
35736270|10031555
35736271|10037462
35736272|10037463
35736273|35736273
35736274|35736274
35736275|10058078
35736276|35736276
35736277|35736277
35736278|35736278
35736279|10013079
35736280|10014578
35736281|10016815
35736282|10028011
35736283|10028012
35736284|10036373
35736285|10036374
35736286|10041906
35736287|10043177
35736288|10043178
35736289|10043179
35736290|10043180
35736291|10043181
35736292|10044024
35736293|10044031
35736294|35736294
35736295|10055541
35736296|10056125
35736297|10057232
35736298|10057233
35736299|10018277
35736300|35736300
35736301|10018773
35736302|10055524
35736303|35736303
35736304|35736304
35736305|35736305
35736306|35736306
35736307|10018252
35736308|35736308
35736309|10018770
35736310|35736310
35736311|10067135
35736312|10018279
35736313|35736313
35736314|10018281
35736315|10018775
35736316|10049375
35736317|10049377
35736318|10049379
35736319|10049380
35736320|10015127
35736321|35736321
35736322|10018777
35736323|10049376
35736324|35736324
35736325|35736325
35736326|10018780
35736327|10020725
35736328|10018273
35736329|35736329
35736330|10018781
35736331|10020882
35736332|35736332
35736333|10018782
35736334|10044531
35736335|35736335
35736336|10049378
35736337|10049381
35736338|10049382
35736339|10018287
35736340|35736340
35736341|10065160
35736342|10018790
35736343|10045348
35736344|35736344
35736345|10000787
35736346|10008887
35736347|35736347
35736348|10021956
35736349|10048389
35736350|10049406
35736351|10049407
35736352|35736352
35736353|10056687
35736354|10056709
35736355|10005114
35736356|10005118
35736357|35736357
35736358|10018293
35736359|10018771
35736360|10018778
35736361|10018779
35736362|10019544
35736363|10019545
35736364|10055796
35736365|10055810
35736366|10055811
35736367|10068832
35736368|10000282
35736369|10018769
35736370|35736370
35736371|10063728
35736372|10063729
35736373|10018294
35736374|10018295
35736375|10018784
35736376|10021849
35736377|10042584
35736378|35736378
35736379|35736379
35736380|10018787
35736381|10033404
35736382|10040011
35736383|10041359
35736384|10041371
35736385|10049400
35736386|10049401
35736387|10049402
35736388|10049403
35736389|10049404
35736390|10049405
35736391|35736391
35736392|10015662
35736393|10024879
35736394|10024880
35736395|35736395
35736396|10044045
35736397|10013534
35736398|10013549
35736399|35736399
35736400|10013555
35736401|10013562
35736402|35736402
35736403|10017781
35736404|10009993
35736405|10013531
35736406|10013532
35736407|10013533
35736408|10013550
35736409|10013552
35736410|10013556
35736411|35736411
35736412|10055781
35736413|10055783
35736414|10013551
35736415|10013553
35736416|35736416
35736417|10055241
35736418|10055782
35736419|10055784
35736420|10013557
35736421|35736421
35736422|10013564
35736423|10013566
35736424|10013567
35736425|35736425
35736426|35736426
35736427|10057019
35736428|10057039
35736429|35736429
35736430|10051277
35736431|10008858
35736432|35736432
35736433|10013540
35736434|10013543
35736435|10013545
35736436|10013547
35736437|10029555
35736438|10036798
35736439|10048388
35736440|10052812
35736441|10055777
35736442|10055779
35736443|35736443
35736444|10013546
35736445|10013548
35736446|10055240
35736447|10055778
35736448|10055780
35736449|35736449
35736450|10015381
35736451|10030169
35736452|10055455
35736453|35736453
35736454|35736454
35736455|35736455
35736456|35736456
35736457|35736457
35736458|10066168
35736459|35736459
35736460|10067751
35736461|35736461
35736462|10054706
35736463|35736463
35736464|10057089
35736465|35736465
35736466|35736466
35736467|35736467
35736468|10033656
35736469|10033658
35736470|10048365
35736471|10050844
35736472|10057010
35736473|10059155
35736474|10067190
35736475|10000971
35736476|35736476
35736477|10033648
35736478|35736478
35736479|10009093
35736480|35736480
35736481|10067412
35736482|35736482
35736483|10019607
35736484|35736484
35736485|10033651
35736486|10033652
35736487|10055858
35736488|35736488
35736489|10028265
35736490|35736490
35736491|10028891
35736492|35736492
35736493|10033655
35736494|10056219
35736495|35736495
35736496|10066715
35736497|35736497
35736498|35736498
35736499|35736499
35736500|35736500
35736501|10064689
35736502|10064693
35736503|35736503
35736504|35736504
35736505|35736505
35736506|10003717
35736507|35736507
35736508|10057650
35736509|35736509
35736510|10013130
35736511|10013250
35736512|10032628
35736513|10033581
35736514|35736514
35736515|10033617
35736516|10045751
35736517|35736517
35736518|35736518
35736519|35736519
35736520|35736520
35736521|35736521
35736522|10033620
35736523|10033640
35736524|10033588
35736525|35736525
35736526|10033626
35736527|10055312
35736528|35736528
35736529|10022294
35736530|10022295
35736531|10022296
35736532|10022297
35736533|10022298
35736534|10022299
35736535|10022300
35736536|10022301
35736537|35736537
35736538|10033643
35736539|10022465
35736540|35736540
35736541|10050457
35736542|35736542
35736543|35736543
35736544|35736544
35736545|35736545
35736546|35736546
35736547|10052108
35736548|35736548
35736549|10030088
35736550|10030089
35736551|10041397
35736552|35736552
35736553|35736553
35736554|10068241
35736555|10000076
35736556|10022144
35736557|10022251
35736558|10022252
35736559|10022263
35736560|10022264
35736561|10022265
35736562|10022305
35736563|10022306
35736564|10022331
35736565|10022332
35736566|10022373
35736567|10022374
35736568|35736568
35736569|35736569
35736570|35736570
35736571|35736571
35736572|10057996
35736573|10003016
35736574|10031554
35736575|10031901
35736576|35736576
35736577|35736577
35736578|10009972
35736579|10022137
35736580|10022138
35736581|10022170
35736582|10022171
35736583|10022177
35736584|10022178
35736585|10022337
35736586|10022338
35736587|10022361
35736588|10022362
35736589|10038978
35736590|35736590
35736591|35736591
35736592|10064690
35736593|10064692
35736594|35736594
35736595|10066382
35736596|35736596
35736597|10016957
35736598|10016958
35736599|10044147
35736600|10044153
35736601|10044167
35736602|10044181
35736603|10044184
35736604|10044201
35736605|10044217
35736606|10068940
35736607|10013309
35736608|10017786
35736609|10017787
35736610|10042107
35736611|10045880
35736612|35736612
35736613|35736613
35736614|35736614
35736615|10054119
35736616|35736616
35736617|10065890
35736618|10065891
35736619|10065892
35736620|10065893
35736621|10065894
35736622|10065961
35736623|10013225
35736624|10017498
35736625|10017876
35736626|10017922
35736627|35736627
35736628|10017945
35736629|10017949
35736630|10018011
35736631|10031969
35736632|10032003
35736633|10032004
35736634|10032645
35736635|10032668
35736636|10032669
35736637|10032692
35736638|10032852
35736639|10032965
35736640|10034509
35736641|10037947
35736642|10042759
35736643|10045793
35736644|10045826
35736645|10045878
35736646|10046091
35736647|10046276
35736648|10048516
35736649|10049897
35736650|10017946
35736651|10032394
35736652|35736652
35736653|10017970
35736654|10022135
35736655|10022136
35736656|10022168
35736657|10022169
35736658|10022184
35736659|10022185
35736660|10022195
35736661|10022196
35736662|10022197
35736663|10022240
35736664|10022241
35736665|10022253
35736666|10022254
35736667|10022255
35736668|10022256
35736669|10022325
35736670|10022326
35736671|10022339
35736672|10022340
35736673|10022341
35736674|10022342
35736675|10022350
35736676|10022351
35736677|10032158
35736678|10032159
35736679|10032165
35736680|10032166
35736681|35736681
35736682|35736682
35736683|10067809
35736684|35736684
35736685|10058064
35736686|10058065
35736687|10058070
35736688|10063519
35736689|10063520
35736690|10010044
35736691|10010047
35736692|10021324
35736693|10021326
35736694|10031765
35736695|10033290
35736696|10045671
35736697|10052091
35736698|10058044
35736699|10058932
35736700|10058933
35736701|10059060
35736702|10059091
35736703|10059092
35736704|10059093
35736705|10059094
35736706|10059095
35736707|35736707
35736708|35736708
35736709|10065745
35736710|10065898
35736711|35736711
35736712|35736712
35736713|35736713
35736714|10068576
35736715|10006051
35736716|10009994
35736717|10017494
35736718|10022650
35736719|10032738
35736720|10045879
35736721|35736721
35736722|10056980
35736723|10057012
35736724|35736724
35736725|35736725
35736726|35736726
35736727|35736727
35736728|35736728
35736729|10054975
35736730|10054988
35736731|35736731
35736732|10060646
35736733|10020727
35736734|35736734
35736735|35736735
35736736|10026869
35736737|35736737
35736738|10022288
35736739|10022289
35736740|10022302
35736741|10022379
35736742|10022380
35736743|35736743
35736744|35736744
35736745|35736745
35736746|10017975
35736747|10017995
35736748|10029336
35736749|35736749
35736750|35736750
35736751|35736751
35736752|10063723
35736753|35736753
35736754|35736754
35736755|35736755
35736756|10065939
35736757|35736757
35736758|10055448
35736759|10002154
35736760|35736760
35736761|10002645
35736762|10016718
35736763|10016721
35736764|10038062
35736765|10038102
35736766|10068659
35736767|35736767
35736768|35736768
35736769|35736769
35736770|35736770
35736771|35736771
35736772|35736772
35736773|35736773
35736774|35736774
35736775|35736775
35736776|10057017
35736777|35736777
35736778|10010066
35736779|10022722
35736780|35736780
35736781|10062648
35736782|10010065
35736783|10012988
35736784|10012989
35736785|10016393
35736786|10016395
35736787|10016396
35736788|10016723
35736789|10016730
35736790|10018178
35736791|10018179
35736792|10045875
35736793|10051096
35736794|10051097
35736795|10052320
35736796|35736796
35736797|10061151
35736798|10061152
35736799|10016729
35736800|35736800
35736801|35736801
35736802|35736802
35736803|35736803
35736804|35736804
35736805|10016727
35736806|35736806
35736807|10065850
35736808|35736808
35736809|35736809
35736810|35736810
35736811|10065851
35736812|35736812
35736813|10057016
35736814|35736814
35736815|35736815
35736816|35736816
35736817|35736817
35736818|10016728
35736819|35736819
35736820|35736820
35736821|10000455
35736822|10020959
35736823|10004134
35736824|10004135
35736825|10004136
35736826|35736826
35736827|10036497
35736828|10036588
35736829|10053999
35736830|10055498
35736831|10056095
35736832|10062380
35736833|10068412
35736834|10068464
35736835|35736835
35736836|35736836
35736837|35736837
35736838|10017785
35736839|35736839
35736840|10017810
35736841|10050160
35736842|10050186
35736843|10055793
35736844|10057029
35736845|10057081
35736846|10062567
35736847|10062568
35736848|10064756
35736849|10000753
35736850|10017811
35736851|35736851
35736852|35736852
35736853|35736853
35736854|10022685
35736855|35736855
35736856|35736856
35736857|10028109
35736858|10028110
35736859|10055522
35736860|10035026
35736861|35736861
35736862|35736862
35736863|10051336
35736864|10051337
35736865|10051338
35736866|10062512
35736867|35736867
35736868|10020553
35736869|35736869
35736870|10020747
35736871|10041373
35736872|10020632
35736873|35736873
35736874|35736874
35736875|10049473
35736876|35736876
35736877|35736877
35736878|10055467
35736879|35736879
35736880|10066145
35736881|35736881
35736882|10011420
35736883|10062679
35736884|35736884
35736885|10015385
35736886|35736886
35736887|10062463
35736888|10013004
35736889|10015378
35736890|35736890
35736891|10055493
35736892|10066227
35736893|10066234
35736894|10013121
35736895|10013128
35736896|10015379
35736897|10015380
35736898|10030165
35736899|10030166
35736900|10031957
35736901|10032662
35736902|10032684
35736903|10045781
35736904|10045815
35736905|10056102
35736906|35736906
35736907|10022187
35736908|10056099
35736909|35736909
35736910|10058545
35736911|35736911
35736912|10057021
35736913|35736913
35736914|10064343
35736915|10000606
35736916|10012941
35736917|10012977
35736918|10018124
35736919|10036814
35736920|35736920
35736921|35736921
35736922|10017757
35736923|35736923
35736924|10017789
35736925|10017808
35736926|10017809
35736927|10017820
35736928|10018978
35736929|10019542
35736930|10019586
35736931|10042109
35736932|10055248
35736933|10055249
35736934|10055792
35736935|10055844
35736936|10055871
35736937|35736937
35736938|10057577
35736939|10057579
35736940|10058128
35736941|35736941
35736942|10053769
35736943|10017883
35736944|10017923
35736945|10026711
35736946|35736946
35736947|10056331
35736948|10015384
35736949|10019535
35736950|35736950
35736951|10060474
35736952|10005112
35736953|10015453
35736954|10015454
35736955|10015456
35736956|10015458
35736957|35736957
35736958|10030213
35736959|10055968
35736960|10058122
35736961|10058127
35736962|10068927
35736963|10068934
35736964|35736964
35736965|10067367
35736966|35736966
35736967|10049563
35736968|10053165
35736969|10055226
35736970|35736970
35736971|10015870
35736972|10055364
35736973|35736973
35736974|10059178
35736975|35736975
35736976|10060726
35736977|10009997
35736978|10009998
35736979|10019532
35736980|10019564
35736981|35736981
35736982|10055302
35736983|10055802
35736984|10055826
35736985|10065747
35736986|10065758
35736987|35736987
35736988|10005129
35736989|10005131
35736990|10018975
35736991|10018993
35736992|10018997
35736993|10019572
35736994|10019583
35736995|10038035
35736996|10038036
35736997|10038037
35736998|35736998
35736999|10038064
35737000|10055232
35737001|10055273
35737002|10055327
35737003|10055676
35737004|10055842
35737005|10063014
35737006|10063132
35737007|10013814
35737008|10013829
35737009|10019534
35737010|10019546
35737011|10019556
35737012|10019567
35737013|10019568
35737014|10021301
35737015|10023173
35737016|35737016
35737017|10055242
35737018|10055287
35737019|10055300
35737020|10055337
35737021|10055804
35737022|10055812
35737023|10055819
35737024|10055828
35737025|10055829
35737026|35737026
35737027|10000951
35737028|10005116
35737029|10017870
35737030|10017871
35737031|10017878
35737032|10017935
35737033|10017936
35737034|35737034
35737035|10017956
35737036|10017957
35737037|10017960
35737038|10017961
35737039|10018015
35737040|10018016
35737041|10018230
35737042|10018232
35737043|10018233
35737044|10018243
35737045|10018991
35737046|10018992
35737047|10019543
35737048|10019566
35737049|10055270
35737050|10055809
35737051|10005437
35737052|10009840
35737053|10014543
35737054|35737054
35737055|10019418
35737056|10023792
35737057|10026873
35737058|10047702
35737059|10049895
35737060|10060649
35737061|10060655
35737062|10005603
35737063|10005805
35737064|10005873
35737065|10016098
35737066|10016304
35737067|35737067
35737068|10042144
35737069|10060544
35737070|10018984
35737071|10022729
35737072|10055268
35737073|10055291
35737074|35737074
35737075|35737075
35737076|10051746
35737077|10005438
35737078|10018831
35737079|10019419
35737080|35737080
35737081|10027162
35737082|10042153
35737083|10043119
35737084|35737084
35737085|10045284
35737086|35737086
35737087|10046284
35737088|10055356
35737089|10000288
35737090|10034447
35737091|10048428
35737092|35737092
35737093|10002139
35737094|35737094
35737095|10002178
35737096|10002850
35737097|10034449
35737098|10034455
35737099|35737099
35737100|10008539
35737101|10034451
35737102|10062066
35737103|35737103
35737104|10051539
35737105|35737105
35737106|35737106
35737107|10034450
35737108|10034456
35737109|10002181
35737110|10010291
35737111|10010293
35737112|10010294
35737113|10010295
35737114|10018182
35737115|10034457
35737116|10047202
35737117|10048423
35737118|10053433
35737119|10053434
35737120|35737120
35737121|10066519
35737122|35737122
35737123|10007902
35737124|10002579
35737125|35737125
35737126|10000684
35737127|10002578
35737128|10008838
35737129|35737129
35737130|35737130
35737131|35737131
35737132|35737132
35737133|35737133
35737134|10008567
35737135|35737135
35737136|35737136
35737137|10018576
35737138|10018616
35737139|10028906
35737140|35737140
35737141|10062843
35737142|35737142
35737143|10054244
35737144|35737144
35737145|10000270
35737146|10002642
35737147|10023046
35737148|35737148
35737149|35737149
35737150|10036674
35737151|35737151
35737152|10005091
35737153|35737153
35737154|10007047
35737155|35737155
35737156|10007049
35737157|10017897
35737158|10007045
35737159|10007046
35737160|10012730
35737161|10012739
35737162|10022660
35737163|35737163
35737164|10011501
35737165|35737165
35737166|10066526
35737167|35737167
35737168|35737168
35737169|35737169
35737170|10053556
35737171|10066511
35737172|35737172
35737173|10051352
35737174|35737174
35737175|10051351
35737176|35737176
35737177|35737177
35737178|35737178
35737179|10051785
35737180|35737180
35737181|35737181
35737182|10017907
35737183|10059169
35737184|10066586
35737185|10066762
35737186|10068579
35737187|10068580
35737188|10014905
35737189|10014906
35737190|10015298
35737191|35737191
35737192|10022662
35737193|10022663
35737194|10022664
35737195|10022665
35737196|10022666
35737197|10022669
35737198|10022676
35737199|10055861
35737200|10014861
35737201|10014867
35737202|35737202
35737203|35737203
35737204|10022658
35737205|10001428
35737206|10001429
35737207|35737207
35737208|10014868
35737209|35737209
35737210|10003973
35737211|10003976
35737212|35737212
35737213|10004020
35737214|10017895
35737215|10022667
35737216|10022668
35737217|10022671
35737218|10022672
35737219|35737219
35737220|10014869
35737221|10017896
35737222|35737222
35737223|10064855
35737224|10006838
35737225|10009654
35737226|10009660
35737227|10016953
35737228|10016954
35737229|35737229
35737230|10017909
35737231|10034433
35737232|35737232
35737233|10011492
35737234|10011500
35737235|35737235
35737236|10049817
35737237|10055409
35737238|10014908
35737239|35737239
35737240|10014871
35737241|10017906
35737242|10029788
35737243|10029790
35737244|35737244
35737245|10068192
35737246|10068193
35737247|35737247
35737248|10022659
35737249|35737249
35737250|10022673
35737251|35737251
35737252|10022674
35737253|10014874
35737254|35737254
35737255|10039230
35737256|10039232
35737257|10068210
35737258|10068218
35737259|35737259
35737260|10039432
35737261|10039433
35737262|10039434
35737263|10039443
35737264|10053197
35737265|35737265
35737266|10068194
35737267|10068195
35737268|10003972
35737269|35737269
35737270|10039342
35737271|10039343
35737272|10039344
35737273|10039345
35737274|10040544
35737275|10040546
35737276|10040548
35737277|10040549
35737278|10040552
35737279|35737279
35737280|10022675
35737281|10041921
35737282|10041922
35737283|10041938
35737284|10053426
35737285|10057963
35737286|10016955
35737287|10016956
35737288|35737288
35737289|10047399
35737290|10060538
35737291|10014872
35737292|10014873
35737293|10014875
35737294|10017784
35737295|35737295
35737296|10017919
35737297|10042105
35737298|10042125
35737299|10047445
35737300|35737300
35737301|10022677
35737302|10048247
35737303|10048248
35737304|10017904
35737305|10018803
35737306|10019374
35737307|10019376
35737308|10020421
35737309|10051790
35737310|35737310
35737311|10065231
35737312|10022693
35737313|10033913
35737314|35737314
35737315|35737315
35737316|35737316
35737317|10000048
35737318|10059621
35737319|10059622
35737320|35737320
35737321|35737321
35737322|10056570
35737323|35737323
35737324|35737324
35737325|35737325
35737326|35737326
35737327|10009837
35737328|10020007
35737329|35737329
35737330|10003443
35737331|35737331
35737332|10055408
35737333|10066690
35737334|10066760
35737335|35737335
35737336|10004023
35737337|10031678
35737338|10032055
35737339|10032530
35737340|35737340
35737341|10004081
35737342|10008375
35737343|10008376
35737344|10008377
35737345|10031726
35737346|10032541
35737347|10043116
35737348|35737348
35737349|35737349
35737350|10008632
35737351|10008633
35737352|10008634
35737353|10045658
35737354|10047397
35737355|10047398
35737356|35737356
35737357|10009345
35737358|10049017
35737359|35737359
35737360|10012733
35737361|35737361
35737362|10012746
35737363|10021907
35737364|10021908
35737365|10021909
35737366|10044264
35737367|10044265
35737368|10044552
35737369|10044553
35737370|10055411
35737371|10055417
35737372|35737372
35737373|10055412
35737374|35737374
35737375|10013030
35737376|10013031
35737377|10016710
35737378|10041375
35737379|35737379
35737380|10014097
35737381|10014098
35737382|10014100
35737383|10014104
35737384|10014105
35737385|10014106
35737386|10014108
35737387|10014109
35737388|10020479
35737389|10020480
35737390|10043091
35737391|10016233
35737392|35737392
35737393|10024688
35737394|35737394
35737395|10016236
35737396|10022648
35737397|10022649
35737398|35737398
35737399|35737399
35737400|10007133
35737401|10007147
35737402|10007162
35737403|10017875
35737404|10017937
35737405|35737405
35737406|10017976
35737407|10018231
35737408|10027828
35737409|10027831
35737410|10051863
35737411|35737411
35737412|35737412
35737413|10017965
35737414|10018234
35737415|10022670
35737416|10022679
35737417|10018004
35737418|10032433
35737419|10032434
35737420|10032861
35737421|10046118
35737422|35737422
35737423|35737423
35737424|10019380
35737425|10019382
35737426|10022654
35737427|10027765
35737428|10031571
35737429|10032171
35737430|10032748
35737431|10032785
35737432|35737432
35737433|10063126
35737434|35737434
35737435|10002253
35737436|10002254
35737437|10002255
35737438|10002256
35737439|10002257
35737440|10002258
35737441|10002259
35737442|10002260
35737443|35737443
35737444|10028826
35737445|10032505
35737446|10059559
35737447|10013882
35737448|35737448
35737449|10020547
35737450|10020548
35737451|10009827
35737452|10023074
35737453|35737453
35737454|35737454
35737455|10039241
35737456|10061931
35737457|35737457
35737458|35737458
35737459|10014652
35737460|10025090
35737461|35737461
35737462|10033795
35737463|10055573
35737464|10014863
35737465|10033970
35737466|35737466
35737467|10033972
35737468|10033973
35737469|10033974
35737470|10033975
35737471|10039441
35737472|35737472
35737473|10004652
35737474|10023319
35737475|10032888
35737476|10039599
35737477|10039600
35737478|10039601
35737479|10039602
35737480|35737480
35737481|10039604
35737482|10039607
35737483|10039608
35737484|10039609
35737485|10039611
35737486|10046149
35737487|10054604
35737488|10054605
35737489|10020560
35737490|10042252
35737491|10042253
35737492|35737492
35737493|10004201
35737494|10011757
35737495|10011775
35737496|10036174
35737497|10043092
35737498|10043093
35737499|10043094
35737500|35737500
35737501|10043096
35737502|10016809
35737503|10032913
35737504|10033004
35737505|10044559
35737506|10044561
35737507|35737507
35737508|10044606
35737509|10044607
35737510|35737510
35737511|10044609
35737512|35737512
35737513|35737513
35737514|10044631
35737515|10047934
35737516|10053126
35737517|10044761
35737518|10044837
35737519|10044838
35737520|10044839
35737521|10044840
35737522|10044841
35737523|10044842
35737524|10044843
35737525|10044844
35737526|10044845
35737527|35737527
35737528|10014862
35737529|10039446
35737530|10045272
35737531|10045273
35737532|35737532
35737533|35737533
35737534|10055421
35737535|35737535
35737536|10000299
35737537|10067675
35737538|10001916
35737539|10001917
35737540|10001918
35737541|10001921
35737542|10001979
35737543|35737543
35737544|10001982
35737545|10001983
35737546|10001988
35737547|10041441
35737548|10041442
35737549|10001924
35737550|35737550
35737551|10001991
35737552|10057698
35737553|10057699
35737554|10062809
35737555|10000660
35737556|10000661
35737557|10001920
35737558|10001978
35737559|35737559
35737560|10001987
35737561|10008930
35737562|10008931
35737563|10014858
35737564|10014859
35737565|10022639
35737566|10062810
35737567|10062811
35737568|10066602
35737569|35737569
35737570|10000677
35737571|10000680
35737572|35737572
35737573|10003014
35737574|10031668
35737575|10045550
35737576|10057883
35737577|10059632
35737578|10066023
35737579|10066038
35737580|10006839
35737581|10009662
35737582|35737582
35737583|10006833
35737584|10006834
35737585|10006835
35737586|35737586
35737587|10012734
35737588|10012748
35737589|10022661
35737590|10052815
35737591|35737591
35737592|10011721
35737593|35737593
35737594|10066411
35737595|35737595
35737596|10051359
35737597|10066507
35737598|35737598
35737599|35737599
35737600|35737600
35737601|10013898
35737602|10013991
35737603|35737603
35737604|10066603
35737605|10021354
35737606|35737606
35737607|10065752
35737608|10065753
35737609|10065754
35737610|10065771
35737611|35737611
35737612|10053882
35737613|10055645
35737614|35737614
35737615|10014882
35737616|10014883
35737617|10035070
35737618|10035071
35737619|10043499
35737620|10043500
35737621|10062569
35737622|35737622
35737623|10014898
35737624|35737624
35737625|35737625
35737626|35737626
35737627|10009902
35737628|10021905
35737629|10021906
35737630|35737630
35737631|10065751
35737632|10065761
35737633|10049649
35737634|10056654
35737635|35737635
35737636|10014870
35737637|35737637
35737638|10051917
35737639|10018261
35737640|35737640
35737641|10064239
35737642|10009899
35737643|10014879
35737644|10014900
35737645|35737645
35737646|10037130
35737647|10037131
35737648|10050214
35737649|10003302
35737650|10003303
35737651|10003322
35737652|10003328
35737653|10003334
35737654|10003341
35737655|10003347
35737656|10003348
35737657|10003354
35737658|10003355
35737659|10003361
35737660|10003368
35737661|10003374
35737662|10003391
35737663|10016669
35737664|10038292
35737665|10038293
35737666|35737666
35737667|10038295
35737668|10022713
35737669|35737669
35737670|35737670
35737671|10062415
35737672|10066509
35737673|10066510
35737674|35737674
35737675|10058534
35737676|35737676
35737677|10058832
35737678|10007137
35737679|10007139
35737680|10007150
35737681|10007161
35737682|10015364
35737683|10015365
35737684|10030153
35737685|35737685
35737686|10056094
35737687|10065047
35737688|10065056
35737689|10066491
35737690|10066848
35737691|10058548
35737692|10058551
35737693|35737693
35737694|10058804
35737695|35737695
35737696|10044811
35737697|10044812
35737698|10044813
35737699|10044814
35737700|10044815
35737701|10044816
35737702|10044817
35737703|10044818
35737704|10055484
35737705|10056108
35737706|10056109
35737707|10056110
35737708|10056111
35737709|10056112
35737710|10056113
35737711|10056114
35737712|10056115
35737713|10051354
35737714|10058533
35737715|35737715
35737716|10052455
35737717|35737717
35737718|35737718
35737719|10056716
35737720|35737720
35737721|10060191
35737722|10000049
35737723|35737723
35737724|35737724
35737725|10068554
35737726|10068555
35737727|35737727
35737728|35737728
35737729|35737729
35737730|10008543
35737731|35737731
35737732|10032959
35737733|10034683
35737734|10042588
35737735|10051156
35737736|35737736
35737737|10045096
35737738|10045097
35737739|10045098
35737740|10045099
35737741|10045100
35737742|10045101
35737743|10045102
35737744|10045103
35737745|35737745
35737746|10034675
35737747|10061135
35737748|35737748
35737749|10018591
35737750|35737750
35737751|35737751
35737752|35737752
35737753|10035646
35737754|35737754
35737755|10042921
35737756|35737756
35737757|35737757
35737758|35737758
35737759|10009889
35737760|10009890
35737761|10009894
35737762|10009898
35737763|10013473
35737764|10021220
35737765|10025268
35737766|10033573
35737767|10039165
35737768|35737768
35737769|35737769
35737770|10000820
35737771|35737771
35737772|10009896
35737773|10023037
35737774|10055743
35737775|10055744
35737776|10057273
35737777|10057287
35737778|35737778
35737779|35737779
35737780|35737780
35737781|10009901
35737782|10014880
35737783|10014901
35737784|10024123
35737785|10033007
35737786|10045282
35737787|10045283
35737788|10045359
35737789|10045360
35737790|10045364
35737791|10045365
35737792|10045366
35737793|10045367
35737794|10045546
35737795|10058816
35737796|10064896
35737797|10066678
35737798|10067556
35737799|10009892
35737800|10009893
35737801|10014876
35737802|35737802
35737803|10014897
35737804|10019597
35737805|10019603
35737806|10051377
35737807|10055852
35737808|10055855
35737809|10014899
35737810|10028884
35737811|35737811
35737812|10055642
35737813|10055644
35737814|10055646
35737815|35737815
35737816|10037144
35737817|10037634
35737818|35737818
35737819|10037636
35737820|35737820
35737821|10000769
35737822|10000771
35737823|10008882
35737824|10017790
35737825|35737825
35737826|10017855
35737827|10017859
35737828|10017864
35737829|10017869
35737830|10021967
35737831|10032739
35737832|10032741
35737833|10034909
35737834|10042110
35737835|10045881
35737836|10045883
35737837|10045884
35737838|10048360
35737839|10055882
35737840|10057083
35737841|10060460
35737842|10065715
35737843|10067629
35737844|10067634
35737845|10068200
35737846|10001620
35737847|10001622
35737848|35737848
35737849|10055756
35737850|10001621
35737851|35737851
35737852|10055254
35737853|10060463
35737854|10003685
35737855|10003687
35737856|35737856
35737857|10055764
35737858|10067377
35737859|10068466
35737860|10000770
35737861|10003686
35737862|10017861
35737863|35737863
35737864|10017867
35737865|10019604
35737866|10032740
35737867|10045882
35737868|10048361
35737869|10055255
35737870|10055256
35737871|10055763
35737872|10055856
35737873|10060459
35737874|35737874
35737875|35737875
35737876|35737876
35737877|10055257
35737878|35737878
35737879|10055651
35737880|10017858
35737881|10017862
35737882|10017863
35737883|35737883
35737884|35737884
35737885|35737885
35737886|10011407
35737887|10014904
35737888|10006917
35737889|35737889
35737890|10007859
35737891|10045271
35737892|10055442
35737893|10011398
35737894|10011399
35737895|10011400
35737896|35737896
35737897|10011402
35737898|10011403
35737899|10011404
35737900|10011405
35737901|10011406
35737902|10011408
35737903|10013099
35737904|10013475
35737905|10021314
35737906|10021315
35737907|10038280
35737908|10038281
35737909|10038282
35737910|10038283
35737911|10038284
35737912|10038285
35737913|10043280
35737914|10057032
35737915|10057035
35737916|10057076
35737917|10057086
35737918|10058815
35737919|35737919
35737920|10013868
35737921|10034340
35737922|10052444
35737923|10055787
35737924|35737924
35737925|10013866
35737926|10013867
35737927|10055786
35737928|35737928
35737929|35737929
35737930|10062647
35737931|10068198
35737932|35737932
35737933|10009891
35737934|10014895
35737935|10017892
35737936|10017900
35737937|35737937
35737938|10037766
35737939|10017905
35737940|10017981
35737941|10031607
35737942|10032310
35737943|10032312
35737944|10061167
35737945|35737945
35737946|10065710
35737947|10065733
35737948|10067630
35737949|10067635
35737950|10044225
35737951|35737951
35737952|10064891
35737953|10000638
35737954|35737954
35737955|10021313
35737956|10029546
35737957|10021184
35737958|35737958
35737959|10021973
35737960|35737960
35737961|35737961
35737962|35737962
35737963|35737963
35737964|10028889
35737965|10052818
35737966|35737966
35737967|35737967
35737968|35737968
35737969|10022643
35737970|10022721
35737971|35737971
35737972|35737972
35737973|10017925
35737974|10015461
35737975|10015462
35737976|10015464
35737977|35737977
35737978|10030217
35737979|10030220
35737980|10032042
35737981|10041365
35737982|10048028
35737983|10055499
35737984|10065726
35737985|10065960
35737986|10015463
35737987|35737987
35737988|35737988
35737989|10055309
35737990|35737990
35737991|10048900
35737992|10038262
35737993|35737993
35737994|10034644
35737995|10034645
35737996|35737996
35737997|10059807
35737998|10001018
35737999|10009108
35738000|35738000
35738001|10036782
35738002|10038066
35738003|10063190
35738004|10019608
35738005|35738005
35738006|10036779
35738007|10055859
35738008|35738008
35738009|10045361
35738010|10045362
35738011|10045368
35738012|10010015
35738013|10018050
35738014|10021238
35738015|35738015
35738016|10036785
35738017|10036789
35738018|10057091
35738019|10000706
35738020|10002739
35738021|10012727
35738022|10012728
35738023|10012732
35738024|35738024
35738025|10012737
35738026|10012740
35738027|10012745
35738028|10015704
35738029|10017331
35738030|10017495
35738031|10017496
35738032|10017497
35738033|10021176
35738034|10021177
35738035|10021223
35738036|10024837
35738037|10024838
35738038|10024839
35738039|10024840
35738040|10028399
35738041|10029451
35738042|10039894
35738043|10042156
35738044|10042157
35738045|10046498
35738046|10047849
35738047|10048838
35738048|10055410
35738049|10055414
35738050|10055415
35738051|10055416
35738052|10055420
35738053|10055422
35738054|10055955
35738055|10055956
35738056|10055958
35738057|10055959
35738058|10055960
35738059|10056240
35738060|10056241
35738061|10056985
35738062|10057013
35738063|10057036
35738064|10066533
35738065|10066534
35738066|10066556
35738067|10066557
35738068|10067053
35738069|10067054
35738070|10068684
35738071|10068685
35738072|10005872
35738073|10012729
35738074|10012738
35738075|35738075
35738076|10019007
35738077|10019600
35738078|10055957
35738079|10060536
35738080|10012731
35738081|35738081
35738082|10012747
35738083|10036304
35738084|10036305
35738085|10036319
35738086|10055413
35738087|10055419
35738088|10056986
35738089|10057014
35738090|35738090
35738091|10057590
35738092|10003836
35738093|10036799
35738094|35738094
35738095|10009939
35738096|35738096
35738097|10052447
35738098|10052504
35738099|35738099
35738100|35738100
35738101|10010775
35738102|10021175
35738103|10029932
35738104|10048346
35738105|10055500
35738106|10059082
35738107|10063582
35738108|35738108
35738109|10003632
35738110|10003634
35738111|35738111
35738112|10042077
35738113|10000708
35738114|10013005
35738115|10013008
35738116|35738116
35738117|10042100
35738118|10067980
35738119|35738119
35738120|10022698
35738121|35738121
35738122|10052386
35738123|10052537
35738124|10062664
35738125|10000479
35738126|10004651
35738127|10015389
35738128|10017884
35738129|35738129
35738130|10017924
35738131|10018203
35738132|10030182
35738133|10030183
35738134|10055450
35738135|10055474
35738136|10062369
35738137|10066872
35738138|10066873
35738139|10066874
35738140|10067856
35738141|35738141
35738142|10036426
35738143|10012199
35738144|10017818
35738145|10018043
35738146|10021227
35738147|35738147
35738148|10033811
35738149|10038777
35738150|10038780
35738151|10066566
35738152|10048719
35738153|10055445
35738154|35738154
35738155|35738155
35738156|35738156
35738157|35738157
35738158|10067753
35738159|10067755
35738160|10051798
35738161|35738161
35738162|35738162
35738163|35738163
35738164|10008394
35738165|10008395
35738166|35738166
35738167|10050960
35738168|35738168
35738169|35738169
35738170|10013925
35738171|10013926
35738172|10055456
35738173|10065279
35738174|10065284
35738175|10016354
35738176|10017978
35738177|10021636
35738178|10022684
35738179|10040001
35738180|10040002
35738181|10041905
35738182|10048466
35738183|10059629
35738184|10059634
35738185|35738185
35738186|10000420
35738187|10000422
35738188|10000423
35738189|35738189
35738190|10030226
35738191|10036669
35738192|10052061
35738193|10055457
35738194|10055497
35738195|10055966
35738196|10056100
35738197|35738197
35738198|10060700
35738199|10000421
35738200|35738200
35738201|35738201
35738202|10012111
35738203|10012114
35738204|10048455
35738205|10055965
35738206|10012112
35738207|35738207
35738208|10017368
35738209|10017369
35738210|10021656
35738211|10021661
35738212|10048456
35738213|10055446
35738214|10064623
35738215|35738215
35738216|10017821
35738217|10042115
35738218|35738218
35738219|10020678
35738220|10021303
35738221|10022655
35738222|35738222
35738223|10052536
35738224|10067368
35738225|10006050
35738226|10009897
35738227|10009980
35738228|10010012
35738229|10021192
35738230|10023002
35738231|35738231
35738232|10023004
35738233|10023005
35738234|10028131
35738235|10037189
35738236|10041409
35738237|10048571
35738238|10048583
35738239|10060845
35738240|10060849
35738241|10066868
35738242|10015390
35738243|10015469
35738244|35738244
35738245|10030225
35738246|10041383
35738247|10042751
35738248|10056087
35738249|10056089
35738250|35738250
35738251|10041400
35738252|35738252
35738253|10041401
35738254|10001426
35738255|10008859
35738256|35738256
35738257|10033812
35738258|10033813
35738259|10033822
35738260|10033824
35738261|10033841
35738262|10034014
35738263|10058050
35738264|10068577
35738265|10068905
35738266|35738266
35738267|10000569
35738268|10018256
35738269|35738269
35738270|10027111
35738271|10027112
35738272|10027114
35738273|10027115
35738274|10027116
35738275|10044144
35738276|10049896
35738277|10055072
35738278|35738278
35738279|35738279
35738280|10000078
35738281|10000080
35738282|10026868
35738283|10037139
35738284|35738284
35738285|10000079
35738286|10000119
35738287|10000335
35738288|10006022
35738289|10006023
35738290|10006057
35738291|10006058
35738292|10008373
35738293|10048720
35738294|10048721
35738295|10056360
35738296|35738296
35738297|10067717
35738298|10000460
35738299|10000464
35738300|10012790
35738301|10012980
35738302|10013490
35738303|35738303
35738304|10013947
35738305|10013948
35738306|10015015
35738307|10015016
35738308|10015017
35738309|10016768
35738310|10019326
35738311|10019327
35738312|10019328
35738313|10021697
35738314|10021706
35738315|10021707
35738316|10021708
35738317|10037676
35738318|10038985
35738319|10042079
35738320|10045344
35738321|10047844
35738322|10048482
35738323|10049602
35738324|10064536
35738325|10065005
35738326|10066567
35738327|10066990
35738328|10066998
35738329|10013087
35738330|35738330
35738331|10004222
35738332|10006591
35738333|10006804
35738334|35738334
35738335|10017741
35738336|10017742
35738337|10058055
35738338|10063053
35738339|35738339
35738340|10000134
35738341|10000181
35738342|10016084
35738343|10016291
35738344|10016302
35738345|10016303
35738346|10029678
35738347|10042154
35738348|10049139
35738349|10055428
35738350|35738350
35738351|10050254
35738352|10055508
35738353|35738353
35738354|10055509
35738355|10066305
35738356|35738356
35738357|10057015
35738358|10067957
35738359|10067958
35738360|10016087
35738361|10016089
35738362|10016090
35738363|10016294
35738364|10016295
35738365|10021512
35738366|10021515
35738367|10055504
35738368|10055505
35738369|10056117
35738370|35738370
35738371|10056329
35738372|10056330
35738373|10056334
35738374|10067340
35738375|10004977
35738376|10013074
35738377|10013077
35738378|10013081
35738379|35738379
35738380|10016307
35738381|10016308
35738382|10018719
35738383|10042143
35738384|10042148
35738385|10042149
35738386|10056123
35738387|10058607
35738388|10058608
35738389|10062418
35738390|35738390
35738391|10016309
35738392|10042155
35738393|10016099
35738394|35738394
35738395|10016305
35738396|10016306
35738397|10016311
35738398|10042150
35738399|10042151
35738400|10057077
35738401|10028139
35738402|35738402
35738403|10064843
35738404|10000041
35738405|10000045
35738406|10000046
35738407|35738407
35738408|10000061
35738409|10000065
35738410|10005264
35738411|10005265
35738412|10005267
35738413|10013480
35738414|10013481
35738415|10013482
35738416|10014842
35738417|10015018
35738418|10016348
35738419|10016349
35738420|10017467
35738421|10017953
35738422|10042106
35738423|10042678
35738424|10042679
35738425|10042714
35738426|10048746
35738427|10050472
35738428|10001431
35738429|10001533
35738430|10037185
35738431|35738431
35738432|10000107
35738433|10001530
35738434|10001531
35738435|10015604
35738436|35738436
35738437|10016767
35738438|10016769
35738439|10016771
35738440|10017735
35738441|10017736
35738442|10017738
35738443|10017739
35738444|10017743
35738445|10027493
35738446|10033401
35738447|10045213
35738448|10047989
35738449|10063052
35738450|10000039
35738451|10000040
35738452|10000055
35738453|10000056
35738454|10000057
35738455|10000058
35738456|35738456
35738457|10000082
35738458|10000083
35738459|10000085
35738460|10004226
35738461|10007927
35738462|10009881
35738463|10009882
35738464|10009886
35738465|10011286
35738466|10013860
35738467|10018726
35738468|10018727
35738469|10033373
35738470|10033374
35738471|10045148
35738472|10048358
35738473|10050997
35738474|10054850
35738475|10058826
35738476|10062367
35738477|10064907
35738478|35738478
35738479|10065606
35738480|10065801
35738481|10066568
35738482|35738482
35738483|10011289
35738484|10020987
35738485|10021341
35738486|10024940
35738487|10052347
35738488|10058051
35738489|10000086
35738490|35738490
35738491|10000429
35738492|10015014
35738493|10015026
35738494|10015027
35738495|10015028
35738496|10017814
35738497|10020964
35738498|10020966
35738499|10033394
35738500|10033402
35738501|10033407
35738502|10033489
35738503|10033490
35738504|10033492
35738505|10036650
35738506|10039162
35738507|10039338
35738508|10042076
35738509|10042102
35738510|10042112
35738511|10042126
35738512|10045343
35738513|10046272
35738514|10048944
35738515|10049901
35738516|10050044
35738517|10052502
35738518|10059592
35738519|10059606
35738520|10064215
35738521|10064906
35738522|10066562
35738523|10066612
35738524|10000089
35738525|35738525
35738526|10000066
35738527|35738527
35738528|10038000
35738529|10051889
35738530|10067066
35738531|35738531
35738532|10043227
35738533|10069063
35738534|10069064
35738535|35738535
35738536|10018000
35738537|10018241
35738538|10018796
35738539|10022720
35738540|10041388
35738541|10049136
35738542|10049476
35738543|10049898
35738544|10049900
35738545|10066080
35738546|10009884
35738547|10021732
35738548|35738548
35738549|10043512
35738550|10015299
35738551|10015388
35738552|35738552
35738553|10033395
35738554|10052160
35738555|10056085
35738556|10056093
35738557|35738557
35738558|10000042
35738559|10000043
35738560|35738560
35738561|10000062
35738562|10006776
35738563|10006785
35738564|10013084
35738565|10013488
35738566|10013491
35738567|10017791
35738568|10017972
35738569|10018028
35738570|10018235
35738571|10018249
35738572|10023009
35738573|10023014
35738574|10023015
35738575|10024937
35738576|10024938
35738577|10024939
35738578|10024941
35738579|10042101
35738580|10042104
35738581|10042108
35738582|10042111
35738583|10042114
35738584|10042124
35738585|10046317
35738586|10046318
35738587|10054209
35738588|10054248
35738589|10067000
35738590|10000095
35738591|10032900
35738592|10032963
35738593|35738593
35738594|10000047
35738595|10000096
35738596|35738596
35738597|10042784
35738598|10062972
35738599|35738599
35738600|10004062
35738601|10006325
35738602|35738602
35738603|10006327
35738604|10006328
35738605|10006330
35738606|10006331
35738607|10016536
35738608|10019058
35738609|10030093
35738610|10041220
35738611|10050291
35738612|10055423
35738613|10055424
35738614|10055426
35738615|10055964
35738616|10066188
35738617|35738617
35738618|10006515
35738619|10018489
35738620|10018725
35738621|10043175
35738622|10043176
35738623|10043182
35738624|10048566
35738625|10057326
35738626|35738626
35738627|10012173
35738628|10013213
35738629|35738629
35738630|10042645
35738631|10042646
35738632|10042647
35738633|10042649
35738634|10048359
35738635|35738635
35738636|35738636
35738637|10006052
35738638|10016088
35738639|10016091
35738640|35738640
35738641|10016296
35738642|10016310
35738643|10021640
35738644|10021641
35738645|10021646
35738646|10048477
35738647|10050492
35738648|10055503
35738649|10055506
35738650|10055507
35738651|10056118
35738652|10065601
35738653|10016313
35738654|10016537
35738655|35738655
35738656|10020037
35738657|10020038
35738658|35738658
35738659|10040732
35738660|10040733
35738661|10040734
35738662|10066097
35738663|10015598
35738664|35738664
35738665|10026840
35738666|10032110
35738667|10036132
35738668|10052283
35738669|10026841
35738670|10052282
35738671|35738671
35738672|10063889
35738673|10008523
35738674|10010807
35738675|35738675
35738676|10021644
35738677|10021645
35738678|10048555
35738679|35738679
35738680|35738680
35738681|10067577
35738682|10067578
35738683|10013506
35738684|35738684
35738685|10067464
35738686|35738686
35738687|10037202
35738688|10039292
35738689|10039293
35738690|10039294
35738691|10050465
35738692|10030163
35738693|35738693
35738694|10055465
35738695|10055466
35738696|35738696
35738697|10065575
35738698|35738698
35738699|10033479
35738700|35738700
35738701|10034264
35738702|10034265
35738703|10048581
35738704|10064189
35738705|35738705
35738706|35738706
35738707|10047507
35738708|10049732
35738709|35738709
35738710|35738710
35738711|10036330
35738712|35738712
35738713|10013810
35738714|10036255
35738715|35738715
35738716|10036375
35738717|35738717
35738718|10001036
35738719|10001037
35738720|35738720
35738721|10068566
35738722|35738722
35738723|10058963
35738724|35738724
35738725|35738725
35738726|35738726
35738727|10064669
35738728|35738728
35738729|10064671
35738730|10036226
35738731|35738731
35738732|10009165
35738733|10016361
35738734|35738734
35738735|10028815
35738736|10028822
35738737|10028823
35738738|10037730
35738739|10040660
35738740|10048364
35738741|10056989
35738742|10064349
35738743|35738743
35738744|10028818
35738745|10036285
35738746|10061243
35738747|35738747
35738748|10036238
35738749|10036274
35738750|10047703
35738751|10047707
35738752|10057584
35738753|10057591
35738754|35738754
35738755|10038288
35738756|35738756
35738757|10067172
35738758|10017572
35738759|35738759
35738760|10052104
35738761|10056314
35738762|10066780
35738763|10004682
35738764|10014542
35738765|10018804
35738766|10020613
35738767|10028816
35738768|10028819
35738769|10028820
35738770|10028821
35738771|10034716
35738772|10047699
35738773|35738773
35738774|10047701
35738775|10047706
35738776|10047710
35738777|10048356
35738778|10052008
35738779|10052009
35738780|10052401
35738781|10058979
35738782|10059851
35738783|10024012
35738784|10024013
35738785|10024014
35738786|10024015
35738787|10027975
35738788|10028814
35738789|10033055
35738790|10033056
35738791|10033057
35738792|10033058
35738793|10046244
35738794|10046245
35738795|10046246
35738796|10046247
35738797|35738797
35738798|10067047
35738799|35738799
35738800|35738800
35738801|10037205
35738802|35738802
35738803|35738803
35738804|10002177
35738805|35738805
35738806|10041992
35738807|35738807
35738808|35738808
35738809|35738809
35738810|10013020
35738811|35738811
35738812|35738812
35738813|10029955
35738814|10032341
35738815|10013834
35738816|10013835
35738817|35738817
35738818|10059727
35738819|35738819
35738820|10021308
35738821|10041979
35738822|10041984
35738823|10042236
35738824|35738824
35738825|10041981
35738826|10041985
35738827|10021329
35738828|10021334
35738829|35738829
35738830|10027060
35738831|10032260
35738832|10044432
35738833|35738833
35738834|35738834
35738835|10029969
35738836|10041055
35738837|35738837
35738838|10041102
35738839|10041129
35738840|10056357
35738841|10065730
35738842|10065732
35738843|10041106
35738844|10041107
35738845|10041108
35738846|10041132
35738847|10041996
35738848|35738848
35738849|35738849
35738850|35738850
35738851|35738851
35738852|10017819
35738853|10020418
35738854|35738854
35738855|35738855
35738856|10000556
35738857|10001404
35738858|35738858
35738859|10037622
35738860|10056374
35738861|10062499
35738862|10064757
35738863|35738863
35738864|10057090
35738865|35738865
35738866|10069084
35738867|35738867
35738868|10056365
35738869|35738869
35738870|10029966
35738871|10017996
35738872|10018244
35738873|35738873
35738874|35738874
35738875|10018010
35738876|10018245
35738877|35738877
35738878|10021330
35738879|10021331
35738880|10021332
35738881|10056322
35738882|35738882
35738883|10006055
35738884|10021516
35738885|10021517
35738886|35738886
35738887|10022689
35738888|10022690
35738889|10022691
35738890|10022692
35738891|10029937
35738892|10029958
35738893|10032130
35738894|10032787
35738895|10032788
35738896|10042278
35738897|10045979
35738898|10062716
35738899|10068622
35738900|35738900
35738901|10022700
35738902|10022701
35738903|10022702
35738904|10041980
35738905|10042232
35738906|35738906
35738907|10021231
35738908|35738908
35738909|10022874
35738910|10022875
35738911|10057087
35738912|35738912
35738913|10064905
35738914|35738914
35738915|35738915
35738916|10059670
35738917|10009975
35738918|35738918
35738919|10029954
35738920|10065723
35738921|10065736
35738922|10009981
35738923|35738923
35738924|10010005
35738925|10041977
35738926|10041983
35738927|10042234
35738928|35738928
35738929|35738929
35738930|35738930
35738931|10057282
35738932|10023711
35738933|10023793
35738934|10056358
35738935|35738935
35738936|10023713
35738937|35738937
35738938|10023798
35738939|35738939
35738940|10047698
35738941|10064213
35738942|10064219
35738943|10065677
35738944|35738944
35738945|10055447
35738946|10057031
35738947|10015387
35738948|10029956
35738949|35738949
35738950|10056101
35738951|10015448
35738952|10015449
35738953|35738953
35738954|10030195
35738955|10030199
35738956|10041978
35738957|10042229
35738958|10042230
35738959|10042231
35738960|10042235
35738961|10055479
35738962|10056088
35738963|10056105
35738964|10056106
35738965|10065406
35738966|10065412
35738967|10034132
35738968|10035632
35738969|35738969
35738970|35738970
35738971|35738971
35738972|10041313
35738973|10042001
35738974|10045286
35738975|10045350
35738976|10063125
35738977|35738977
35738978|10063902
35738979|35738979
35738980|10045321
35738981|35738981
35738982|35738982
35738983|10041312
35738984|10041314
35738985|10042002
35738986|10045333
35738987|35738987
35738988|10038082
35738989|10055328
35738990|10055329
35738991|35738991
35738992|10034409
35738993|35738993
35738994|10000711
35738995|10000723
35738996|10000724
35738997|10000726
35738998|10008860
35738999|10008861
35739000|10008863
35739001|10013797
35739002|35739002
35739003|10013838
35739004|10013851
35739005|10013856
35739006|10013858
35739007|10013859
35739008|10037986
35739009|10037987
35739010|10045297
35739011|10045299
35739012|10055767
35739013|10000712
35739014|10000714
35739015|10000718
35739016|10000719
35739017|10005109
35739018|10005110
35739019|10009036
35739020|10009038
35739021|10009042
35739022|10009043
35739023|35739023
35739024|10013842
35739025|10013843
35739026|10013845
35739027|10013847
35739028|10013854
35739029|10045289
35739030|10045298
35739031|10055243
35739032|10055876
35739033|10060456
35739034|10000713
35739035|10000715
35739036|10000716
35739037|10000717
35739038|10000720
35739039|10000722
35739040|10009037
35739041|10009039
35739042|10009040
35739043|10009041
35739044|10009044
35739045|10009046
35739046|10013837
35739047|10013840
35739048|10013841
35739049|10013844
35739050|10013846
35739051|10013848
35739052|35739052
35739053|10013852
35739054|10013853
35739055|10013861
35739056|10034388
35739057|10045300
35739058|10045301
35739059|10000721
35739060|10009045
35739061|35739061
35739062|10000725
35739063|10008862
35739064|35739064
35739065|10013857
35739066|10055766
35739067|10055785
35739068|10013826
35739069|10013827
35739070|35739070
35739071|35739071
35739072|10018053
35739073|10045305
35739074|35739074
35739075|10034430
35739076|10042113
35739077|10000765
35739078|10000766
35739079|10000768
35739080|10008878
35739081|10008879
35739082|10008881
35739083|35739083
35739084|10017837
35739085|10017841
35739086|10017843
35739087|10017844
35739088|10017845
35739089|10017846
35739090|10018718
35739091|10018765
35739092|10024254
35739093|10028209
35739094|10037625
35739095|10037630
35739096|10037988
35739097|10042116
35739098|10042118
35739099|10045304
35739100|10045336
35739101|10045337
35739102|10045374
35739103|10049772
35739104|10050174
35739105|10053417
35739106|10055769
35739107|10055795
35739108|10056223
35739109|10057082
35739110|10000754
35739111|10000756
35739112|10000761
35739113|10005115
35739114|10005119
35739115|10009047
35739116|10009049
35739117|10009054
35739118|10017824
35739119|35739119
35739120|10017830
35739121|10017833
35739122|10017838
35739123|10018832
35739124|10019420
35739125|10027142
35739126|10027163
35739127|10042117
35739128|10042119
35739129|10045290
35739130|10045338
35739131|10055250
35739132|10055251
35739133|10055253
35739134|10055771
35739135|10055872
35739136|10055873
35739137|10055878
35739138|10060458
35739139|10061141
35739140|10061144
35739141|10000760
35739142|10009053
35739143|35739143
35739144|10055252
35739145|10060457
35739146|35739146
35739147|10000755
35739148|10000757
35739149|10000758
35739150|10000759
35739151|10000762
35739152|10000764
35739153|10009048
35739154|10009050
35739155|10009051
35739156|10009052
35739157|10009055
35739158|10009057
35739159|10017823
35739160|10017825
35739161|10017827
35739162|10017828
35739163|10017831
35739164|10017832
35739165|10017834
35739166|35739166
35739167|10017839
35739168|10034392
35739169|10034393
35739170|10034398
35739171|10034401
35739172|10034402
35739173|10034403
35739174|10034404
35739175|10042120
35739176|10042121
35739177|10042122
35739178|10042123
35739179|10045339
35739180|10045340
35739181|10054855
35739182|10066344
35739183|10000763
35739184|10009056
35739185|35739185
35739186|10000767
35739187|10008880
35739188|35739188
35739189|10017842
35739190|10055768
35739191|10055794
35739192|10000752
35739193|10017783
35739194|35739194
35739195|10028208
35739196|10042103
35739197|10060703
35739198|10067390
35739199|10067514
35739200|35739200
35739201|10067798
35739202|10000772
35739203|10000783
35739204|10000784
35739205|35739205
35739206|10008883
35739207|10008884
35739208|10008885
35739209|10017881
35739210|10018035
35739211|10018039
35739212|10018041
35739213|10018042
35739214|10042127
35739215|10045307
35739216|10045308
35739217|10000773
35739218|10000775
35739219|10000779
35739220|10000786
35739221|35739221
35739222|10002247
35739223|10009058
35739224|10009060
35739225|10009063
35739226|10009067
35739227|10018036
35739228|10055227
35739229|10055259
35739230|10060461
35739231|10060462
35739232|10000774
35739233|10000776
35739234|10000777
35739235|10000778
35739236|10000780
35739237|10000781
35739238|10000782
35739239|10002245
35739240|10002246
35739241|35739241
35739242|10002249
35739243|10009035
35739244|10009059
35739245|10009061
35739246|10009062
35739247|10009064
35739248|10009065
35739249|10009066
35739250|10018037
35739251|10018038
35739252|10000785
35739253|35739253
35739254|10008886
35739255|10018040
35739256|10055770
35739257|10000710
35739258|10013537
35739259|10049500
35739260|35739260
35739261|10061933
35739262|10063722
35739263|35739263
35739264|35739264
35739265|10018002
35739266|10018003
35739267|10018242
35739268|10034411
35739269|10017879
35739270|10018024
35739271|10045306
35739272|35739272
35739273|35739273
35739274|10056751
35739275|10058052
35739276|10018025
35739277|10018026
35739278|35739278
35739279|10011646
35739280|35739280
35739281|10045341
35739282|10048743
35739283|35739283
35739284|10003013
35739285|10049137
35739286|35739286
35739287|10034412
35739288|35739288
35739289|10045310
35739290|10045324
35739291|10057942
35739292|10057943
35739293|35739293
35739294|10034399
35739295|10045311
35739296|10006056
35739297|35739297
35739298|10022696
35739299|10034222
35739300|10034385
35739301|10034406
35739302|10034413
35739303|10034421
35739304|10034512
35739305|35739305
35739306|10022717
35739307|10022718
35739308|10045312
35739309|10045351
35739310|10022715
35739311|10022716
35739312|10022719
35739313|10034394
35739314|10045313
35739315|35739315
35739316|35739316
35739317|10034414
35739318|35739318
35739319|10045314
35739320|10045325
35739321|35739321
35739322|10034400
35739323|10045315
35739324|10009983
35739325|10010006
35739326|10022682
35739327|10023714
35739328|35739328
35739329|10023805
35739330|10045293
35739331|10045316
35739332|10065724
35739333|10065964
35739334|10052327
35739335|10055303
35739336|10058053
35739337|35739337
35739338|10009977
35739339|10010001
35739340|10010002
35739341|10021174
35739342|10022695
35739343|10023712
35739344|10023795
35739345|35739345
35739346|10034386
35739347|10034395
35739348|10034407
35739349|10034415
35739350|10034418
35739351|10034427
35739352|10034428
35739353|10039331
35739354|10049873
35739355|10049881
35739356|35739356
35739357|10055432
35739358|10055433
35739359|10066433
35739360|10022697
35739361|10034429
35739362|35739362
35739363|10041104
35739364|10041131
35739365|35739365
35739366|10041110
35739367|10041134
35739368|10055338
35739369|10055339
35739370|35739370
35739371|10041109
35739372|35739372
35739373|10045335
35739374|10015383
35739375|10030171
35739376|10060918
35739377|35739377
35739378|10063657
35739379|10052092
35739380|35739380
35739381|10055669
35739382|35739382
35739383|10034410
35739384|10034419
35739385|10034422
35739386|10055472
35739387|10056103
35739388|10048808
35739389|35739389
35739390|10055483
35739391|10061515
35739392|10062278
35739393|10068164
35739394|10068166
35739395|10015451
35739396|10015472
35739397|35739397
35739398|10030203
35739399|10045302
35739400|10045322
35739401|10045323
35739402|10045327
35739403|10055486
35739404|10056090
35739405|10056098
35739406|10005111
35739407|10015473
35739408|35739408
35739409|10030204
35739410|10030205
35739411|10055967
35739412|10060657
35739413|35739413
35739414|10055485
35739415|35739415
35739416|10062479
35739417|10000992
35739418|10000993
35739419|10000995
35739420|10009097
35739421|10009098
35739422|10009099
35739423|10011653
35739424|10019235
35739425|10033480
35739426|35739426
35739427|10034342
35739428|10034343
35739429|10034352
35739430|10034360
35739431|10034361
35739432|10034362
35739433|10034366
35739434|10034367
35739435|10034369
35739436|10034370
35739437|10037287
35739438|10042834
35739439|10045328
35739440|10045342
35739441|10055865
35739442|10066676
35739443|10000981
35739444|10000983
35739445|10000987
35739446|10000988
35739447|10005130
35739448|10009070
35739449|10009073
35739450|10009075
35739451|10009076
35739452|35739452
35739453|10034347
35739454|10034348
35739455|10034350
35739456|10034351
35739457|10045291
35739458|10045330
35739459|10055772
35739460|10055877
35739461|10000982
35739462|10000984
35739463|10000985
35739464|10000986
35739465|10000989
35739466|10000991
35739467|10009069
35739468|10009071
35739469|10009072
35739470|10009074
35739471|10009077
35739472|10009078
35739473|10034345
35739474|10034346
35739475|10034349
35739476|10034353
35739477|35739477
35739478|10034355
35739479|10034356
35739480|10034357
35739481|10034363
35739482|10034364
35739483|10034368
35739484|10034396
35739485|10045331
35739486|10045332
35739487|10000990
35739488|10009079
35739489|35739489
35739490|35739490
35739491|10037989
35739492|10037990
35739493|10045329
35739494|10000994
35739495|10009096
35739496|35739496
35739497|10055773
35739498|35739498
35739499|10023710
35739500|35739500
35739501|35739501
35739502|10018237
35739503|35739503
35739504|10022686
35739505|10028856
35739506|10028861
35739507|10051886
35739508|10065709
35739509|10065711
35739510|10065722
35739511|10065725
35739512|10065727
35739513|10065729
35739514|10065731
35739515|10065737
35739516|10017714
35739517|10017719
35739518|35739518
35739519|10017715
35739520|35739520
35739521|10022652
35739522|10017716
35739523|10017720
35739524|35739524
35739525|10041098
35739526|35739526
35739527|35739527
35739528|35739528
35739529|10002358
35739530|35739530
35739531|10007863
35739532|35739532
35739533|35739533
35739534|10067332
35739535|35739535
35739536|10059039
35739537|35739537
35739538|10006053
35739539|10021761
35739540|10022656
35739541|35739541
35739542|10006054
35739543|35739543
35739544|10022681
35739545|10023019
35739546|10023028
35739547|10023032
35739548|10051022
35739549|10054473
35739550|10055747
35739551|10055748
35739552|10063172
35739553|10063177
35739554|35739554
35739555|10014520
35739556|10014536
35739557|35739557
35739558|35739558
35739559|35739559
35739560|10043624
35739561|10027394
35739562|35739562
35739563|10027403
35739564|10030002
35739565|10030003
35739566|10030004
35739567|10001108
35739568|10009161
35739569|35739569
35739570|10046220
35739571|10047082
35739572|10047083
35739573|35739573
35739574|10043580
35739575|10043625
35739576|10047188
35739577|10027400
35739578|35739578
35739579|35739579
35739580|35739580
35739581|35739581
35739582|10068933
35739583|35739583
35739584|35739584
35739585|35739585
35739586|10058535
35739587|10005126
35739588|10019609
35739589|10051309
35739590|10053553
35739591|35739591
35739592|10060637
35739593|10060640
35739594|10015743
35739595|10015744
35739596|10015745
35739597|10015746
35739598|10015747
35739599|10015748
35739600|10015755
35739601|10015756
35739602|10015757
35739603|10016701
35739604|10016702
35739605|35739605
35739606|10019023
35739607|10019611
35739608|10019612
35739609|10022577
35739610|10022578
35739611|10022579
35739612|10022580
35739613|10022581
35739614|10022582
35739615|10022588
35739616|10022589
35739617|10022590
35739618|10035037
35739619|10036851
35739620|10038626
35739621|10038627
35739622|10039799
35739623|10043442
35739624|10043443
35739625|10043601
35739626|10043602
35739627|10043603
35739628|10043604
35739629|10045898
35739630|10045899
35739631|10045908
35739632|10045909
35739633|10046181
35739634|10046182
35739635|10048363
35739636|10050449
35739637|10060641
35739638|10060642
35739639|10060659
35739640|10060661
35739641|10064201
35739642|10068589
35739643|10068594
35739644|10042401
35739645|35739645
35739646|10015452
35739647|10015455
35739648|10015457
35739649|10015459
35739650|10030211
35739651|10030212
35739652|10030214
35739653|10046984
35739654|10055489
35739655|35739655
35739656|10068928
35739657|10068935
35739658|10007864
35739659|10007865
35739660|35739660
35739661|10018458
35739662|10018460
35739663|10018461
35739664|10029525
35739665|10058248
35739666|35739666
35739667|10064842
35739668|10013055
35739669|10022644
35739670|10022645
35739671|35739671
35739672|35739672
35739673|10001545
35739674|35739674
35739675|10023680
35739676|35739676
35739677|10023682
35739678|10055418
35739679|10022683
35739680|35739680
35739681|10025479
35739682|10032786
35739683|10041799
35739684|10041800
35739685|10042822
35739686|10042847
35739687|10045978
35739688|10031617
35739689|10036430
35739690|35739690
35739691|10005166
35739692|10041904
35739693|35739693
35739694|10016266
35739695|10033641
35739696|10033642
35739697|10041968
35739698|35739698
35739699|35739699
35739700|35739700
35739701|10047933
35739702|35739702
35739703|10002164
35739704|35739704
35739705|10009973
35739706|10009974
35739707|10009999
35739708|35739708
35739709|10038071
35739710|35739710
35739711|35739711
35739712|10001187
35739713|10002834
35739714|10007350
35739715|10007474
35739716|10009927
35739717|35739717
35739718|10017760
35739719|10017770
35739720|10017796
35739721|10025768
35739722|10025807
35739723|10025939
35739724|10025950
35739725|10026074
35739726|10026307
35739727|10026390
35739728|10026400
35739729|10026476
35739730|10026486
35739731|10037612
35739732|10039690
35739733|10042080
35739734|10042090
35739735|35739735
35739736|10001152
35739737|10001189
35739738|10002836
35739739|35739739
35739740|10017772
35739741|10017798
35739742|10024522
35739743|10025770
35739744|10026392
35739745|10026402
35739746|10026478
35739747|10037614
35739748|10042082
35739749|10042092
35739750|10001151
35739751|10001153
35739752|10001188
35739753|10001190
35739754|10002835
35739755|10002837
35739756|10007399
35739757|10017759
35739758|35739758
35739759|10017771
35739760|10017773
35739761|10017797
35739762|10017799
35739763|10024521
35739764|10024523
35739765|10025769
35739766|10025771
35739767|10025808
35739768|10025809
35739769|10026391
35739770|10026393
35739771|10026401
35739772|10026403
35739773|10026477
35739774|10026479
35739775|10037613
35739776|10037615
35739777|10042081
35739778|10042083
35739779|10042091
35739780|10042093
35739781|10001154
35739782|10001191
35739783|10002838
35739784|35739784
35739785|10017774
35739786|10017800
35739787|10024524
35739788|10025772
35739789|10025810
35739790|10026394
35739791|10026404
35739792|10026480
35739793|10037616
35739794|10042084
35739795|10042094
35739796|10001155
35739797|10001192
35739798|10002839
35739799|35739799
35739800|10017775
35739801|10017801
35739802|10024525
35739803|10025773
35739804|10025811
35739805|10026395
35739806|10026405
35739807|10026481
35739808|10037617
35739809|10042085
35739810|10042095
35739811|10001156
35739812|10001193
35739813|10002840
35739814|35739814
35739815|10017776
35739816|10017802
35739817|10024526
35739818|10025774
35739819|10025812
35739820|10026396
35739821|10026406
35739822|10026482
35739823|10037618
35739824|10042086
35739825|10042096
35739826|10001157
35739827|10001158
35739828|10001159
35739829|10001194
35739830|10001195
35739831|10001196
35739832|10002841
35739833|10002842
35739834|10002843
35739835|10017766
35739836|10017767
35739837|10017768
35739838|10017777
35739839|10017778
35739840|10017803
35739841|10017804
35739842|10017805
35739843|10024527
35739844|10024528
35739845|10024529
35739846|10025775
35739847|10025776
35739848|10025777
35739849|10025813
35739850|10025814
35739851|10025815
35739852|10026397
35739853|10026398
35739854|10026399
35739855|10026407
35739856|10026408
35739857|10026409
35739858|10026483
35739859|10026484
35739860|10026485
35739861|10037619
35739862|10037620
35739863|10042087
35739864|10042088
35739865|10042089
35739866|10042097
35739867|10042098
35739868|10042099
35739869|35739869
35739870|35739870
35739871|10056267
35739872|35739872
35739873|35739873
35739874|35739874
35739875|10048830
35739876|10048885
35739877|35739877
35739878|10062368
35739879|35739879
35739880|10051850
35739881|35739881
35739882|10051828
35739883|35739883
35739884|10017986
35739885|10018238
35739886|10028978
35739887|10029009
35739888|10029019
35739889|10029040
35739890|10029051
35739891|10029060
35739892|10029080
35739893|10029090
35739894|35739894
35739895|35739895
35739896|10062427
35739897|35739897
35739898|10015386
35739899|10030175
35739900|35739900
35739901|35739901
35739902|10029038
35739903|10029078
35739904|10034673
35739905|35739905
35739906|35739906
35739907|10002124
35739908|10002126
35739909|10002132
35739910|10002141
35739911|10002143
35739912|10002162
35739913|10002163
35739914|10004160
35739915|10009338
35739916|10025698
35739917|10025719
35739918|10041815
35739919|10041840
35739920|35739920
35739921|10065860
35739922|10001517
35739923|10002127
35739924|35739924
35739925|10002144
35739926|10004155
35739927|10009333
35739928|10041835
35739929|10001518
35739930|35739930
35739931|10002142
35739932|10007354
35739933|10007355
35739934|10066441
35739935|10001519
35739936|10002128
35739937|35739937
35739938|10002145
35739939|10004156
35739940|10009334
35739941|10041836
35739942|10001520
35739943|10002129
35739944|35739944
35739945|10002146
35739946|10004157
35739947|10009335
35739948|10041837
35739949|10001521
35739950|10002130
35739951|35739951
35739952|10002147
35739953|10004158
35739954|10009336
35739955|10041838
35739956|10001522
35739957|10002131
35739958|35739958
35739959|10002148
35739960|10004159
35739961|10009337
35739962|10041839
35739963|10025536
35739964|10026234
35739965|10026425
35739966|35739966
35739967|10066438
35739968|10007446
35739969|10007464
35739970|10007470
35739971|10026418
35739972|10026424
35739973|35739973
35739974|10038030
35739975|35739975
35739976|10038045
35739977|10038052
35739978|10038059
35739979|10039689
35739980|10066437
35739981|35739981
35739982|10007447
35739983|10007465
35739984|10026419
35739985|10038025
35739986|35739986
35739987|10038054
35739988|10039684
35739989|10007386
35739990|35739990
35739991|10038053
35739992|10038055
35739993|10007448
35739994|10007466
35739995|10026420
35739996|10038020
35739997|10038021
35739998|10038026
35739999|10038040
35740000|10038041
35740001|35740001
35740002|10039685
35740003|10007449
35740004|10007467
35740005|10026421
35740006|10038022
35740007|10038027
35740008|10038042
35740009|35740009
35740010|10038056
35740011|10039686
35740012|10007450
35740013|10007468
35740014|10026422
35740015|10038023
35740016|10038028
35740017|10038043
35740018|35740018
35740019|10038057
35740020|10039687
35740021|10007451
35740022|10007469
35740023|10026423
35740024|10038024
35740025|10038029
35740026|10038044
35740027|35740027
35740028|10038058
35740029|10039688
35740030|35740030
35740031|10006903
35740032|10007062
35740033|10007076
35740034|10007114
35740035|10007117
35740036|10007118
35740037|10007330
35740038|10007452
35740039|10007471
35740040|10007852
35740041|35740041
35740042|10009951
35740043|10009957
35740044|10009989
35740045|10009990
35740046|10025615
35740047|10025721
35740048|10025722
35740049|10025730
35740050|10025800
35740051|10025817
35740052|10025848
35740053|10025858
35740054|10025859
35740055|10025874
35740056|10025962
35740057|10026287
35740058|10026456
35740059|10026475
35740060|10026555
35740061|10032234
35740062|10039678
35740063|10054915
35740064|10068764
35740065|10068765
35740066|10050035
35740067|35740067
35740068|10001168
35740069|10006904
35740070|10006905
35740071|10007336
35740072|10007853
35740073|35740073
35740074|10009963
35740075|10025616
35740076|10025801
35740077|10025818
35740078|10025849
35740079|10032235
35740080|10039679
35740081|10055435
35740082|10006906
35740083|10006907
35740084|10007365
35740085|10007854
35740086|10009964
35740087|10009992
35740088|10025802
35740089|10025819
35740090|10055436
35740091|35740091
35740092|10064970
35740093|10001169
35740094|10006908
35740095|10006909
35740096|10007331
35740097|10007332
35740098|10007337
35740099|10007855
35740100|10009946
35740101|10009947
35740102|35740102
35740103|10009958
35740104|10009959
35740105|10025617
35740106|10025803
35740107|10025820
35740108|10025850
35740109|10025851
35740110|10039680
35740111|10055437
35740112|10001170
35740113|10006910
35740114|10006911
35740115|10007333
35740116|10007338
35740117|10007856
35740118|10009948
35740119|35740119
35740120|10009960
35740121|10009965
35740122|10025618
35740123|10025804
35740124|10025821
35740125|10025852
35740126|10025853
35740127|10039681
35740128|10055438
35740129|10001171
35740130|10006912
35740131|10006913
35740132|10007334
35740133|10007857
35740134|10009949
35740135|35740135
35740136|10009961
35740137|10009966
35740138|10009991
35740139|10025619
35740140|10025805
35740141|10025822
35740142|10025854
35740143|10025855
35740144|10039682
35740145|10055439
35740146|10001172
35740147|10006914
35740148|10006915
35740149|10007335
35740150|10007858
35740151|10009950
35740152|35740152
35740153|10009962
35740154|10025620
35740155|10025806
35740156|10025823
35740157|10025856
35740158|10025857
35740159|10039683
35740160|10055440
35740161|10010029
35740162|10010036
35740163|35740163
35740164|35740164
35740165|35740165
35740166|10010024
35740167|10010026
35740168|35740168
35740169|10010025
35740170|10010031
35740171|35740171
35740172|10010027
35740173|35740173
35740174|10010028
35740175|35740175
35740176|10010037
35740177|35740177
35740178|35740178
35740179|35740179
35740180|10023802
35740181|35740181
35740182|10039853
35740183|35740183
35740184|35740184
35740185|10039869
35740186|10041128
35740187|10056778
35740188|10026417
35740189|35740189
35740190|10038093
35740191|10038100
35740192|35740192
35740193|10038092
35740194|35740194
35740195|10038087
35740196|10038088
35740197|35740197
35740198|10038089
35740199|35740199
35740200|10038090
35740201|35740201
35740202|10038091
35740203|35740203
35740204|10007340
35740205|10013815
35740206|10013818
35740207|10013821
35740208|10013824
35740209|10023166
35740210|10023169
35740211|10023182
35740212|10023185
35740213|10025608
35740214|10025611
35740215|10025885
35740216|10025888
35740217|10025977
35740218|10025980
35740219|10025999
35740220|10026002
35740221|10026131
35740222|10026134
35740223|10026306
35740224|10026458
35740225|10026463
35740226|10026696
35740227|10028066
35740228|10034444
35740229|10041115
35740230|10041120
35740231|10041123
35740232|35740232
35740233|10056770
35740234|10013816
35740235|10013822
35740236|10023167
35740237|10023183
35740238|10025609
35740239|10025886
35740240|10025978
35740241|10026000
35740242|10026132
35740243|10026459
35740244|10026464
35740245|10026694
35740246|10028064
35740247|10034442
35740248|10041111
35740249|10041112
35740250|35740250
35740251|10056771
35740252|10013817
35740253|10013823
35740254|10023168
35740255|10023184
35740256|10025610
35740257|10025887
35740258|10025979
35740259|10026001
35740260|10026133
35740261|10026460
35740262|10026465
35740263|10026695
35740264|10028065
35740265|10034443
35740266|10041113
35740267|10041114
35740268|35740268
35740269|10056772
35740270|10013819
35740271|10013825
35740272|10023170
35740273|10023186
35740274|10025612
35740275|10025889
35740276|10025981
35740277|10026003
35740278|10026135
35740279|10026461
35740280|10026466
35740281|10026697
35740282|10028067
35740283|10034445
35740284|10041116
35740285|10041117
35740286|35740286
35740287|10056773
35740288|10007341
35740289|10013820
35740290|10023171
35740291|10023187
35740292|10025613
35740293|10025890
35740294|10025982
35740295|10026004
35740296|10026136
35740297|10026462
35740298|10026467
35740299|10026698
35740300|10028068
35740301|10034446
35740302|10041118
35740303|10041119
35740304|35740304
35740305|10056774
35740306|35740306
35740307|35740307
35740308|35740308
35740309|35740309
35740310|35740310
35740311|35740311
35740312|35740312
35740313|10052362
35740314|35740314
35740315|10064587
35740316|35740316
35740317|10007351
35740318|10007403
35740319|35740319
35740320|10017985
35740321|10018017
35740322|10018240
35740323|10022641
35740324|10025983
35740325|10025992
35740326|10026188
35740327|10026224
35740328|10026236
35740329|10048841
35740330|10007366
35740331|10007374
35740332|10007377
35740333|10017941
35740334|35740334
35740335|10054942
35740336|35740336
35740337|10026340
35740338|10026442
35740339|10026469
35740340|10026669
35740341|10052171
35740342|10058448
35740343|35740343
35740344|10022730
35740345|35740345
35740346|10039856
35740347|10039857
35740348|10039867
35740349|10049719
35740350|35740350
35740351|35740351
35740352|10055496
35740353|10034672
35740354|35740354
35740355|10068069
35740356|35740356
35740357|35740357
35740358|35740358
35740359|10034670
35740360|35740360
35740361|35740361
35740362|35740362
35740363|35740363
35740364|10026441
35740365|35740365
35740366|10051974
35740367|35740367
35740368|10018786
35740369|10025565
35740370|10025951
35740371|10025952
35740372|10026087
35740373|10026232
35740374|10026566
35740375|35740375
35740376|10001220
35740377|10006521
35740378|10006522
35740379|10007422
35740380|10007443
35740381|10024534
35740382|10024541
35740383|10025701
35740384|10025838
35740385|10025923
35740386|10025930
35740387|10025984
35740388|10026050
35740389|10026152
35740390|10026192
35740391|10026225
35740392|10026237
35740393|10026248
35740394|10026434
35740395|10026633
35740396|10028018
35740397|10028019
35740398|10028023
35740399|10028085
35740400|10030961
35740401|10030964
35740402|10031001
35740403|35740403
35740404|10047323
35740405|35740405
35740406|10001221
35740407|35740407
35740408|10025924
35740409|10025931
35740410|10025985
35740411|10026051
35740412|10026153
35740413|10026193
35740414|10026226
35740415|10026238
35740416|10026249
35740417|10026435
35740418|10026634
35740419|10028086
35740420|10031002
35740421|10041858
35740422|10047324
35740423|10001222
35740424|10007371
35740425|35740425
35740426|10025925
35740427|10025932
35740428|10025986
35740429|10026052
35740430|10026154
35740431|10026194
35740432|10026227
35740433|10026239
35740434|10026250
35740435|10026436
35740436|10026635
35740437|10028087
35740438|10030965
35740439|10031003
35740440|10041859
35740441|10047325
35740442|10001223
35740443|35740443
35740444|10025926
35740445|10025933
35740446|10025987
35740447|10026053
35740448|10026155
35740449|10026195
35740450|10026228
35740451|10026240
35740452|10026251
35740453|10026437
35740454|10026636
35740455|10028088
35740456|10031004
35740457|10041860
35740458|10047326
35740459|10001224
35740460|35740460
35740461|10025927
35740462|10025934
35740463|10025988
35740464|10026054
35740465|10026156
35740466|10026196
35740467|10026229
35740468|10026241
35740469|10026252
35740470|10026438
35740471|10026637
35740472|10028089
35740473|10031005
35740474|10041861
35740475|10047327
35740476|10001225
35740477|35740477
35740478|10025928
35740479|10025935
35740480|10025989
35740481|10026055
35740482|10026157
35740483|10026197
35740484|10026230
35740485|10026242
35740486|10026253
35740487|10026439
35740488|10026638
35740489|10028090
35740490|10031006
35740491|10041862
35740492|10047328
35740493|10001226
35740494|35740494
35740495|10025929
35740496|10025936
35740497|10025990
35740498|10026056
35740499|10026158
35740500|10026198
35740501|10026231
35740502|10026243
35740503|10026254
35740504|10026440
35740505|10026639
35740506|10028091
35740507|10031007
35740508|10041863
35740509|10047329
35740510|10007089
35740511|35740511
35740512|10025621
35740513|10025622
35740514|10025860
35740515|10026076
35740516|10026077
35740517|10026078
35740518|10026090
35740519|10026091
35740520|10026233
35740521|10026568
35740522|10026569
35740523|35740523
35740524|10067109
35740525|10025953
35740526|10026312
35740527|10026468
35740528|10026619
35740529|35740529
35740530|35740530
35740531|35740531
35740532|35740532
35740533|35740533
35740534|35740534
35740535|10031105
35740536|10031113
35740537|35740537
35740538|10031106
35740539|10031114
35740540|35740540
35740541|10031107
35740542|10031115
35740543|35740543
35740544|10031108
35740545|10031116
35740546|35740546
35740547|10031109
35740548|10031117
35740549|35740549
35740550|10025699
35740551|10026005
35740552|10026064
35740553|10026184
35740554|10026185
35740555|10026189
35740556|10026303
35740557|10026378
35740558|10026629
35740559|35740559
35740560|35740560
35740561|35740561
35740562|35740562
35740563|10026120
35740564|10026203
35740565|10026329
35740566|10026445
35740567|10026493
35740568|10026500
35740569|10026677
35740570|10026684
35740571|10034029
35740572|10039397
35740573|10051975
35740574|10058207
35740575|35740575
35740576|35740576
35740577|10026121
35740578|10026204
35740579|10026330
35740580|10026446
35740581|10026494
35740582|10026501
35740583|10026678
35740584|10026685
35740585|10034030
35740586|35740586
35740587|10058208
35740588|10026122
35740589|10026205
35740590|10026331
35740591|10026447
35740592|10026495
35740593|10026502
35740594|10026679
35740595|10026686
35740596|10034031
35740597|35740597
35740598|10058209
35740599|10026123
35740600|10026206
35740601|10026332
35740602|10026448
35740603|10026496
35740604|10026503
35740605|10026680
35740606|10026687
35740607|10034032
35740608|35740608
35740609|10058210
35740610|10026124
35740611|10026207
35740612|10026333
35740613|10026449
35740614|10026497
35740615|10026504
35740616|10026681
35740617|10026688
35740618|10034033
35740619|35740619
35740620|10058211
35740621|10026125
35740622|10026208
35740623|10026334
35740624|10026450
35740625|10026498
35740626|10026505
35740627|10026682
35740628|10026689
35740629|10034034
35740630|35740630
35740631|10058212
35740632|10026126
35740633|10026209
35740634|10026335
35740635|10026451
35740636|10026499
35740637|10026506
35740638|10026683
35740639|10026690
35740640|10034035
35740641|35740641
35740642|10058213
35740643|35740643
35740644|35740644
35740645|35740645
35740646|35740646
35740647|35740647
35740648|35740648
35740649|10001227
35740650|10007459
35740651|10025702
35740652|10025733
35740653|10025884
35740654|10026006
35740655|10026235
35740656|10026536
35740657|10026537
35740658|10026538
35740659|10026630
35740660|10026703
35740661|10026704
35740662|10028092
35740663|35740663
35740664|35740664
35740665|10001173
35740666|10015307
35740667|10015315
35740668|10015323
35740669|10015331
35740670|10015344
35740671|10015352
35740672|10015360
35740673|35740673
35740674|10030139
35740675|10055458
35740676|10055974
35740677|10055982
35740678|10055990
35740679|10055998
35740680|10056006
35740681|10056014
35740682|10056022
35740683|10056092
35740684|10066350
35740685|10066354
35740686|35740686
35740687|10058546
35740688|10015301
35740689|10015309
35740690|10015317
35740691|10015325
35740692|10015332
35740693|10015334
35740694|10015346
35740695|10015354
35740696|35740696
35740697|10055976
35740698|10055984
35740699|10055992
35740700|10056000
35740701|10056008
35740702|10056016
35740703|10056225
35740704|10015300
35740705|10015302
35740706|10015308
35740707|10015310
35740708|10015316
35740709|10015318
35740710|10015324
35740711|10015326
35740712|10015333
35740713|10015335
35740714|10015345
35740715|10015347
35740716|10015353
35740717|10015355
35740718|10030138
35740719|35740719
35740720|10055459
35740721|10055969
35740722|10055975
35740723|10055977
35740724|10055983
35740725|10055985
35740726|10055991
35740727|10055993
35740728|10055999
35740729|10056001
35740730|10056007
35740731|10056009
35740732|10056015
35740733|10056017
35740734|10056226
35740735|10062477
35740736|10015303
35740737|10015311
35740738|10015319
35740739|10015327
35740740|10015336
35740741|10015341
35740742|10015348
35740743|10015356
35740744|35740744
35740745|10055970
35740746|10055978
35740747|10055986
35740748|10055994
35740749|10056002
35740750|10056010
35740751|10056018
35740752|10015304
35740753|10015312
35740754|10015320
35740755|10015328
35740756|10015337
35740757|10015340
35740758|10015349
35740759|10015357
35740760|35740760
35740761|10055971
35740762|10055979
35740763|10055987
35740764|10055995
35740765|10056003
35740766|10056011
35740767|10056019
35740768|10015305
35740769|10015313
35740770|10015321
35740771|10015329
35740772|10015338
35740773|10015342
35740774|10015350
35740775|10015358
35740776|35740776
35740777|10055972
35740778|10055980
35740779|10055988
35740780|10055996
35740781|10056004
35740782|10056012
35740783|10056020
35740784|10015306
35740785|10015314
35740786|10015322
35740787|10015330
35740788|10015339
35740789|10015343
35740790|10015351
35740791|10015359
35740792|35740792
35740793|10055973
35740794|10055981
35740795|10055989
35740796|10055997
35740797|10056005
35740798|10056013
35740799|10056021
35740800|35740800
35740801|10058538
35740802|10058552
35740803|10062478
35740804|10006877
35740805|10006887
35740806|10007425
35740807|10007444
35740808|10007445
35740809|10015362
35740810|10015363
35740811|10015366
35740812|10015372
35740813|10025693
35740814|10025694
35740815|10025829
35740816|10025830
35740817|10025899
35740818|10025900
35740819|10025901
35740820|10026104
35740821|10026105
35740822|10026150
35740823|10026151
35740824|10026180
35740825|10026181
35740826|10026182
35740827|10026246
35740828|10026247
35740829|10026530
35740830|10026531
35740831|10026583
35740832|10026584
35740833|10030151
35740834|10030152
35740835|35740835
35740836|10030157
35740837|10056312
35740838|10015367
35740839|10015368
35740840|10015370
35740841|10015371
35740842|10015373
35740843|10015376
35740844|10015377
35740845|35740845
35740846|10030160
35740847|10055464
35740848|10056023
35740849|10056024
35740850|10056025
35740851|10056026
35740852|10056027
35740853|10056028
35740854|10007367
35740855|10007373
35740856|10015369
35740857|10015374
35740858|10015375
35740859|10030156
35740860|10030158
35740861|10030161
35740862|35740862
35740863|10015382
35740864|10015398
35740865|10015406
35740866|10015414
35740867|10015422
35740868|10015431
35740869|10015439
35740870|10015447
35740871|10030170
35740872|10030186
35740873|10041824
35740874|10041825
35740875|10055476
35740876|10056036
35740877|10056044
35740878|10056052
35740879|10056060
35740880|10056065
35740881|10056073
35740882|10056080
35740883|10056104
35740884|35740884
35740885|35740885
35740886|10058547
35740887|10015392
35740888|10015400
35740889|10015408
35740890|10015416
35740891|10015423
35740892|10015433
35740893|10015441
35740894|35740894
35740895|10030193
35740896|10055477
35740897|10056030
35740898|10056038
35740899|10056046
35740900|10056054
35740901|10056061
35740902|10056067
35740903|10015391
35740904|10015393
35740905|10015399
35740906|10015401
35740907|10015407
35740908|10015409
35740909|10015415
35740910|10015417
35740911|10015432
35740912|10015434
35740913|10015440
35740914|10015442
35740915|10030185
35740916|35740916
35740917|10055475
35740918|10055478
35740919|10056029
35740920|10056031
35740921|10056037
35740922|10056039
35740923|10056045
35740924|10056047
35740925|10056053
35740926|10056055
35740927|10056066
35740928|10056068
35740929|10056074
35740930|10056075
35740931|10015394
35740932|10015402
35740933|10015410
35740934|10015418
35740935|10015424
35740936|10015427
35740937|10015435
35740938|10015443
35740939|35740939
35740940|10056032
35740941|10056040
35740942|10056048
35740943|10056056
35740944|10056062
35740945|10056069
35740946|10056076
35740947|10015395
35740948|10015403
35740949|10015411
35740950|10015419
35740951|10015425
35740952|10015428
35740953|10015436
35740954|10015444
35740955|35740955
35740956|10056033
35740957|10056041
35740958|10056049
35740959|10056057
35740960|10056063
35740961|10056070
35740962|10056077
35740963|10015396
35740964|10015404
35740965|10015412
35740966|10015420
35740967|10015429
35740968|10015437
35740969|10015445
35740970|35740970
35740971|10056034
35740972|10056042
35740973|10056050
35740974|10056058
35740975|10056071
35740976|10056078
35740977|10015397
35740978|10015405
35740979|10015413
35740980|10015421
35740981|10015426
35740982|10015430
35740983|10015438
35740984|10015446
35740985|35740985
35740986|10056035
35740987|10056043
35740988|10056051
35740989|10056059
35740990|10056064
35740991|10056072
35740992|10056079
35740993|35740993
35740994|10049549
35740995|35740995
35740996|10027779
35740997|35740997
35740998|10006523
35740999|10028029
35741000|10028999
35741001|10029001
35741002|10029015
35741003|10029056
35741004|10031008
35741005|10051569
35741006|10051570
35741007|35741007
35741008|10027774
35741009|10027775
35741010|10029017
35741011|10029058
35741012|10039418
35741013|10060831
35741014|10060836
35741015|35741015
35741016|10051830
35741017|35741017
35741018|10051971
35741019|35741019
35741020|10065908
35741021|35741021
35741022|10007071
35741023|10007108
35741024|10007424
35741025|10025762
35741026|10025954
35741027|10026304
35741028|10026313
35741029|10026318
35741030|10026319
35741031|10026521
35741032|10033575
35741033|10033576
35741034|10033589
35741035|10033604
35741036|35741036
35741037|10033612
35741038|10007072
35741039|10007109
35741040|10025763
35741041|10025955
35741042|10026314
35741043|10026320
35741044|10026522
35741045|10033590
35741046|10033599
35741047|10033605
35741048|35741048
35741049|10007073
35741050|10007110
35741051|10025764
35741052|10025956
35741053|10026315
35741054|10026321
35741055|10026523
35741056|10033591
35741057|10033600
35741058|10033606
35741059|35741059
35741060|10007074
35741061|10007111
35741062|10025765
35741063|10025957
35741064|10026316
35741065|10026322
35741066|10026524
35741067|10033577
35741068|10033592
35741069|10033601
35741070|10033607
35741071|35741071
35741072|10007075
35741073|10007112
35741074|10025766
35741075|10025958
35741076|10026317
35741077|10026323
35741078|10026525
35741079|10033578
35741080|10033593
35741081|10033602
35741082|10033608
35741083|35741083
35741084|35741084
35741085|35741085
35741086|35741086
35741087|35741087
35741088|35741088
35741089|10059333
35741090|10059335
35741091|10011733
35741092|10033580
35741093|35741093
35741094|10049099
35741095|10050212
35741096|10050255
35741097|35741097
35741098|35741098
35741099|35741099
35741100|10064225
35741101|35741101
35741102|10024566
35741103|35741103
35741104|10049346
35741105|10049347
35741106|10002509
35741107|10002510
35741108|35741108
35741109|10024564
35741110|10048813
35741111|10049340
35741112|10049342
35741113|10049343
35741114|10049344
35741115|10049345
35741116|10049351
35741117|35741117
35741118|10058162
35741119|10058164
35741120|35741120
35741121|10008416
35741122|35741122
35741123|35741123
35741124|35741124
35741125|10024392
35741126|10024393
35741127|35741127
35741128|10024398
35741129|10030982
35741130|10052579
35741131|10052580
35741132|10052581
35741133|10056766
35741134|10057088
35741135|10005205
35741136|35741136
35741137|10049361
35741138|10013124
35741139|10024550
35741140|35741140
35741141|10049341
35741142|10051997
35741143|10055528
35741144|35741144
35741145|10000949
35741146|10014231
35741147|10024553
35741148|35741148
35741149|10055928
35741150|35741150
35741151|10024636
35741152|10042684
35741153|10042703
35741154|10042723
35741155|10024571
35741156|35741156
35741157|10045317
35741158|10049350
35741159|35741159
35741160|10013135
35741161|10031014
35741162|10031556
35741163|10032017
35741164|10056468
35741165|10059037
35741166|10061326
35741167|35741167
35741168|10049920
35741169|10049921
35741170|35741170
35741171|10054520
35741172|10062821
35741173|10062822
35741174|10066255
35741175|35741175
35741176|35741176
35741177|35741177
35741178|35741178
35741179|35741179
35741180|10031024
35741181|10031025
35741182|10056775
35741183|35741183
35741184|35741184
35741185|10052506
35741186|10052507
35741187|10063887
35741188|35741188
35741189|35741189
35741190|35741190
35741191|10024562
35741192|10024563
35741193|35741193
35741194|35741194
35741195|35741195
35741196|35741196
35741197|10066309
35741198|35741198
35741199|10049363
35741200|10049364
35741201|10055304
35741202|10055821
35741203|10019559
35741204|10019570
35741205|10019574
35741206|35741206
35741207|10028025
35741208|10030978
35741209|10030980
35741210|10030985
35741211|10030989
35741212|10030998
35741213|10034755
35741214|10049331
35741215|10055823
35741216|10055831
35741217|10055833
35741218|35741218
35741219|10028015
35741220|35741220
35741221|35741221
35741222|35741222
35741223|10019124
35741224|10019125
35741225|10011263
35741226|35741226
35741227|10056896
35741228|10067780
35741229|35741229
35741230|10047424
35741231|10054146
35741232|10054171
35741233|10054172
35741234|10054173
35741235|35741235
35741236|35741236
35741237|10007138
35741238|10007142
35741239|10007156
35741240|10027835
35741241|10030962
35741242|35741242
35741243|10030984
35741244|10031026
35741245|10038639
35741246|10042134
35741247|10043653
35741248|10054148
35741249|10066492
35741250|10068609
35741251|10048767
35741252|10058087
35741253|35741253
35741254|10068505
35741255|10024397
35741256|35741256
35741257|10052574
35741258|10066710
35741259|35741259
35741260|10009864
35741261|10009865
35741262|10016564
35741263|10019942
35741264|10019943
35741265|10019946
35741266|10019996
35741267|10020002
35741268|10049319
35741269|10049352
35741270|10049362
35741271|10063651
35741272|35741272
35741273|10021778
35741274|35741274
35741275|10048993
35741276|35741276
35741277|35741277
35741278|35741278
35741279|10049651
35741280|35741280
35741281|10066493
35741282|10018581
35741283|10034826
35741284|35741284
35741285|10000826
35741286|10001002
35741287|10009105
35741288|10009106
35741289|10023887
35741290|35741290
35741291|10034836
35741292|10034838
35741293|10043520
35741294|10057289
35741295|10057542
35741296|10061264
35741297|35741297
35741298|35741298
35741299|10024568
35741300|10024569
35741301|10049358
35741302|10049359
35741303|10049360
35741304|35741304
35741305|10042648
35741306|10028030
35741307|10030959
35741308|10030990
35741309|35741309
35741310|10033464
35741311|10033476
35741312|10041362
35741313|10049308
35741314|10049309
35741315|10049310
35741316|10009201
35741317|10028031
35741318|10033776
35741319|10033779
35741320|10033785
35741321|10033787
35741322|10033923
35741323|10033988
35741324|10033990
35741325|10043934
35741326|10049296
35741327|10049301
35741328|10049315
35741329|10049355
35741330|10049356
35741331|10049373
35741332|10049383
35741333|10049384
35741334|10049385
35741335|10049399
35741336|10054529
35741337|10054537
35741338|10054538
35741339|35741339
35741340|10059114
35741341|10006778
35741342|10024771
35741343|10034841
35741344|10034849
35741345|10034855
35741346|10034856
35741347|10043514
35741348|35741348
35741349|10053560
35741350|10039236
35741351|35741351
35741352|10049330
35741353|35741353
35741354|35741354
35741355|10062655
35741356|35741356
35741357|10049395
35741358|35741358
35741359|10049397
35741360|10002094
35741361|10002096
35741362|10002098
35741363|10002099
35741364|10020940
35741365|10020941
35741366|10029832
35741367|10029849
35741368|10029851
35741369|10029852
35741370|10029855
35741371|10029856
35741372|10030994
35741373|10034542
35741374|10043978
35741375|10043989
35741376|10049295
35741377|10049302
35741378|10049338
35741379|10049339
35741380|10049353
35741381|10049354
35741382|10049386
35741383|10049387
35741384|10049388
35741385|10054421
35741386|10054422
35741387|10054423
35741388|10054425
35741389|35741389
35741390|10062818
35741391|10062865
35741392|10062866
35741393|10062867
35741394|10062868
35741395|10024548
35741396|35741396
35741397|10055531
35741398|10055532
35741399|10049298
35741400|10049365
35741401|35741401
35741402|10023603
35741403|35741403
35741404|10049313
35741405|10049314
35741406|35741406
35741407|10068506
35741408|35741408
35741409|10006782
35741410|10013089
35741411|10030966
35741412|35741412
35741413|10030981
35741414|10049349
35741415|10049858
35741416|10030988
35741417|35741417
35741418|10066247
35741419|35741419
35741420|35741420
35741421|10067421
35741422|10030999
35741423|10041038
35741424|10041039
35741425|10041040
35741426|10049303
35741427|10049316
35741428|10049317
35741429|10049389
35741430|10049390
35741431|10049391
35741432|10049392
35741433|10049393
35741434|10049394
35741435|35741435
35741436|10049336
35741437|10049337
35741438|35741438
35741439|10005215
35741440|10030986
35741441|10030987
35741442|35741442
35741443|35741443
35741444|35741444
35741445|10034851
35741446|10034854
35741447|10034864
35741448|35741448
35741449|10065968
35741450|35741450
35741451|10002392
35741452|10013772
35741453|10015067
35741454|35741454
35741455|10023899
35741456|10023922
35741457|10033481
35741458|10033494
35741459|10034844
35741460|10034845
35741461|10041367
35741462|10041368
35741463|10043523
35741464|10043524
35741465|10066666
35741466|35741466
35741467|10028032
35741468|10035159
35741469|35741469
35741470|35741470
35741471|35741471
35741472|10049396
35741473|10054394
35741474|10054492
35741475|35741475
35741476|10018789
35741477|10014241
35741478|35741478
35741479|10030993
35741480|10042675
35741481|10042724
35741482|10054496
35741483|10055933
35741484|35741484
35741485|10033531
35741486|10050170
35741487|10054506
35741488|35741488
35741489|10060506
35741490|10002957
35741491|35741491
35741492|10002959
35741493|10006526
35741494|10007166
35741495|10030960
35741496|10042130
35741497|10042131
35741498|10042139
35741499|10045287
35741500|10045288
35741501|10045372
35741502|10066577
35741503|10067589
35741504|10003306
35741505|10003307
35741506|10003308
35741507|10003309
35741508|10003310
35741509|10003311
35741510|10003312
35741511|10003313
35741512|10003314
35741513|10003315
35741514|10003316
35741515|10004211
35741516|10004212
35741517|35741517
35741518|10004214
35741519|10004215
35741520|10017874
35741521|10017880
35741522|10029254
35741523|10066583
35741524|10068281
35741525|35741525
35741526|35741526
35741527|10065043
35741528|10066512
35741529|10006527
35741530|10006531
35741531|10028033
35741532|35741532
35741533|10031027
35741534|10042138
35741535|10045292
35741536|10045319
35741537|10045349
35741538|10045352
35741539|10045369
35741540|10045370
35741541|10048366
35741542|10048483
35741543|35741543
35741544|10006525
35741545|10028026
35741546|10028130
35741547|10030991
35741548|10030992
35741549|10031011
35741550|10031022
35741551|10041366
35741552|35741552
35741553|10049318
35741554|10049320
35741555|10049321
35741556|10049322
35741557|10049323
35741558|10049324
35741559|10049325
35741560|10049328
35741561|10049329
35741562|10049348
35741563|10058474
35741564|10062299
35741565|10067244
35741566|10067516
35741567|35741567
35741568|10042133
35741569|10007131
35741570|10028028
35741571|10028869
35741572|10029502
35741573|35741573
35741574|10042136
35741575|35741575
35741576|35741576
35741577|35741577
35741578|35741578
35741579|10066775
35741580|35741580
35741581|10026668
35741582|10049605
35741583|10064716
35741584|35741584
35741585|35741585
35741586|10027140
35741587|10049692
35741588|35741588
35741589|35741589
35741590|10000679
35741591|10022741
35741592|35741592
35741593|35741593
35741594|35741594
35741595|10031994
35741596|10031995
35741597|10032643
35741598|10032688
35741599|10034661
35741600|10045821
35741601|35741601
35741602|35741602
35741603|10064154
35741604|35741604
35741605|10067444
35741606|35741606
35741607|35741607
35741608|35741608
35741609|10068140
35741610|10000678
35741611|10000957
35741612|10031745
35741613|10032857
35741614|35741614
35741615|10034676
35741616|10034677
35741617|10034679
35741618|10034680
35741619|10034685
35741620|10046096
35741621|10049608
35741622|10058056
35741623|10059075
35741624|10059412
35741625|10059413
35741626|10066720
35741627|10067012
35741628|10067443
35741629|10069163
35741630|35741630
35741631|35741631
35741632|10039719
35741633|35741633
35741634|35741634
35741635|35741635
35741636|10028666
35741637|35741637
35741638|35741638
35741639|35741639
35741640|35741640
35741641|10030127
35741642|35741642
35741643|10054501
35741644|10054599
35741645|35741645
35741646|10063842
35741647|35741647
35741648|10056321
35741649|10016652
35741650|35741650
35741651|35741651
35741652|10034689
35741653|10016408
35741654|10034266
35741655|10034267
35741656|35741656
35741657|35741657
35741658|10016661
35741659|10021244
35741660|35741660
35741661|35741661
35741662|10057879
35741663|35741663
35741664|10034664
35741665|35741665
35741666|10059767
35741667|35741667
35741668|10055380
35741669|35741669
35741670|10058098
35741671|10018935
35741672|10019518
35741673|10019519
35741674|10019555
35741675|10019576
35741676|35741676
35741677|10034667
35741678|10055818
35741679|10055835
35741680|10057706
35741681|10060473
35741682|10067674
35741683|35741683
35741684|10058361
35741685|10018965
35741686|10018998
35741687|10019585
35741688|10038976
35741689|35741689
35741690|10038981
35741691|35741691
35741692|10039380
35741693|10039425
35741694|10050239
35741695|10050240
35741696|35741696
35741697|10013794
35741698|10028016
35741699|10028021
35741700|10028022
35741701|10030974
35741702|10048223
35741703|10048350
35741704|10049332
35741705|10049333
35741706|10049334
35741707|10049335
35741708|10054868
35741709|35741709
35741710|10034852
35741711|10043518
35741712|10013780
35741713|10013793
35741714|35741714
35741715|10024554
35741716|10048471
35741717|10001852
35741718|10013507
35741719|10029676
35741720|35741720
35741721|10039384
35741722|35741722
35741723|10055534
35741724|35741724
35741725|10059248
35741726|10059249
35741727|35741727
35741728|10055313
35741729|35741729
35741730|35741730
35741731|10007022
35741732|10007023
35741733|10034020
35741734|10039385
35741735|35741735
35741736|10040631
35741737|10042415
35741738|10042416
35741739|10049208
35741740|35741740
35741741|10067600
35741742|10013136
35741743|10032633
35741744|10039405
35741745|10045759
35741746|35741746
35741747|10054840
35741748|35741748
35741749|10062751
35741750|10062954
35741751|10028079
35741752|10039416
35741753|35741753
35741754|10060871
35741755|10034026
35741756|10034027
35741757|35741757
35741758|10020746
35741759|10021677
35741760|10037277
35741761|10039381
35741762|10039382
35741763|10039383
35741764|35741764
35741765|10039428
35741766|10059812
35741767|10059826
35741768|35741768
35741769|35741769
35741770|35741770
35741771|10014850
35741772|10034022
35741773|35741773
35741774|10034024
35741775|10034025
35741776|10034028
35741777|10067242
35741778|35741778
35741779|10014851
35741780|10020891
35741781|35741781
35741782|10039410
35741783|10039412
35741784|10042418
35741785|35741785
35741786|10059274
35741787|10067071
35741788|35741788
35741789|10039389
35741790|35741790
35741791|35741791
35741792|10004575
35741793|10004576
35741794|10034037
35741795|35741795
35741796|10066717
35741797|35741797
35741798|10039413
35741799|10039414
35741800|10040627
35741801|35741801
35741802|10040629
35741803|10040630
35741804|10049611
35741805|10068199
35741806|35741806
35741807|35741807
35741808|35741808
35741809|35741809
35741810|10003710
35741811|35741811
35741812|35741812
35741813|10024878
35741814|10043124
35741815|10043134
35741816|10001464
35741817|10004065
35741818|10013910
35741819|35741819
35741820|10033793
35741821|10043123
35741822|10043125
35741823|10043126
35741824|10043127
35741825|10043128
35741826|10043129
35741827|10043132
35741828|10043133
35741829|10043135
35741830|10043136
35741831|10043137
35741832|10043138
35741833|10043139
35741834|10043140
35741835|10043141
35741836|10049849
35741837|35741837
35741838|10018795
35741839|10020988
35741840|35741840
35741841|10043130
35741842|35741842
35741843|35741843
35741844|10003712
35741845|10043970
35741846|35741846
35741847|35741847
35741848|10018387
35741849|10021968
35741850|10027069
35741851|10041360
35741852|10043961
35741853|10043962
35741854|10043975
35741855|10049368
35741856|35741856
35741857|10043971
35741858|10068578
35741859|35741859
35741860|35741860
35741861|35741861
35741862|35741862
35741863|35741863
35741864|10013116
35741865|10013275
35741866|10032557
35741867|35741867
35741868|10043952
35741869|10043976
35741870|10043977
35741871|10043982
35741872|10043986
35741873|10045691
35741874|10049366
35741875|35741875
35741876|10018201
35741877|10024519
35741878|35741878
35741879|10043958
35741880|35741880
35741881|10055387
35741882|35741882
35741883|10049882
35741884|10055348
35741885|35741885
35741886|35741886
35741887|10043935
35741888|35741888
35741889|10045358
35741890|10049369
35741891|35741891
35741892|10042792
35741893|10006793
35741894|35741894
35741895|10033496
35741896|10041369
35741897|10043969
35741898|10043980
35741899|10049370
35741900|10049371
35741901|10049372
35741902|10043983
35741903|35741903
35741904|35741904
35741905|35741905
35741906|10051519
35741907|10042706
35741908|35741908
35741909|10043984
35741910|35741910
35741911|10009808
35741912|10043944
35741913|35741913
35741914|10004974
35741915|10013078
35741916|10043939
35741917|10043940
35741918|10043941
35741919|10043943
35741920|10043948
35741921|35741921
35741922|10043950
35741923|10043960
35741924|10043993
35741925|10056124
35741926|35741926
35741927|10048952
35741928|10049367
35741929|35741929
35741930|10043947
35741931|10049299
35741932|10049374
35741933|35741933
35741934|10014257
35741935|10016017
35741936|10018382
35741937|10043955
35741938|35741938
35741939|10055404
35741940|10055939
35741941|10043963
35741942|10043964
35741943|35741943
35741944|10043979
35741945|10043992
35741946|10062967
35741947|35741947
35741948|10041403
35741949|35741949
35800000|10018065
35802128|10001316
35802129|10005908
35802130|10053172
35802131|10018073
35802132|10069171
35802133|10062915
35802134|10007867
35802816|10057196
35802817|10003057
35802818|10021544
35802819|10068753
35802820|10022097
35802821|10068754
35802822|10005907
35802823|10016286
35802824|10011907
35802825|10001424
35802826|10003550
35802827|10068759
35802828|10017578
35802829|10018072
35802830|10019910
35802831|10021950
35802832|10028114
35802833|10030113
35802834|10033372
35802835|10069172
35802836|10069265
35802837|10069291
35802838|10069219
35802839|10069324
35802840|10022528
35802841|10043409
35802842|10068756
35802843|10016654
35802844|10019237
35802845|10057175
35802846|10028882
35802847|10044694
35802848|10068760
35808761|10068791
35808762|10066214
35808763|10058049
35808764|10001315
35808765|10062611
35808766|10049863
35808767|10068895
35808768|10051101
35808769|10067681
35808770|10063677
35808771|10065599
35808772|10053996
35808773|10065647
35808774|10054752
35808775|10048822
35808776|10063679
35808777|10066988
35808778|10063960
35808779|10065902
35808780|10054092
35808781|10066951
35808782|10067519
35808783|10067254
35808784|10063880
35808785|10057881
35808786|10059046
35808787|10003033
35808788|10003035
35808789|10048938
35808790|10065059
35808791|10065301
35808792|10050098
35808793|10003036
35808794|10052162
35808795|10059005
35808796|10063072
35808797|10048943
35808798|10050099
35808799|10065577
35808800|10003041
35808801|10064578
35808802|10065331
35808803|10059136
35808804|10068317
35808805|10050100
35808806|10063683
35808807|10063839
35808808|10049041
35808809|10049042
35808810|10003046
35808811|10058713
35808812|10003048
35808813|10050101
35808814|10066149
35808815|10003050
35808816|10003051
35808817|10050102
35808818|10049043
35808819|10050103
35808820|10054838
35808821|10058730
35808822|10003053
35808823|10049044
35808824|10003054
35808825|10003055
35808826|10066209
35808827|10059008
35808828|10053424
35808829|10003059
35808830|10050104
35808831|10048941
35808832|10003060
35808833|10063764
35808834|10065652
35808835|10063772
35808836|10063762
35808837|10063771
35808838|10055117
35808839|10065653
35808840|10022459
35808841|10063763
35808842|10063765
35808843|10062957
35808844|10052253
35808845|10007810
35808846|10053212
35808847|10053183
35808848|10057688
35808849|10068607
35808850|10052264
35808851|10055662
35808852|10051099
35808853|10056520
35808854|10052267
35808855|10056295
35808856|10055909
35808857|10052268
35808858|10052269
35808859|10052270
35808860|10052271
35808861|10007811
35808862|10067996
35808863|10052272
35808864|10067114
35808865|10054192
35808866|10013702
35808867|10021538
35808868|10058944
35808869|10063848
35808870|10063849
35808871|10063852
35808872|10063774
35808873|10063853
35808874|10063854
35808875|10063855
35808876|10063775
35808877|10063874
35808878|10063777
35808879|10063778
35808880|10063779
35808881|10068688
35808882|10063856
35808883|10063857
35808884|10063780
35808885|10053995
35808886|10063858
35808887|10063859
35808888|10063860
35808889|10059650
35808890|10063781
35808891|10058062
35808892|10063861
35808893|10063862
35808894|10063863
35808895|10063864
35808896|10068922
35808897|10063776
35808898|10063782
35808899|10063865
35808900|10063783
35808901|10063784
35808902|10063785
35808903|10063866
35808904|10063786
35808905|10021542
35808906|10063873
35808907|10063867
35808908|10063868
35808909|10063869
35808910|10063787
35808911|10063870
35808912|10063871
35808913|10027037
35808914|10051792
35808915|10058464
35808916|10065497
35808917|10065454
35808918|10065455
35808919|10065456
35808920|10065457
35808921|10065458
35808922|10065460
35808923|10065461
35808924|10048634
35808925|10068687
35808926|10064774
35808927|10065462
35808928|10065463
35808929|10065464
35808930|10065471
35808931|10065472
35808932|10053482
35808933|10054997
35808934|10056270
35808935|10065473
35808936|10065474
35808937|10065476
35808938|10065477
35808939|10065478
35808940|10065479
35808941|10053998
35808942|10053483
35808943|10065485
35808944|10053663
35808945|10065486
35808946|10053664
35808947|10065487
35808948|10059830
35808949|10054996
35808950|10066211
35808951|10065488
35808952|10053505
35808953|10065489
35808954|10054995
35808955|10065490
35808956|10065491
35808957|10053484
35808958|10058729
35808959|10057664
35808960|10022044
35808961|10022045
35808962|10022046
35808963|10022048
35808964|10054812
35808965|10050057
35808966|10050082
35808967|10022055
35808968|10022056
35808969|10065600
35808970|10051572
35808971|10054266
35808972|10067252
35808973|10069124
35808974|10066221
35808975|10022059
35808976|10022061
35808977|10068689
35808978|10022062
35808979|10022064
35808980|10022066
35808981|10022067
35808982|10022071
35808983|10022072
35808984|10022075
35808985|10022076
35808986|10022078
35808987|10066083
35808988|10022079
35808989|10048648
35808990|10064494
35808991|10064111
35808992|10053979
35808993|10049261
35808994|10049263
35808995|10049260
35808996|10049262
35808997|10067253
35808998|10067255
35808999|10022081
35809000|10056250
35809001|10022082
35809002|10022083
35809003|10057880
35809004|10022085
35809005|10022086
35809006|10066041
35809007|10066044
35809008|10022088
35809009|10022090
35809010|10053396
35809011|10022093
35809012|10054994
35809013|10022094
35809014|10022095
35809015|10066797
35809016|10066210
35809017|10059009
35809018|10066778
35809019|10053425
35809020|10022104
35809021|10022105
35809022|10022107
35809023|10067995
35809024|10022111
35809025|10022112
35809026|10025478
35809027|10065115
35809028|10059079
35809029|10068880
35809030|10065117
35809031|10068877
35809032|10068878
35809033|10068879
35809034|10066045
35809035|10066046
35809036|10068881
35809037|10066047
35809038|10059080
35809039|10020843
35809040|10020844
35809041|10021113
35809042|10050080
35809043|10029282
35809044|10061376
35809045|10067549
35809046|10059267
35809047|10051998
35809048|10066183
35809049|10016562
35809050|10020741
35809051|10027438
35809052|10050087
35809053|10037294
35809054|10037660
35809055|10061982
35809056|10063746
35809057|10048664
35809058|10049054
35809059|10011906
35809060|10011912
35809061|10067991
35809062|10013647
35809063|10014405
35809064|10015548
35809065|10022747
35809066|10026912
35809067|10066376
35809068|10042062
35809069|10042440
35809070|10063894
35809071|10067482
35809072|10003549
35809073|10003840
35809074|10008874
35809075|10011953
35809076|10016256
35809077|10024264
35809078|10024642
35809079|10025482
35809080|10041052
35809081|10001623
35809082|10008531
35809083|10016322
35809084|10016326
35809085|10016330
35809086|10016334
35809087|10016338
35809088|10061458
35809089|10016352
35809090|10019133
35809091|10020466
35809092|10034568
35809093|10039996
35809094|10061549
35809095|10040003
35809096|10040007
35809097|10057040
35809098|10043458
35809099|10050200
35809100|10049460
35809101|10003591
35809102|10008025
35809103|10054197
35809104|10017577
35809105|10017585
35809106|10024860
35809107|10056242
35809108|10050051
35809109|10059837
35809110|10067476
35809111|10057687
35809112|10009866
35809113|10010253
35809114|10048659
35809115|10010264
35809116|10011376
35809117|10061619
35809118|10012559
35809119|10067671
35809120|10061818
35809121|10061819
35809122|10066871
35809123|10013912
35809124|10063045
35809125|10048779
35809126|10051301
35809127|10015866
35809128|10016251
35809129|10067143
35809130|10016825
35809131|10049438
35809132|10060891
35809133|10060800
35809134|10020642
35809135|10021013
35809136|10061520
35809137|10060708
35809138|10022004
35809139|10022998
35809140|10057224
35809141|10024769
35809142|10024770
35809143|10025394
35809144|10066216
35809145|10062199
35809146|10048334
35809147|10058092
35809148|10028154
35809149|10063914
35809150|10050401
35809151|10029410
35809152|10029719
35809153|10061876
35809154|10053159
35809155|10033546
35809156|10048919
35809157|10051986
35809158|10036495
35809159|10056486
35809160|10063579
35809161|10063493
35809162|10056658
35809163|10037569
35809164|10053459
35809165|10040402
35809166|10042674
35809167|10042750
35809168|10048669
35809169|10056697
35809170|10062355
35809171|10048629
35809172|10048222
35809173|10048245
35809174|10019909
35809175|10061207
35809176|10050356
35809177|10048998
35809178|10051392
35809179|10068159
35809180|10018691
35809181|10061218
35809182|10054923
35809183|10049940
35809184|10033708
35809185|10036141
35809186|10068776
35809187|10056626
35809188|10058556
35809189|10041290
35809190|10051379
35809191|10056651
35809192|10006789
35809193|10014579
35809194|10063121
35809195|10062037
35809196|10028103
35809197|10067994
35809198|10054877
35809199|10028111
35809200|10061297
35809201|10059490
35809202|10064486
35809203|10061298
35809204|10065334
35809205|10066992
35809206|10065764
35809207|10028116
35809208|10028119
35809209|10067993
35809210|10067724
35809211|10028124
35809212|10028133
35809213|10030111
35809214|10033780
35809215|10061529
35809216|10068367
35809217|10060934
35809218|10007196
35809219|10065106
35809220|10016029
35809221|10018092
35809222|10063412
35809223|10018713
35809224|10019340
35809225|10030095
35809226|10049631
35809227|10049630
35809228|10061317
35809229|10035076
35809230|10055953
35809231|10048750
35809232|10064556
35809233|10051704
35809234|10013082
35809235|10066835
35809236|10016059
35809237|10016750
35809238|10049077
35809239|10058043
35809240|10065390
35809241|10027484
35809242|10062501
35809243|10033371
35809244|10067055
35809245|10056238
35809246|10054126
35809247|10065016
35809248|10064882
35809249|10056610
35809250|10037755
35809251|10050822
35809252|10043224
35809253|10069173
35809254|10069174
35809255|10069175
35809256|10069176
35809257|10069177
35809258|10067591
35809259|10048686
35809260|10069272
35809261|10069269
35809262|10069271
35809263|10069267
35809264|10069273
35809265|10069270
35809266|10069289
35809267|10069268
35809268|10069266
35809269|10066374
35809270|10069300
35809271|10069295
35809272|10069296
35809273|10069297
35809274|10069293
35809275|10069298
35809276|10069294
35809277|10069292
35809278|10069301
35809279|10069299
35809280|10069230
35809281|10069224
35809282|10069222
35809283|10069221
35809284|10069250
35809285|10069232
35809286|10069220
35809287|10069231
35809288|10069226
35809289|10069225
35809290|10069223
35809291|10069249
35809292|10069229
35809293|10069227
35809294|10069251
35809295|10048687
35809296|10069328
35809297|10064941
35809298|10054778
35809299|10069329
35809300|10069331
35809301|10069228
35809302|10069325
35809303|10069332
35809304|10069327
35809305|10069326
35809306|10069330
35809307|10001597
35809308|10012586
35809309|10053579
35809310|10013710
35809311|10053580
35809312|10053581
35809313|10016948
35809314|10068071
35809315|10068072
35809316|10067623
35809317|10067622
35809318|10067895
35809319|10061623
35809320|10060933
35809321|10067484
35809322|10059875
35809323|10013678
35809324|10068303
35809325|10013683
35809326|10013685
35809327|10013709
35809328|10051118
35809329|10061822
35809330|10059866
35809331|10052804
35809332|10052805
35809333|10052806
35809334|10048652
35809335|10048653
35809336|10049998
35809337|10067142
35809338|10021432
35809339|10048662
35809340|10048723
35809341|10052053
35809342|10063670
35809343|10048958
35809344|10065109
35809345|10049415
35809346|10063672
35809347|10066902
35809348|10062119
35809349|10043087
35809350|10060769
35809351|10060770
35809352|10061380
35809353|10043414
35809354|10053181
35809355|10043415
35809356|10043416
35809357|10043417
35809358|10063747
35809359|10051259
35809360|10051083
35809361|10066901
35809362|10066903
35809363|10065648
35809364|10069195
35809365|10053164
35809366|10012225
35809367|10013752
35809368|10013753
35809369|10013754
35809370|10013756
35809371|10066363
35809372|10038001
35809373|10065989
35809374|10059612
35809375|10047998
35809376|10048007
35809377|10048010
35809378|10016642
35809379|10034244
35809380|10063560
35809381|10021519
35809382|10011732
35809383|10061803
35809384|10068516
35809385|10059189
35809386|10026865
35809387|10054107
35809388|10049484
35809389|10057248
35809390|10061857
35809391|10059605
35809392|10028851
35809393|10053716
35809394|10003694
35809395|10006938
35809396|10049643
35809397|10058314
35809398|10060766
35809399|10020718
35809400|10020880
35809401|10054949
35809402|10059084
35809403|10062065
35809404|10044546
35809405|10050283
35809406|10045285
35809407|10061577
35841950|35841950
35841951|35841951
35841952|35841952
35841953|35841953
35841954|35841954
35841955|35841955
35841956|35841956
35841957|35841957
35841958|10051111
35841959|10055326
35841960|35841960
35841961|35841961
35841962|35841962
35841963|35841963
35841964|35841964
35841965|35841965
35841966|35841966
35841967|35841967
35841968|10063682
35841969|35841969
35841970|10066989
35841971|10066997
35841972|35841972
35841973|10048764
35841974|10050368
35841975|10054757
35841976|10054758
35841977|10055369
35841978|35841978
35841979|35841979
35841980|10065905
35841981|10050359
35841982|35841982
35841983|10054093
35841984|10054759
35841985|10067257
35841986|10048823
35841987|35841987
35841988|35841988
35841989|10067525
35841990|10068086
35841991|10068087
35841992|35841992
35841993|10054050
35841994|10059819
35841995|10063167
35841996|35841996
35841997|35841997
35841998|35841998
35841999|10002322
35842000|35842000
35842001|10003034
35842002|10003043
35842003|10003049
35842004|35842004
35842005|10003042
35842006|10003698
35842007|35842007
35842008|35842008
35842009|35842009
35842010|35842010
35842011|35842011
35842012|10003037
35842013|10003038
35842014|35842014
35842015|10003044
35842016|10003045
35842017|10003052
35842018|35842018
35842019|10059010
35842020|35842020
35842021|35842021
35842022|35842022
35842023|10052164
35842024|10059006
35842025|35842025
35842026|35842026
35842027|10003058
35842028|10003039
35842029|35842029
35842030|10065578
35842031|35842031
35842032|35842032
35842033|10048939
35842034|35842034
35842035|10050182
35842036|35842036
35842037|10068345
35842038|35842038
35842039|10050115
35842040|10054328
35842041|35842041
35842042|10065262
35842043|35842043
35842044|35842044
35842045|35842045
35842046|35842046
35842047|10048942
35842048|35842048
35842049|35842049
35842050|35842050
35842051|35842051
35842052|10066155
35842053|10003040
35842054|35842054
35842055|10014213
35842056|10014215
35842057|10055913
35842058|10055914
35842059|35842059
35842060|10033375
35842061|10058714
35842062|35842062
35842063|35842063
35842064|10048940
35842065|35842065
35842066|35842066
35842067|35842067
35842068|10003047
35842069|35842069
35842070|35842070
35842071|35842071
35842072|35842072
35842073|10003056
35842074|10037936
35842075|10048740
35842076|10052163
35842077|35842077
35842078|35842078
35842079|35842079
35842080|35842080
35842081|35842081
35842082|35842082
35842083|10050097
35842084|10053414
35842085|35842085
35842086|35842086
35842087|10063768
35842088|10063769
35842089|10063770
35842090|35842090
35842091|35842091
35842092|35842092
35842093|10063766
35842094|35842094
35842095|10063773
35842096|10065654
35842097|10052063
35842098|35842098
35842099|35842099
35842100|35842100
35842101|10052064
35842102|10053570
35842103|35842103
35842104|10063767
35842105|35842105
35842106|35842106
35842107|10062979
35842108|10051149
35842109|35842109
35842110|10052255
35842111|10052256
35842112|10059063
35842113|10068256
35842114|35842114
35842115|10051387
35842116|35842116
35842117|10063445
35842118|10063448
35842119|10064179
35842120|35842120
35842121|10053184
35842122|35842122
35842123|10067111
35842124|35842124
35842125|35842125
35842126|10064622
35842127|10052265
35842128|35842128
35842129|35842129
35842130|35842130
35842131|10051109
35842132|10052262
35842133|10052266
35842134|35842134
35842135|35842135
35842136|10068003
35842137|35842137
35842138|10052263
35842139|35842139
35842140|35842140
35842141|10054051
35842142|10064621
35842143|35842143
35842144|35842144
35842145|35842145
35842146|35842146
35842147|10054049
35842148|10054232
35842149|35842149
35842150|35842150
35842151|10050387
35842152|35842152
35842153|35842153
35842154|35842154
35842155|10015717
35842156|35842156
35842157|35842157
35842158|10058966
35842159|35842159
35842160|35842160
35842161|35842161
35842162|35842162
35842163|35842163
35842164|35842164
35842165|35842165
35842166|35842166
35842167|35842167
35842168|10063883
35842169|10067175
35842170|10067176
35842171|35842171
35842172|10063791
35842173|10063792
35842174|10063793
35842175|35842175
35842176|35842176
35842177|10063872
35842178|35842178
35842179|35842179
35842180|35842180
35842181|35842181
35842182|10063795
35842183|35842183
35842184|35842184
35842185|10055288
35842186|10063790
35842187|35842187
35842188|35842188
35842189|35842189
35842190|10063876
35842191|35842191
35842192|35842192
35842193|35842193
35842194|10063851
35842195|35842195
35842196|10063882
35842197|35842197
35842198|35842198
35842199|35842199
35842200|35842200
35842201|35842201
35842202|10063794
35842203|35842203
35842204|10063877
35842205|35842205
35842206|35842206
35842207|10063796
35842208|35842208
35842209|35842209
35842210|35842210
35842211|35842211
35842212|35842212
35842213|10021543
35842214|10021547
35842215|35842215
35842216|35842216
35842217|35842217
35842218|35842218
35842219|35842219
35842220|35842220
35842221|35842221
35842222|10027027
35842223|10027028
35842224|10027029
35842225|10027031
35842226|10027032
35842227|10027033
35842228|10027034
35842229|10027035
35842230|10027036
35842231|35842231
35842232|10027038
35842233|10027039
35842234|10027040
35842235|10027041
35842236|10027042
35842237|10027043
35842238|10027044
35842239|10027045
35842240|10027046
35842241|10032258
35842242|10032259
35842243|10051789
35842244|35842244
35842245|10059087
35842246|10059088
35842247|10059089
35842248|10059090
35842249|10065672
35842250|35842250
35842251|35842251
35842252|10065498
35842253|10065499
35842254|10065501
35842255|10065502
35842256|10065503
35842257|10065984
35842258|10065985
35842259|35842259
35842260|35842260
35842261|35842261
35842262|35842262
35842263|35842263
35842264|35842264
35842265|10065466
35842266|10065480
35842267|10065481
35842268|10065492
35842269|35842269
35842270|35842270
35842271|10048639
35842272|10065459
35842273|35842273
35842274|10059453
35842275|35842275
35842276|10064820
35842277|35842277
35842278|35842278
35842279|35842279
35842280|10065469
35842281|35842281
35842282|10065467
35842283|10065470
35842284|10065506
35842285|35842285
35842286|35842286
35842287|35842287
35842288|10065494
35842289|35842289
35842290|35842290
35842291|35842291
35842292|35842292
35842293|10065507
35842294|35842294
35842295|10065484
35842296|35842296
35842297|35842297
35842298|35842298
35842299|35842299
35842300|10050066
35842301|35842301
35842302|10055405
35842303|10055922
35842304|10049856
35842305|35842305
35842306|10053532
35842307|10053997
35842308|10065493
35842309|10065495
35842310|35842310
35842311|10065504
35842312|35842312
35842313|35842313
35842314|35842314
35842315|35842315
35842316|35842316
35842317|10065468
35842318|35842318
35842319|10065482
35842320|10065483
35842321|35842321
35842322|10066212
35842323|35842323
35842324|35842324
35842325|35842325
35842326|10065496
35842327|35842327
35842328|35842328
35842329|10065500
35842330|10065465
35842331|35842331
35842332|35842332
35842333|35842333
35842334|10058731
35842335|35842335
35842336|10000284
35842337|35842337
35842338|35842338
35842339|10002324
35842340|35842340
35842341|10022047
35842342|10022073
35842343|10022084
35842344|10058715
35842345|10065986
35842346|10003700
35842347|35842347
35842348|10022063
35842349|10022100
35842350|10024605
35842351|35842351
35842352|35842352
35842353|35842353
35842354|10011739
35842355|35842355
35842356|35842356
35842357|35842357
35842358|10022054
35842359|10022070
35842360|10022074
35842361|10022091
35842362|35842362
35842363|10055529
35842364|10055530
35842365|35842365
35842366|35842366
35842367|35842367
35842368|10069134
35842369|35842369
35842370|35842370
35842371|10067262
35842372|35842372
35842373|10022098
35842374|10022109
35842375|10041035
35842376|10059007
35842377|35842377
35842378|10021948
35842379|35842379
35842380|10022077
35842381|10062497
35842382|10016646
35842383|35842383
35842384|10019432
35842385|35842385
35842386|35842386
35842387|10055371
35842388|10055889
35842389|10014081
35842390|10019549
35842391|10022049
35842392|10022050
35842393|10022057
35842394|35842394
35842395|10022068
35842396|10034753
35842397|10055814
35842398|10020754
35842399|35842399
35842400|35842400
35842401|10022101
35842402|35842402
35842403|10022087
35842404|10051372
35842405|10021834
35842406|35842406
35842407|10021951
35842408|10021957
35842409|35842409
35842410|10022110
35842411|10038199
35842412|35842412
35842413|10022053
35842414|35842414
35842415|35842415
35842416|10055225
35842417|10049259
35842418|35842418
35842419|10049252
35842420|10063598
35842421|35842421
35842422|35842422
35842423|35842423
35842424|10066791
35842425|35842425
35842426|35842426
35842427|35842427
35842428|35842428
35842429|35842429
35842430|35842430
35842431|10022099
35842432|10026870
35842433|35842433
35842434|35842434
35842435|10028860
35842436|10062580
35842437|35842437
35842438|10018694
35842439|35842439
35842440|10029492
35842441|35842441
35842442|10014226
35842443|10022058
35842444|35842444
35842445|10055923
35842446|35842446
35842447|10022092
35842448|10022102
35842449|10022108
35842450|10033453
35842451|10053234
35842452|10053569
35842453|10058683
35842454|35842454
35842455|35842455
35842456|35842456
35842457|10022089
35842458|10054436
35842459|35842459
35842460|10034898
35842461|35842461
35842462|10022080
35842463|35842463
35842464|35842464
35842465|10022060
35842466|35842466
35842467|10037850
35842468|10037864
35842469|35842469
35842470|10022096
35842471|10037950
35842472|10048519
35842473|10058716
35842474|10062643
35842475|35842475
35842476|10063073
35842477|35842477
35842478|35842478
35842479|35842479
35842480|10042696
35842481|35842481
35842482|10022103
35842483|35842483
35842484|10043576
35842485|35842485
35842486|10022106
35842487|10022069
35842488|35842488
35842489|10046747
35842490|10067264
35842491|35842491
35842492|10006560
35842493|10022051
35842494|35842494
35842495|10047369
35842496|35842496
35842497|35842497
35842498|35842498
35842499|35842499
35842500|35842500
35842501|35842501
35842502|35842502
35842503|35842503
35842504|10040758
35842505|35842505
35842506|35842506
35842507|35842507
35842508|35842508
35842509|35842509
35842510|35842510
35842511|35842511
35842512|10020845
35842513|10016561
35842514|10020742
35842515|35842515
35842516|10025599
35842517|10025606
35842518|10025607
35842519|10021088
35842520|35842520
35842521|10009862
35842522|10032114
35842523|35842523
35842524|10029281
35842525|35842525
35842526|10029435
35842527|10048392
35842528|10052113
35842529|10058918
35842530|10032019
35842531|10043205
35842532|35842532
35842533|35842533
35842534|35842534
35842535|35842535
35842536|10066180
35842537|35842537
35842538|35842538
35842539|35842539
35842540|10020743
35842541|10020744
35842542|35842542
35842543|35842543
35842544|10026935
35842545|10026936
35842546|10036421
35842547|10037290
35842548|35842548
35842549|10037295
35842550|10037296
35842551|10037297
35842552|10037666
35842553|10037667
35842554|10046200
35842555|10046201
35842556|10046202
35842557|10008532
35842558|10008533
35842559|10013697
35842560|10016289
35842561|10016558
35842562|10016559
35842563|10016563
35842564|10019341
35842565|10019344
35842566|10020083
35842567|10022571
35842568|10034533
35842569|10037511
35842570|35842570
35842571|10037661
35842572|10037662
35842573|10037663
35842574|10037664
35842575|10037665
35842576|10037668
35842577|10037946
35842578|10041021
35842579|10041523
35842580|10053568
35842581|10058698
35842582|10063757
35842583|10065377
35842584|10065602
35842585|10066565
35842586|35842586
35842587|10061986
35842588|35842588
35842589|10067992
35842590|35842590
35842591|35842591
35842592|10011873
35842593|35842593
35842594|10011914
35842595|10011940
35842596|10011941
35842597|10012771
35842598|10013587
35842599|10017066
35842600|10017067
35842601|10045475
35842602|10052809
35842603|10063378
35842604|10067295
35842605|35842605
35842606|10011913
35842607|35842607
35842608|35842608
35842609|10013648
35842610|35842610
35842611|10014406
35842612|35842612
35842613|10011872
35842614|10011908
35842615|10011909
35842616|10011911
35842617|10016479
35842618|10016480
35842619|10016481
35842620|10016482
35842621|10016483
35842622|10016484
35842623|10016539
35842624|10016873
35842625|35842625
35842626|10022814
35842627|10022815
35842628|10022816
35842629|10022817
35842630|10032272
35842631|10037708
35842632|10037709
35842633|10037710
35842634|10037723
35842635|10044674
35842636|10044677
35842637|10044678
35842638|10044680
35842639|10045187
35842640|10045189
35842641|10045190
35842642|10045191
35842643|35842643
35842644|10055691
35842645|10055710
35842646|10058160
35842647|10060517
35842648|10026911
35842649|35842649
35842650|10060520
35842651|35842651
35842652|35842652
35842653|10042063
35842654|10011220
35842655|10011910
35842656|10011939
35842657|10021733
35842658|10040666
35842659|10040667
35842660|10042439
35842661|35842661
35842662|35842662
35842663|10063895
35842664|10029436
35842665|10029438
35842666|10029441
35842667|10052808
35842668|10067481
35842669|35842669
35842670|10067483
35842671|10001425
35842672|35842672
35842673|10009912
35842674|10011942
35842675|10011943
35842676|10011944
35842677|10016356
35842678|10016373
35842679|10018063
35842680|10024862
35842681|10029199
35842682|10029230
35842683|10029231
35842684|10042174
35842685|10047862
35842686|10047864
35842687|10047865
35842688|10047869
35842689|10051588
35842690|10057841
35842691|10063028
35842692|10066688
35842693|10003837
35842694|35842694
35842695|10013889
35842696|10021405
35842697|10022457
35842698|10049218
35842699|10049559
35842700|10062629
35842701|10063649
35842702|10063650
35842703|10065322
35842704|10067886
35842705|35842705
35842706|10029321
35842707|35842707
35842708|10020930
35842709|10020934
35842710|10045493
35842711|10045494
35842712|10014827
35842713|10015667
35842714|10015668
35842715|10015669
35842716|10016252
35842717|10016253
35842718|10016254
35842719|10016255
35842720|35842720
35842721|10016257
35842722|10016259
35842723|10023929
35842724|10024884
35842725|10036985
35842726|10043142
35842727|10043885
35842728|10043886
35842729|10043889
35842730|10043890
35842731|10047830
35842732|10047871
35842733|10048024
35842734|10048415
35842735|10052619
35842736|10065603
35842737|10066564
35842738|10024262
35842739|10024263
35842740|35842740
35842741|35842741
35842742|10024643
35842743|10016365
35842744|10016370
35842745|10016380
35842746|10016383
35842747|10018066
35842748|10018084
35842749|10018134
35842750|10018135
35842751|10021345
35842752|35842752
35842753|10025483
35842754|10040658
35842755|10040659
35842756|10041909
35842757|10046268
35842758|10055523
35842759|10062436
35842760|35842760
35842761|35842761
35842762|10019135
35842763|35842763
35842764|10039175
35842765|10039176
35842766|10039177
35842767|10039178
35842768|10040558
35842769|10040559
35842770|10043174
35842771|10066501
35842772|10011221
35842773|35842773
35842774|10016324
35842775|10016331
35842776|10016340
35842777|10016342
35842778|10016366
35842779|10016367
35842780|10016372
35842781|10016375
35842782|10016376
35842783|10016377
35842784|10016384
35842785|10016782
35842786|10016876
35842787|10017552
35842788|10017565
35842789|10017566
35842790|10028405
35842791|10028844
35842792|10041286
35842793|10041374
35842794|10043428
35842795|10046253
35842796|10047904
35842797|10050462
35842798|10008530
35842799|10009871
35842800|10009872
35842801|10009873
35842802|35842802
35842803|10016327
35842804|10039997
35842805|10048515
35842806|10013767
35842807|10013769
35842808|35842808
35842809|10015885
35842810|35842810
35842811|10016357
35842812|10016358
35842813|10016359
35842814|10016360
35842815|10016371
35842816|10020401
35842817|10020404
35842818|10020405
35842819|10020406
35842820|10029801
35842821|10039999
35842822|10040006
35842823|10047824
35842824|10059880
35842825|10059881
35842826|10065015
35842827|35842827
35842828|10023191
35842829|10016335
35842830|10016343
35842831|10043203
35842832|35842832
35842833|35842833
35842834|10016362
35842835|10038308
35842836|10038310
35842837|35842837
35842838|10019134
35842839|10019136
35842840|10035038
35842841|10016336
35842842|35842842
35842843|10009857
35842844|10009859
35842845|10009860
35842846|10009861
35842847|10009874
35842848|10009875
35842849|10009876
35842850|10016693
35842851|35842851
35842852|10005523
35842853|35842853
35842854|10016347
35842855|10017001
35842856|10034846
35842857|10039998
35842858|10044280
35842859|10051180
35842860|10051196
35842861|10055494
35842862|35842862
35842863|10036637
35842864|35842864
35842865|10040005
35842866|10030906
35842867|35842867
35842868|10009863
35842869|10019339
35842870|10056596
35842871|35842871
35842872|10014288
35842873|10015608
35842874|10021689
35842875|35842875
35842876|10043459
35842877|35842877
35842878|10017581
35842879|10049278
35842880|35842880
35842881|10049461
35842882|35842882
35842883|10003593
35842884|10003596
35842885|10003597
35842886|10048320
35842887|10003592
35842888|35842888
35842889|10008026
35842890|10016692
35842891|10031722
35842892|35842892
35842893|10000136
35842894|10000200
35842895|10012794
35842896|10012795
35842897|10012796
35842898|10012797
35842899|10012798
35842900|10012799
35842901|10012800
35842902|10013224
35842903|10013890
35842904|10017573
35842905|10017574
35842906|10017575
35842907|10017576
35842908|35842908
35842909|10017582
35842910|10017584
35842911|10017586
35842912|10017587
35842913|10017588
35842914|10017589
35842915|10022455
35842916|10041902
35842917|10041903
35842918|10042000
35842919|10042262
35842920|10043895
35842921|10046261
35842922|10047810
35842923|10047982
35842924|10058725
35842925|10058726
35842926|10063359
35842927|10066245
35842928|10066777
35842929|10017580
35842930|35842930
35842931|10019474
35842932|10033840
35842933|10041412
35842934|35842934
35842935|10016474
35842936|10017390
35842937|10017579
35842938|10017583
35842939|35842939
35842940|10056249
35842941|35842941
35842942|35842942
35842943|35842943
35842944|10068111
35842945|10051287
35842946|10056686
35842947|35842947
35842948|10009230
35842949|10009231
35842950|35842950
35842951|10040816
35842952|10040953
35842953|35842953
35842954|35842954
35842955|10001484
35842956|10001486
35842957|10009299
35842958|35842958
35842959|10013097
35842960|10013187
35842961|10015576
35842962|10037930
35842963|10011283
35842964|35842964
35842965|10049154
35842966|10052615
35842967|35842967
35842968|10068526
35842969|10012201
35842970|35842970
35842971|10012560
35842972|10012563
35842973|10023611
35842974|10027758
35842975|10032608
35842976|10041428
35842977|10045733
35842978|35842978
35842979|10049830
35842980|35842980
35842981|10049831
35842982|35842982
35842983|35842983
35842984|10008419
35842985|35842985
35842986|35842986
35842987|10035773
35842988|10036144
35842989|10036145
35842990|10068182
35842991|35842991
35842992|35842992
35842993|35842993
35842994|10052325
35842995|10065629
35842996|35842996
35842997|10015868
35842998|10016243
35842999|10016244
35843000|35843000
35843001|35843001
35843002|10016046
35843003|10016821
35843004|10016822
35843005|10016823
35843006|10016824
35843007|35843007
35843008|10016826
35843009|10018083
35843010|10018742
35843011|10033547
35843012|10040850
35843013|10048347
35843014|10062435
35843015|35843015
35843016|10057364
35843017|10018070
35843018|10018071
35843019|10032085
35843020|10032966
35843021|10042760
35843022|10042761
35843023|10059878
35843024|35843024
35843025|10001485
35843026|10015577
35843027|10016350
35843028|10016752
35843029|10016820
35843030|10020407
35843031|10020408
35843032|10020409
35843033|10020410
35843034|10020412
35843035|10020413
35843036|10020414
35843037|10020415
35843038|10020416
35843039|35843039
35843040|10012703
35843041|10013635
35843042|10015590
35843043|10019362
35843044|10020402
35843045|35843045
35843046|10034734
35843047|10042661
35843048|10042663
35843049|10042665
35843050|10042667
35843051|10042668
35843052|10042669
35843053|10042670
35843054|10042671
35843055|10062661
35843056|10066425
35843057|10066455
35843058|10067146
35843059|10020926
35843060|35843060
35843061|10042664
35843062|10021344
35843063|10021349
35843064|10032116
35843065|10032118
35843066|10033014
35843067|35843067
35843068|35843068
35843069|10016791
35843070|10016795
35843071|10016796
35843072|10016797
35843073|35843073
35843074|10022009
35843075|10015123
35843076|10016337
35843077|35843077
35843078|10023000
35843079|10023006
35843080|10023008
35843081|10023010
35843082|10041022
35843083|10041231
35843084|10022999
35843085|35843085
35843086|35843086
35843087|10018738
35843088|35843088
35843089|10049568
35843090|35843090
35843091|10053718
35843092|35843092
35843093|10052392
35843094|35843094
35843095|35843095
35843096|35843096
35843097|10027803
35843098|10028151
35843099|35843099
35843100|10028162
35843101|10028237
35843102|35843102
35843103|35843103
35843104|10029409
35843105|35843105
35843106|10052427
35843107|35843107
35843108|10037959
35843109|10029960
35843110|35843110
35843111|35843111
35843112|10005088
35843113|10010148
35843114|10024823
35843115|10033532
35843116|10033533
35843117|35843117
35843118|10033548
35843119|10033549
35843120|10033550
35843121|10048758
35843122|10048759
35843123|10052142
35843124|35843124
35843125|35843125
35843126|35843126
35843127|10042756
35843128|35843128
35843129|35843129
35843130|10054804
35843131|35843131
35843132|35843132
35843133|35843133
35843134|35843134
35843135|10053530
35843136|35843136
35843137|10024784
35843138|35843138
35843139|10042686
35843140|10042687
35843141|10042710
35843142|10043894
35843143|35843143
35843144|35843144
35843145|10068311
35843146|35843146
35843147|10037960
35843148|10037985
35843149|10045524
35843150|35843150
35843151|10048033
35843152|35843152
35843153|10055183
35843154|10057750
35843155|10058997
35843156|35843156
35843157|10010064
35843158|10040818
35843159|35843159
35843160|10055518
35843161|10055538
35843162|35843162
35843163|10019918
35843164|10019921
35843165|10019922
35843166|10019926
35843167|10019927
35843168|10019934
35843169|10032104
35843170|10019916
35843171|10019920
35843172|10019924
35843173|10019925
35843174|10019929
35843175|10019930
35843176|10021610
35843177|35843177
35843178|35843178
35843179|35843179
35843180|35843180
35843181|10017002
35843182|10017003
35843183|35843183
35843184|35843184
35843185|10018695
35843186|10018701
35843187|10018703
35843188|10029539
35843189|10021958
35843190|10021959
35843191|10021961
35843192|10021995
35843193|10021997
35843194|35843194
35843195|10063525
35843196|35843196
35843197|10033789
35843198|35843198
35843199|10066886
35843200|35843200
35843201|10033709
35843202|10010246
35843203|35843203
35843204|35843204
35843205|10068777
35843206|35843206
35843207|35843207
35843208|35843208
35843209|35843209
35843210|10062357
35843211|35843211
35843212|35843212
35843213|10006780
35843214|10006781
35843215|35843215
35843216|35843216
35843217|35843217
35843218|10019057
35843219|10024386
35843220|10024388
35843221|10056805
35843222|35843222
35843223|35843223
35843224|10028107
35843225|10028126
35843226|35843226
35843227|35843227
35843228|10054905
35843229|10056690
35843230|35843230
35843231|10028112
35843232|10028100
35843233|10028101
35843234|10028113
35843235|35843235
35843236|35843236
35843237|35843237
35843238|10028099
35843239|10028102
35843240|10028115
35843241|10059426
35843242|35843242
35843243|35843243
35843244|10065340
35843245|35843245
35843246|35843246
35843247|10021960
35843248|35843248
35843249|10028117
35843250|10028121
35843251|10028127
35843252|10028129
35843253|35843253
35843254|10028132
35843255|10028136
35843256|35843256
35843257|35843257
35843258|35843258
35843259|10028125
35843260|10027167
35843261|35843261
35843262|10028134
35843263|10028135
35843264|10028120
35843265|10028122
35843266|10028123
35843267|35843267
35843268|10030112
35843269|10054478
35843270|10054705
35843271|35843271
35843272|10033781
35843273|10033925
35843274|10033991
35843275|10043878
35843276|10043879
35843277|10036122
35843278|10036137
35843279|35843279
35843280|35843280
35843281|10051127
35843282|10054306
35843283|35843283
35843284|35843284
35843285|10068429
35843286|35843286
35843287|10067316
35843288|10014222
35843289|10016025
35843290|35843290
35843291|10016030
35843292|10030101
35843293|10030108
35843294|10031095
35843295|10054495
35843296|10054522
35843297|10054849
35843298|10054893
35843299|10002241
35843300|10014223
35843301|35843301
35843302|10018112
35843303|10030102
35843304|10030103
35843305|10030107
35843306|10054494
35843307|10014244
35843308|10014245
35843309|10014246
35843310|10014247
35843311|10014248
35843312|10030120
35843313|35843313
35843314|10063424
35843315|10012353
35843316|10014219
35843317|10018712
35843318|35843318
35843319|10030099
35843320|10030100
35843321|10031126
35843322|10031128
35843323|10036432
35843324|10036434
35843325|10055400
35843326|10019331
35843327|35843327
35843328|10014210
35843329|10014211
35843330|10014234
35843331|10014249
35843332|10014264
35843333|10021991
35843334|10021993
35843335|35843335
35843336|10030106
35843337|10030114
35843338|10030131
35843339|10030133
35843340|10030135
35843341|10048376
35843342|10054487
35843343|10054493
35843344|10054504
35843345|10054507
35843346|10066559
35843347|10066587
35843348|35843348
35843349|10049638
35843350|10049639
35843351|10054490
35843352|35843352
35843353|10049636
35843354|10049637
35843355|10054491
35843356|10031566
35843357|10031609
35843358|10052838
35843359|10054497
35843360|35843360
35843361|35843361
35843362|10054547
35843363|10051238
35843364|35843364
35843365|35843365
35843366|35843366
35843367|10038367
35843368|35843368
35843369|35843369
35843370|10013086
35843371|10013092
35843372|10018064
35843373|35843373
35843374|10003749
35843375|35843375
35843376|10033427
35843377|35843377
35843378|10033399
35843379|10063898
35843380|35843380
35843381|35843381
35843382|10066912
35843383|10048463
35843384|35843384
35843385|35843385
35843386|10049038
35843387|10066633
35843388|10008480
35843389|35843389
35843390|10000424
35843391|10000428
35843392|10006705
35843393|10015579
35843394|10018074
35843395|35843395
35843396|10033376
35843397|10033386
35843398|10033392
35843399|10033396
35843400|10033454
35843401|10033465
35843402|10033470
35843403|10033499
35843404|10033500
35843405|10036662
35843406|10036663
35843407|10041199
35843408|10041200
35843409|10042066
35843410|10048971
35843411|10049475
35843412|10050007
35843413|10050483
35843414|10052411
35843415|10052412
35843416|10056359
35843417|10059050
35843418|10059073
35843419|10062428
35843420|35843420
35843421|10065997
35843422|10066714
35843423|10068309
35843424|10069139
35843425|35843425
35843426|10034803
35843427|10034804
35843428|35843428
35843429|10049445
35843430|35843430
35843431|10048459
35843432|35843432
35843433|10036284
35843434|10036286
35843435|10049749
35843436|10053170
35843437|10054710
35843438|10054711
35843439|10057843
35843440|10059358
35843441|35843441
35843442|10065402
35843443|10065403
35843444|35843444
35843445|10056616
35843446|35843446
35843447|35843447
35843448|35843448
35843449|10043225
35843450|10043231
35843451|10063959
35843452|10065650
35843453|10065651
35843454|35843454
35843455|10069178
35843456|35843456
35843457|35843457
35843458|10069179
35843459|10069180
35843460|10069181
35843461|10069182
35843462|10069183
35843463|10069184
35843464|35843464
35843465|10069185
35843466|10069186
35843467|10069187
35843468|10069188
35843469|10069189
35843470|10069190
35843471|10069191
35843472|10069192
35843473|35843473
35843474|10069193
35843475|10069194
35843476|35843476
35843477|10067593
35843478|35843478
35843479|35843479
35843480|10069286
35843481|10069287
35843482|10069288
35843483|35843483
35843484|10069280
35843485|10069281
35843486|10069282
35843487|35843487
35843488|10069283
35843489|10069284
35843490|10069285
35843491|35843491
35843492|10069277
35843493|10069278
35843494|10069279
35843495|35843495
35843496|35843496
35843497|35843497
35843498|35843498
35843499|35843499
35843500|10069274
35843501|10069275
35843502|10069276
35843503|10069290
35843504|35843504
35843505|35843505
35843506|10069322
35843507|10069323
35843508|35843508
35843509|10069313
35843510|10069314
35843511|10069315
35843512|35843512
35843513|35843513
35843514|10069316
35843515|10069317
35843516|35843516
35843517|10069302
35843518|10069303
35843519|10069304
35843520|10069305
35843521|35843521
35843522|35843522
35843523|10069308
35843524|10069309
35843525|10069310
35843526|10069311
35843527|10069312
35843528|35843528
35843529|35843529
35843530|35843530
35843531|10069306
35843532|10069307
35843533|10069318
35843534|10069319
35843535|10069320
35843536|10069321
35843537|35843537
35843538|10069237
35843539|10069238
35843540|10069239
35843541|10069240
35843542|35843542
35843543|10069241
35843544|10069242
35843545|10069248
35843546|35843546
35843547|10069235
35843548|10069236
35843549|35843549
35843550|10069233
35843551|10069234
35843552|10069253
35843553|10069254
35843554|10069255
35843555|10054781
35843556|35843556
35843557|10069259
35843558|10069260
35843559|10069261
35843560|35843560
35843561|10069243
35843562|35843562
35843563|35843563
35843564|35843564
35843565|10069252
35843566|35843566
35843567|35843567
35843568|35843568
35843569|35843569
35843570|10069244
35843571|10069245
35843572|10069246
35843573|10069247
35843574|10069256
35843575|10067032
35843576|10067060
35843577|35843577
35843578|35843578
35843579|10069257
35843580|10069258
35843581|10069262
35843582|10069263
35843583|10069264
35843584|35843584
35843585|35843585
35843586|35843586
35843587|10016312
35843588|10042152
35843589|10043070
35843590|10052467
35843591|10054059
35843592|10054063
35843593|35843593
35843594|10054782
35843595|35843595
35843596|10063180
35843597|35843597
35843598|35843598
35843599|35843599
35843600|10069333
35843601|10069334
35843602|10069335
35843603|35843603
35843604|10051327
35843605|35843605
35843606|35843606
35843607|10069336
35843608|10069337
35843609|10069338
35843610|10069340
35843611|10027092
35843612|10043112
35843613|35843613
35843614|35843614
35843615|10013652
35843616|10022527
35843617|35843617
35843618|10049156
35843619|10055521
35843620|35843620
35843621|35843621
35843622|10013712
35843623|10022525
35843624|10022526
35843625|10048504
35843626|10065993
35843627|10065994
35843628|10067219
35843629|10067220
35843630|35843630
35843631|35843631
35843632|10013653
35843633|35843633
35843634|10013711
35843635|35843635
35843636|10013713
35843637|35843637
35843638|35843638
35843639|35843639
35843640|35843640
35843641|10052538
35843642|35843642
35843643|10067033
35843644|10008210
35843645|10023938
35843646|10032496
35843647|10032497
35843648|10049535
35843649|35843649
35843650|35843650
35843651|35843651
35843652|35843652
35843653|10013679
35843654|10013680
35843655|35843655
35843656|10063660
35843657|35843657
35843658|35843658
35843659|10014278
35843660|10021659
35843661|10021660
35843662|35843662
35843663|10036861
35843664|10013684
35843665|35843665
35843666|10014289
35843667|10014290
35843668|10014291
35843669|10023610
35843670|10029437
35843671|10048506
35843672|35843672
35843673|10048697
35843674|35843674
35843675|35843675
35843676|10018810
35843677|10043223
35843678|10043927
35843679|10043930
35843680|35843680
35843681|10011979
35843682|10022725
35843683|10022726
35843684|10043928
35843685|10043929
35843686|35843686
35843687|10043932
35843688|35843688
35843689|35843689
35843690|35843690
35843691|10068707
35843692|35843692
35843693|35843693
35843694|35843694
35843695|10021434
35843696|35843696
35843697|35843697
35843698|35843698
35843699|10063981
35843700|10051082
35843701|35843701
35843702|35843702
35843703|35843703
35843704|35843704
35843705|35843705
35843706|35843706
35843707|10048668
35843708|35843708
35843709|35843709
35843710|35843710
35843711|10063958
35843712|35843712
35843713|10037972
35843714|10050583
35843715|35843715
35843716|10029804
35843717|35843717
35843718|10061983
35843719|35843719
35843720|35843720
35843721|35843721
35843722|10004234
35843723|10013681
35843724|10018619
35843725|10021591
35843726|10043412
35843727|35843727
35843728|10045525
35843729|10045527
35843730|10052807
35843731|35843731
35843732|10063752
35843733|35843733
35843734|10052052
35843735|10066056
35843736|35843736
35843737|10066429
35843738|35843738
35843739|35843739
35843740|35843740
35843741|10048000
35843742|10058712
35843743|10061358
35843744|35843744
35843745|10001611
35843746|10001637
35843747|35843747
35843748|10001610
35843749|35843749
35843750|35843750
35843751|10048001
35843752|10048003
35843753|10048004
35843754|10048009
35843755|35843755
35843756|10019214
35843757|10048006
35843758|35843758
35843759|10030882
35843760|10065668
35843761|10013755
35843762|35843762
35843763|10048012
35843764|35843764
35843765|10066365
35843766|35843766
35843767|35843767
35843768|35843768
35843769|10005145
35843770|10010813
35843771|10019594
35843772|35843772
35843773|10047999
35843774|10055850
35843775|10020788
35843776|10038002
35843777|35843777
35843778|10042854
35843779|10048008
35843780|35843780
35843781|35843781
35843782|10016655
35843783|10065774
35843784|10065782
35843785|10016658
35843786|35843786
35843787|10018675
35843788|10031434
35843789|10063049
35843790|35843790
35843791|10012200
35843792|10018674
35843793|10019236
35843794|10019238
35843795|10019239
35843796|35843796
35843797|10048036
35843798|10048037
35843799|35843799
35843800|10011740
35843801|10060721
35843802|10066299
35843803|10051562
35843804|35843804
35843805|35843805
35843806|35843806
35843807|10059192
35843808|10008478
35843809|35843809
35843810|10042709
35843811|10049668
35843812|10049687
35843813|35843813
35843814|35843814
35843815|35843815
35843816|10063392
35843817|10063393
35843818|10066456
35843819|10049763
35843820|35843820
35843821|35843821
35843822|35843822
35843823|10051383
35843824|35843824
35843825|35843825
35843826|10003704
35843827|10006935
35843828|35843828
35843829|10006958
35843830|10012367
35843831|10051103
35843832|10059364
35843833|10059367
35843834|35843834
35843835|35843835
35843836|35843836
35843837|35843837
35843838|10020726
35843839|35843839
35843840|10020883
35843841|35843841
35843842|10067121
35843843|10068411
35843844|10059069
35843845|35843845
35843846|10051150
35843847|35843847
35843848|35843848
35843849|35843849
35843850|10067570
35843851|35843851
35843852|10045320
35843853|10019017
35843854|10045309
35843855|10055285
35843856|10055352
35843857|35843857
35900000|10019805
35902135|10004606
35902136|10017628
35902137|10019654
35902138|10019811
35902849|10004607
35902850|10029976
35902851|10042257
35902852|10008616
35902853|10017629
35902854|10008636
35902855|10027681
35902856|10019661
35902857|10019664
35902858|10019669
35902859|10019681
35902860|10019689
35902861|10019712
35902862|10019715
35902863|10019709
35902864|10019833
35902865|10019817
35902866|10019812
35902867|10025577
35909408|10062708
35909409|10004663
35909410|10057847
35909411|10061695
35909412|10065202
35909413|10067319
35909414|10065203
35909415|10065200
35909416|10065201
35909417|10008602
35909418|10008604
35909419|10008605
35909420|10061760
35909421|10008609
35909422|10008610
35909423|10049634
35909424|10067092
35909425|10056375
35909426|10051341
35909427|10051342
35909428|10004637
35909429|10058941
35909430|10062883
35909431|10052384
35909432|10057202
35909433|10004665
35909434|10058441
35909435|10061008
35909436|10053629
35909437|10052383
35909438|10034405
35909439|10057586
35909440|10054753
35909441|10008612
35909442|10008614
35909443|10008617
35909444|10062631
35909445|10008629
35909446|10068884
35909447|10008630
35909448|10056668
35909449|10056529
35909450|10052246
35909451|10017624
35909452|10017626
35909453|10051068
35909454|10062693
35909455|10017631
35909456|10017642
35909457|10057987
35909458|10059446
35909459|10017635
35909460|10017636
35909461|10017637
35909462|10017638
35909463|10017639
35909464|10049704
35909465|10056972
35909466|10020732
35909467|10050899
35909468|10051893
35909469|10008635
35909470|10049055
35909471|10019754
35909472|10020580
35909473|10023129
35909474|10023130
35909475|10023136
35909476|10023376
35909477|10056528
35909478|10069107
35909479|10068356
35909480|10059118
35909481|10048611
35909482|10010186
35909483|10058947
35909484|10067796
35909485|10019637
35909486|10065274
35909487|10019646
35909488|10053973
35909489|10051565
35909490|10056302
35909491|10056522
35909492|10061998
35909493|10057110
35909494|10019707
35909495|10066244
35909496|10062000
35909497|10056523
35909498|10052274
35909499|10051924
35909500|10060851
35909501|10024670
35909502|10049478
35909503|10067125
35909504|10068664
35909505|10024715
35909506|10067979
35909507|10061009
35909508|10019670
35909509|10020575
35909510|10068237
35909511|10020942
35909512|10021083
35909513|10000804
35909514|10003547
35909515|10057573
35909516|10010075
35909517|10019660
35909518|10019663
35909519|10019845
35909520|10019846
35909521|10056956
35909522|10004659
35909523|10004661
35909524|10004664
35909525|10009208
35909526|10063075
35909527|10019641
35909528|10019668
35909529|10025129
35909530|10051081
35909531|10003971
35909532|10016737
35909533|10063741
35909534|10049653
35909535|10051705
35909536|10019659
35909537|10065215
35909538|10065217
35909539|10065216
35909540|10019794
35909541|10019798
35909542|10024652
35909543|10034506
35909544|10036202
35909545|10039610
35909546|10058120
35909547|10018872
35909548|10051659
35909549|10006537
35909550|10019634
35909551|10019635
35909552|10051991
35909553|10051199
35909554|10019636
35909555|10019676
35909556|10019677
35909557|10019680
35909558|10056328
35909559|10069112
35909560|10058991
35909561|10051734
35909562|10019713
35909563|10034643
35909564|10036200
35909565|10058989
35909566|10036205
35909567|10051733
35909568|10036206
35909569|10067281
35909570|10067338
35909571|10047216
35909572|10056885
35909573|10063838
35909574|10011830
35909575|10053842
35909576|10019719
35909577|10019731
35909578|10019744
35909579|10019762
35909580|10019768
35909581|10019771
35909582|10019773
35909583|10019776
35909584|10019780
35909585|10019781
35909586|10019786
35909587|10019787
35909588|10019791
35909589|10019799
35909590|10067389
35909591|10007213
35909592|10064190
35909593|10019705
35909594|10019842
35909595|10052550
35909596|10058438
35909597|10024712
35909598|10049995
35909599|10054125
35909600|10068821
35909601|10066004
35909602|10000746
35909603|10066263
35909604|10001627
35909605|10003827
35909606|10067969
35909607|10008909
35909608|10050904
35909609|10016262
35909610|10018704
35909611|10019692
35909612|10019708
35909613|10019717
35909614|10019727
35909615|10019728
35909616|10019755
35909617|10019759
35909618|10019772
35909619|10019783
35909620|10019785
35909621|10019795
35909622|10019834
35909623|10053244
35909624|10019837
35909625|10019851
35909626|10023025
35909627|10067737
35909628|10066758
35909629|10034229
35909630|10053218
35909631|10051015
35909632|10039012
35909633|10048255
35909634|10004668
35909635|10019695
35909636|10061203
35909637|10056514
35909638|10004269
35909639|10048798
35909640|10008592
35909641|10052285
35909642|10018821
35909643|10019629
35909644|10054885
35909645|10004593
35909646|10004594
35909647|10004596
35909648|10004597
35909649|10059384
35909650|10059373
35909651|10059374
35909652|10059375
35909653|10059376
35909654|10055111
35909655|10017614
35909656|10066879
35909657|10017617
35909658|10017619
35909659|10059316
35909660|10059317
35909661|10058281
35909662|10058282
35909663|10058283
35909664|10067388
35909665|10055110
35909666|10059318
35909667|10059319
35909668|10059324
35909669|10059325
35909670|10019697
35909671|10019698
35909672|10019700
35909673|10019701
35909674|10061202
35909675|10062001
35909676|10019823
35909677|10050842
35909678|10061239
35909679|10025697
35909680|10062195
35909681|10051667
35909682|10027457
35909683|10027761
35943858|35943858
35943859|35943859
35943860|10004670
35943861|10004672
35943862|10009883
35943863|10033382
35943864|10041377
35943865|35943865
35943866|10051019
35943867|35943867
35943868|35943868
35943869|35943869
35943870|35943870
35943871|35943871
35943872|35943872
35943873|35943873
35943874|10008603
35943875|10003444
35943876|35943876
35943877|10008608
35943878|10021952
35943879|10034501
35943880|35943880
35943881|10008606
35943882|10008607
35943883|10008846
35943884|35943884
35943885|35943885
35943886|10036732
35943887|10039717
35943888|35943888
35943889|10056952
35943890|35943890
35943891|35943891
35943892|10004618
35943893|10004619
35943894|10004620
35943895|10007002
35943896|10015819
35943897|10022793
35943898|10029961
35943899|10029962
35943900|35943900
35943901|10064809
35943902|10004248
35943903|10004640
35943904|10013472
35943905|10028226
35943906|10049892
35943907|35943907
35943908|10054847
35943909|10004641
35943910|35943910
35943911|35943911
35943912|10004638
35943913|10004639
35943914|10006988
35943915|10006989
35943916|10006995
35943917|10006996
35943918|10006997
35943919|10006998
35943920|10006999
35943921|10007000
35943922|10007001
35943923|10007003
35943924|10010104
35943925|10010105
35943926|10011760
35943927|10042142
35943928|10049891
35943929|35943929
35943930|35943930
35943931|10062884
35943932|35943932
35943933|10067977
35943934|10053659
35943935|35943935
35943936|10062774
35943937|35943937
35943938|10016725
35943939|35943939
35943940|10058454
35943941|10068618
35943942|10068619
35943943|10004676
35943944|10004677
35943945|10031941
35943946|10031942
35943947|10032654
35943948|10045772
35943949|35943949
35943950|35943950
35943951|35943951
35943952|35943952
35943953|10034417
35943954|10050458
35943955|35943955
35943956|35943956
35943957|10000347
35943958|35943958
35943959|10008613
35943960|10008619
35943961|10008620
35943962|10017633
35943963|10021955
35943964|10031730
35943965|10062750
35943966|10000648
35943967|10000691
35943968|35943968
35943969|10008615
35943970|35943970
35943971|10008618
35943972|10008847
35943973|10064151
35943974|10049554
35943975|35943975
35943976|10062632
35943977|10063158
35943978|10004671
35943979|10004674
35943980|10006986
35943981|10006990
35943982|10006992
35943983|10007004
35943984|10007006
35943985|10007007
35943986|10007009
35943987|10007010
35943988|10007012
35943989|35943989
35943990|10008659
35943991|10017640
35943992|10017643
35943993|10017644
35943994|10017650
35943995|10027782
35943996|10035014
35943997|10042140
35943998|10049890
35943999|10062271
35944000|10066884
35944001|10067157
35944002|10068936
35944003|35944003
35944004|10007005
35944005|10007008
35944006|10007011
35944007|35944007
35944008|35944008
35944009|35944009
35944010|35944010
35944011|10008673
35944012|35944012
35944013|10067904
35944014|10002629
35944015|10013103
35944016|10017625
35944017|35944017
35944018|10017627
35944019|10017641
35944020|10031965
35944021|10032666
35944022|10045789
35944023|10064076
35944024|35944024
35944025|35944025
35944026|10016726
35944027|35944027
35944028|35944028
35944029|10022145
35944030|35944030
35944031|10057997
35944032|35944032
35944033|10003643
35944034|10017613
35944035|35944035
35944036|10029543
35944037|35944037
35944038|10029965
35944039|10059153
35944040|35944040
35944041|10054390
35944042|35944042
35944043|35944043
35944044|10034420
35944045|35944045
35944046|10067905
35944047|10020530
35944048|35944048
35944049|35944049
35944050|10064495
35944051|35944051
35944052|35944052
35944053|10004673
35944054|35944054
35944055|10008637
35944056|10008638
35944057|10008641
35944058|10024666
35944059|10037543
35944060|10050279
35944061|10059121
35944062|35944062
35944063|10008639
35944064|35944064
35944065|10019797
35944066|10066503
35944067|10004704
35944068|10004707
35944069|35944069
35944070|10020581
35944071|10060483
35944072|10060484
35944073|10008640
35944074|35944074
35944075|10029982
35944076|10049893
35944077|35944077
35944078|10023131
35944079|10048889
35944080|35944080
35944081|10034513
35944082|10023140
35944083|35944083
35944084|10023377
35944085|10023378
35944086|10029814
35944087|10056206
35944088|10056207
35944089|10058102
35944090|35944090
35944091|35944091
35944092|35944092
35944093|10058935
35944094|35944094
35944095|35944095
35944096|10048752
35944097|35944097
35944098|10051367
35944099|10051368
35944100|10064681
35944101|35944101
35944102|10058950
35944103|10058961
35944104|10058962
35944105|10062775
35944106|10062778
35944107|35944107
35944108|10067797
35944109|10003702
35944110|10003707
35944111|35944111
35944112|10056547
35944113|35944113
35944114|35944114
35944115|10019647
35944116|35944116
35944117|35944117
35944118|35944118
35944119|35944119
35944120|10051744
35944121|35944121
35944122|35944122
35944123|35944123
35944124|10024706
35944125|35944125
35944126|10051306
35944127|35944127
35944128|35944128
35944129|35944129
35944130|35944130
35944131|35944131
35944132|10060852
35944133|10001422
35944134|10008916
35944135|10008953
35944136|10013228
35944137|10013234
35944138|10013705
35944139|10018744
35944140|10019650
35944141|10019651
35944142|10019652
35944143|10019653
35944144|10019706
35944145|35944145
35944146|10024671
35944147|10024672
35944148|10024673
35944149|10024674
35944150|10031743
35944151|10031983
35944152|10032466
35944153|10032677
35944154|10042283
35944155|10045661
35944156|10045808
35944157|10048369
35944158|10048518
35944159|10048682
35944160|10048684
35944161|10052254
35944162|10059616
35944163|35944163
35944164|10000840
35944165|10011853
35944166|10019648
35944167|10019649
35944168|10022224
35944169|10024668
35944170|10024669
35944171|35944171
35944172|10067970
35944173|10067971
35944174|35944174
35944175|35944175
35944176|10038296
35944177|10038298
35944178|10019710
35944179|10022225
35944180|10022226
35944181|10022227
35944182|10022228
35944183|10023595
35944184|10023596
35944185|10023597
35944186|10023598
35944187|10023599
35944188|10023600
35944189|10032160
35944190|10032161
35944191|10045973
35944192|10045974
35944193|35944193
35944194|35944194
35944195|10068143
35944196|10004689
35944197|10013295
35944198|35944198
35944199|10000704
35944200|10013901
35944201|10017475
35944202|10017476
35944203|10019655
35944204|10019656
35944205|10019657
35944206|10019658
35944207|35944207
35944208|10019671
35944209|10019672
35944210|10019673
35944211|10019674
35944212|10021520
35944213|10048368
35944214|10057707
35944215|10057748
35944216|35944216
35944217|10020576
35944218|35944218
35944219|10068238
35944220|35944220
35944221|10020943
35944222|35944222
35944223|10021084
35944224|35944224
35944225|10017469
35944226|10049844
35944227|10068752
35944228|35944228
35944229|10057580
35944230|10050060
35944231|35944231
35944232|35944232
35944233|10019644
35944234|10014630
35944235|35944235
35944236|10016152
35944237|35944237
35944238|10024678
35944239|10056542
35944240|10057959
35944241|10016148
35944242|35944242
35944243|35944243
35944244|10042815
35944245|35944245
35944246|35944246
35944247|10004660
35944248|10004662
35944249|10009209
35944250|10009210
35944251|35944251
35944252|10008409
35944253|10009024
35944254|10019137
35944255|10020872
35944256|10034176
35944257|10036680
35944258|10043912
35944259|35944259
35944260|10016643
35944261|10001617
35944262|10001618
35944263|35944263
35944264|10056693
35944265|35944265
35944266|10008954
35944267|10009211
35944268|10009212
35944269|10009213
35944270|10009214
35944271|35944271
35944272|10019642
35944273|10019643
35944274|10024667
35944275|10057223
35944276|10064704
35944277|10064844
35944278|10016648
35944279|35944279
35944280|35944280
35944281|35944281
35944282|10002463
35944283|35944283
35944284|10063394
35944285|35944285
35944286|10001922
35944287|10001989
35944288|10014920
35944289|35944289
35944290|10063745
35944291|35944291
35944292|35944292
35944293|10014099
35944294|10014101
35944295|10014107
35944296|35944296
35944297|10053042
35944298|35944298
35944299|35944299
35944300|35944300
35944301|35944301
35944302|10039882
35944303|10042885
35944304|10019767
35944305|35944305
35944306|10000300
35944307|35944307
35944308|10024653
35944309|10037673
35944310|10068844
35944311|35944311
35944312|35944312
35944313|10036203
35944314|35944314
35944315|35944315
35944316|10006489
35944317|35944317
35944318|10019478
35944319|10057875
35944320|10057876
35944321|35944321
35944322|10006536
35944323|35944323
35944324|10042793
35944325|35944325
35944326|35944326
35944327|35944327
35944328|35944328
35944329|35944329
35944330|10019429
35944331|10019430
35944332|35944332
35944333|10053248
35944334|10019569
35944335|35944335
35944336|10019678
35944337|10055830
35944338|10019679
35944339|35944339
35944340|10021757
35944341|10021759
35944342|10056315
35944343|35944343
35944344|35944344
35944345|10051567
35944346|35944346
35944347|35944347
35944348|35944348
35944349|10013006
35944350|35944350
35944351|10020786
35944352|35944352
35944353|10057058
35944354|10056513
35944355|35944355
35944356|35944356
35944357|10037610
35944358|35944358
35944359|35944359
35944360|10037611
35944361|10043633
35944362|35944362
35944363|35944363
35944364|10019714
35944365|10047207
35944366|35944366
35944367|10047217
35944368|10063675
35944369|35944369
35944370|35944370
35944371|35944371
35944372|10019760
35944373|10019761
35944374|35944374
35944375|10053917
35944376|10000805
35944377|10019618
35944378|35944378
35944379|10047447
35944380|10047448
35944381|10047449
35944382|10066626
35944383|35944383
35944384|10008911
35944385|10017470
35944386|10019619
35944387|35944387
35944388|10019777
35944389|10023134
35944390|10040284
35944391|10047450
35944392|10047451
35944393|10047452
35944394|10047453
35944395|10047454
35944396|10047455
35944397|10047456
35944398|10058827
35944399|35944399
35944400|10066627
35944401|10068113
35944402|10000955
35944403|10000956
35944404|10004907
35944405|35944405
35944406|10008913
35944407|10008914
35944408|35944408
35944409|10047457
35944410|35944410
35944411|10065949
35944412|10066628
35944413|35944413
35944414|10019763
35944415|10019764
35944416|10019765
35944417|10014865
35944418|10014977
35944419|10016300
35944420|35944420
35944421|10019769
35944422|10019770
35944423|10056116
35944424|35944424
35944425|35944425
35944426|35944426
35944427|35944427
35944428|10019782
35944429|10021913
35944430|10014076
35944431|10018301
35944432|35944432
35944433|10019620
35944434|10019718
35944435|35944435
35944436|10029526
35944437|35944437
35944438|35944438
35944439|10036241
35944440|10019779
35944441|35944441
35944442|10019800
35944443|10019801
35944444|10032940
35944445|10032941
35944446|10032942
35944447|10032943
35944448|10046233
35944449|10046234
35944450|10047446
35944451|10047459
35944452|10047460
35944453|10047489
35944454|35944454
35944455|35944455
35944456|35944456
35944457|35944457
35944458|10024703
35944459|10057960
35944460|35944460
35944461|10024676
35944462|10024675
35944463|35944463
35944464|35944464
35944465|10019843
35944466|10024711
35944467|35944467
35944468|10024713
35944469|10043229
35944470|35944470
35944471|35944471
35944472|35944472
35944473|10068827
35944474|35944474
35944475|35944475
35944476|35944476
35944477|35944477
35944478|10001626
35944479|35944479
35944480|10001628
35944481|10019844
35944482|35944482
35944483|10019730
35944484|35944484
35944485|35944485
35944486|10008915
35944487|10019758
35944488|10031738
35944489|10049199
35944490|35944490
35944491|10066528
35944492|10001619
35944493|10001638
35944494|35944494
35944495|10016265
35944496|35944496
35944497|10019675
35944498|10019774
35944499|10019775
35944500|10064053
35944501|10000670
35944502|10003695
35944503|10019684
35944504|35944504
35944505|10019693
35944506|10019784
35944507|10024701
35944508|10028859
35944509|10028867
35944510|10028868
35944511|10042277
35944512|10056217
35944513|10000745
35944514|10012147
35944515|10016261
35944516|10016263
35944517|10016264
35944518|10019685
35944519|10019691
35944520|35944520
35944521|10021947
35944522|10024680
35944523|10024681
35944524|10024682
35944525|10024683
35944526|10024684
35944527|10024685
35944528|10024686
35944529|10024687
35944530|10027442
35944531|10027556
35944532|10029530
35944533|10034802
35944534|10041970
35944535|35944535
35944536|10013762
35944537|35944537
35944538|10019729
35944539|10019766
35944540|10019778
35944541|10019788
35944542|10019789
35944543|10019790
35944544|10019792
35944545|10019793
35944546|10019802
35944547|10029715
35944548|10048370
35944549|10057749
35944550|10064286
35944551|35944551
35944552|10000649
35944553|10001624
35944554|35944554
35944555|10008827
35944556|35944556
35944557|10019756
35944558|10048573
35944559|10048585
35944560|10009103
35944561|10019757
35944562|35944562
35944563|10000751
35944564|35944564
35944565|10051580
35944566|35944566
35944567|10028261
35944568|35944568
35944569|35944569
35944570|10019796
35944571|10052553
35944572|35944572
35944573|10016829
35944574|35944574
35944575|10013107
35944576|10019682
35944577|10019683
35944578|10019826
35944579|10019831
35944580|10019832
35944581|10019835
35944582|10019836
35944583|35944583
35944584|10024665
35944585|10019850
35944586|35944586
35944587|10019852
35944588|10019853
35944589|10044129
35944590|10044132
35944591|10044134
35944592|35944592
35944593|10023040
35944594|10058137
35944595|35944595
35944596|10066756
35944597|35944597
35944598|10019716
35944599|35944599
35944600|10034230
35944601|35944601
35944602|35944602
35944603|10051032
35944604|10051033
35944605|35944605
35944606|10039013
35944607|10042842
35944608|35944608
35944609|10004667
35944610|35944610
35944611|10004669
35944612|10028982
35944613|10050033
35944614|10050034
35944615|10019694
35944616|35944616
35944617|10019702
35944618|10024702
35944619|10024717
35944620|10024718
35944621|10024719
35944622|10028996
35944623|10045151
35944624|10049578
35944625|10019810
35944626|10029016
35944627|10029057
35944628|35944628
35944629|35944629
35944630|10056546
35944631|35944631
35944632|10004270
35944633|10004342
35944634|10004426
35944635|10004467
35944636|10019696
35944637|35944637
35944638|10049699
35944639|35944639
35944640|35944640
35944641|10058959
35944642|35944642
35944643|10019396
35944644|10001235
35944645|35944645
35944646|10019827
35944647|10041311
35944648|35944648
35944649|10054907
35944650|35944650
35944651|35944651
35944652|35944652
35944653|10004595
35944654|10004598
35944655|10004602
35944656|10004609
35944657|10004614
35944658|10004621
35944659|10004625
35944660|10004629
35944661|35944661
35944662|10004642
35944663|10004647
35944664|10004655
35944665|10007289
35944666|35944666
35944667|10008595
35944668|10015817
35944669|10022784
35944670|10022786
35944671|10022789
35944672|10025909
35944673|10025993
35944674|10004586
35944675|10004590
35944676|35944676
35944677|10004599
35944678|10004603
35944679|10004610
35944680|10004615
35944681|10004622
35944682|10004626
35944683|10004630
35944684|10004634
35944685|10004643
35944686|10004648
35944687|10004656
35944688|10007290
35944689|10008594
35944690|10022785
35944691|10022790
35944692|10025994
35944693|10004587
35944694|10004591
35944695|35944695
35944696|10004600
35944697|10004604
35944698|10004611
35944699|10004616
35944700|10004623
35944701|10004627
35944702|10004631
35944703|10004635
35944704|10004644
35944705|10004649
35944706|10004657
35944707|10007291
35944708|10008596
35944709|10022787
35944710|10022791
35944711|10025995
35944712|10004588
35944713|10004592
35944714|35944714
35944715|10004601
35944716|10004605
35944717|10004612
35944718|10004617
35944719|10004624
35944720|10004628
35944721|10004632
35944722|10004636
35944723|10004645
35944724|10004650
35944725|10004658
35944726|10007292
35944727|10008597
35944728|10022788
35944729|10022792
35944730|10025996
35944731|10015818
35944732|10059377
35944733|35944733
35944734|35944734
35944735|10059378
35944736|35944736
35944737|10059379
35944738|35944738
35944739|10059380
35944740|35944740
35944741|10059381
35944742|10059382
35944743|35944743
35944744|10007426
35944745|35944745
35944746|10017615
35944747|10017616
35944748|10017618
35944749|10017620
35944750|10017621
35944751|10025940
35944752|10025941
35944753|10025942
35944754|10025945
35944755|10026276
35944756|10026277
35944757|35944757
35944758|35944758
35944759|35944759
35944760|10017622
35944761|10025943
35944762|10025946
35944763|10026278
35944764|35944764
35944765|10017623
35944766|10025944
35944767|10025947
35944768|10026279
35944769|35944769
35944770|35944770
35944771|35944771
35944772|10058287
35944773|35944773
35944774|10058289
35944775|35944775
35944776|10058290
35944777|10059328
35944778|10059329
35944779|35944779
35944780|10027479
35944781|10027483
35944782|35944782
35944783|35944783
35944784|35944784
35944785|35944785
35944786|10059330
35944787|10059331
35944788|35944788
35944789|10059332
35944790|10059334
35944791|10007091
35944792|10007416
35944793|35944793
35944794|10019699
35944795|10019711
35944796|10019838
35944797|10024658
35944798|10024720
35944799|10024722
35944800|10025572
35944801|10025623
35944802|10025627
35944803|10026080
35944804|10026081
35944805|10036681
35944806|10036709
35944807|10048491
35944808|10049010
35944809|10051571
35944810|10051969
35944811|10065034
35944812|10007092
35944813|10007417
35944814|10019638
35944815|10019665
35944816|10019686
35944817|35944817
35944818|10019828
35944819|10019839
35944820|10024659
35944821|10024662
35944822|10024721
35944823|10024723
35944824|10025573
35944825|10025578
35944826|10025624
35944827|10025628
35944828|10026082
35944829|10036682
35944830|10036706
35944831|10007093
35944832|10007418
35944833|10019639
35944834|10019666
35944835|10019687
35944836|35944836
35944837|10019829
35944838|10019840
35944839|10024660
35944840|10024663
35944841|10024724
35944842|10024726
35944843|10025574
35944844|10025579
35944845|10025625
35944846|10025629
35944847|10026083
35944848|10036683
35944849|10036707
35944850|10007090
35944851|10007094
35944852|10007419
35944853|10019640
35944854|10019667
35944855|10019688
35944856|35944856
35944857|10019830
35944858|10019841
35944859|10024661
35944860|10024664
35944861|10024725
35944862|10024727
35944863|10025575
35944864|10025580
35944865|10025626
35944866|10025630
35944867|10026084
35944868|10036684
35944869|10036708
35944870|10007372
35944871|10019804
35944872|10019820
35944873|35944873
35944874|10019821
35944875|10019822
35944876|10019824
35944877|35944877
35944878|35944878
35944879|35944879
35944880|10025576
35944881|10025734
35944882|10026079
35944883|35944883
35944884|35944884
35944885|10048853
35944886|10049720
35944887|35944887
35944888|35944888
35944889|10007095
35944890|10019690
35944891|10024700
35944892|10026085
35944893|35944893
35944894|35944894
36000000|10021428
36002139|10001708
36002140|10003816
36002141|10027665
36002142|10021460
36002868|10027654
36002869|10001737
36002870|10002220
36002871|10002425
36002872|10052737
36002873|10046736
36002874|10027657
36002875|10003817
36002876|10003818
36002877|10003820
36002878|10025136
36002879|10003821
36002880|10039075
36002881|10039711
36002882|10052738
36002883|10039487
36002884|10002023
36002885|10023053
36002886|10027682
36002887|10052779
36002888|10047112
36002889|10052740
36002890|10052739
36002891|10036700
36009684|10052613
36009685|10053779
36009686|10051394
36009687|10050639
36009688|10063527
36009689|10049153
36009690|10066173
36009691|10001742
36009692|10058285
36009693|10058284
36009694|10066414
36009695|10054928
36009696|10001749
36009697|10001751
36009698|10001890
36009699|10061430
36009700|10003553
36009701|10003559
36009702|10052748
36009703|10006482
36009704|10012434
36009705|10014627
36009706|10015213
36009707|10015218
36009708|10015226
36009709|10067479
36009710|10067432
36009711|10020751
36009712|10064866
36009713|10028164
36009714|10052758
36009715|10062579
36009716|10029120
36009717|10033675
36009718|10062625
36009719|10034970
36009720|10063438
36009721|10056876
36009722|10040400
36009723|10040914
36009724|10042033
36009725|10045240
36009726|10054000
36009727|10053614
36009728|10053613
36009729|10061626
36009730|10054929
36009731|10055048
36009732|10063023
36009733|10066973
36009734|10010836
36009735|10012442
36009736|10012455
36009737|10013687
36009738|10013700
36009739|10016788
36009740|10016946
36009741|10052098
36009742|10056435
36009743|10027633
36009744|10068355
36009745|10034434
36009746|10037973
36009747|10037974
36009748|10064787
36009749|10037977
36009750|10064788
36009751|10038192
36009752|10069201
36009753|10041316
36009754|10044223
36009755|10057970
36009756|10002198
36009757|10002199
36009758|10067113
36009759|10002216
36009760|10063119
36009761|10068158
36009762|10002424
36009763|10052250
36009764|10023845
36009765|10023893
36009766|10003645
36009767|10062918
36009768|10012438
36009769|10014197
36009770|10066042
36009771|10057631
36009772|10051891
36009773|10039085
36009774|10039094
36009775|10039095
36009776|10048908
36009777|10012812
36009778|10059499
36009779|10021247
36009780|10068773
36009781|10062908
36009782|10041307
36009783|10046735
36009784|10046739
36009785|10046740
36009786|10052568
36009787|10046742
36009788|10046750
36009789|10046751
36009790|10046752
36009791|10052572
36009792|10061399
36009793|10046755
36009794|10052571
36009795|10000709
36009796|10058994
36009797|10002556
36009798|10068801
36009799|10061664
36009800|10051229
36009801|10011474
36009802|10056387
36009803|10018620
36009804|10018767
36009805|10023358
36009806|10048999
36009807|10027754
36009808|10058948
36009809|10068786
36009810|10065159
36009811|10068513
36009812|10051222
36009813|10067982
36009814|10056509
36009815|10025130
36009816|10025140
36009817|10057481
36009818|10058143
36009819|10050551
36009820|10063663
36009821|10040968
36009822|10067739
36009823|10042945
36009824|10042946
36009825|10028417
36009826|10062758
36009827|10028419
36009828|10036099
36009829|10036102
36009830|10065917
36009831|10059177
36009832|10059669
36009833|10039073
36009834|10039081
36009835|10048694
36009836|10048628
36009837|10064056
36009838|10027982
36009839|10039710
36009840|10062553
36009841|10042954
36009842|10012468
36009843|10012503
36009844|10019939
36009845|10067972
36009846|10024515
36009847|10067467
36009848|10066267
36009849|10057056
36009850|10034277
36009851|10034280
36009852|10047642
36009853|10008131
36009854|10011674
36009855|10028365
36009856|10037430
36009857|10039486
36009858|10064554
36009859|10002022
36009860|10002025
36009861|10068044
36009862|10011659
36009863|10064553
36009864|10036673
36009865|10063945
36009866|10038357
36009867|10039811
36009868|10050455
36009869|10063532
36009870|10057645
36009871|10052015
36009872|10050685
36009873|10011968
36009874|10014604
36009875|10014603
36009876|10050684
36009877|10068279
36009878|10018364
36009879|10021263
36009880|10021425
36009881|10021836
36009882|10023125
36009883|10065580
36009884|10053641
36009885|10065579
36009886|10057865
36009887|10036115
36009888|10053879
36009889|10066176
36009890|10058336
36009891|10066260
36009892|10066262
36009893|10063209
36009894|10066261
36009895|10018651
36009896|10067742
36009897|10023439
36009898|10051604
36009899|10051787
36009900|10058141
36009901|10044439
36009902|10050894
36009903|10011686
36009904|10012978
36009905|10023320
36009906|10063344
36009907|10029491
36009908|10056872
36009909|10036024
36009910|10065255
36009911|10037457
36009912|10038546
36009913|10067527
36009914|10043097
36009915|10043207
36009916|10043540
36009917|10047111
36009918|10047115
36009919|10047119
36009920|10047124
36009921|10047888
36009922|10049072
36009923|10001513
36009924|10061624
36009925|10000565
36009926|10000807
36009927|10049076
36009928|10020161
36009929|10020166
36009930|10020167
36009931|10020168
36009932|10020169
36009933|10020170
36009934|10020171
36009935|10048441
36009936|10048444
36009937|10048447
36009938|10048442
36009939|10048445
36009940|10048448
36009941|10061519
36009942|10064448
36009943|10064456
36009944|10065681
36009945|10050309
36009946|10066435
36009947|10023286
36009948|10007877
36009949|10020464
36009950|10054014
36009951|10061598
36009952|10062016
36009953|10021818
36009954|10058449
36009955|10054979
36009956|10066175
36009957|10020983
36009958|10021449
36009959|10039915
36009960|10057863
36009961|10039916
36009962|10066906
36009963|10044388
36044895|36044895
36044896|36044896
36044897|36044897
36044898|36044898
36044899|36044899
36044900|36044900
36044901|36044901
36044902|10001730
36044903|10001731
36044904|10001732
36044905|10001733
36044906|36044906
36044907|10001743
36044908|10001744
36044909|10001746
36044910|10062520
36044911|10053189
36044912|36044912
36044913|10058288
36044914|10001721
36044915|10001722
36044916|10001747
36044917|10004200
36044918|10022426
36044919|36044919
36044920|10029399
36044921|36044921
36044922|10067754
36044923|36044923
36044924|36044924
36044925|10001750
36044926|36044926
36044927|10000001
36044928|36044928
36044929|10001891
36044930|10004067
36044931|10004068
36044932|10004941
36044933|10004942
36044934|10015887
36044935|10016221
36044936|10016222
36044937|10020463
36044938|10026724
36044939|10026725
36044940|10026816
36044941|10026819
36044942|10028397
36044943|10028398
36044944|10031486
36044945|10032500
36044946|10033523
36044947|10035743
36044948|10035754
36044949|10042390
36044950|10045622
36044951|10045623
36044952|10047263
36044953|10048016
36044954|10068186
36044955|10001694
36044956|10001695
36044957|10001696
36044958|10001697
36044959|10001698
36044960|10001699
36044961|10001700
36044962|10001701
36044963|10001702
36044964|10001703
36044965|10001704
36044966|10003248
36044967|36044967
36044968|10001705
36044969|36044969
36044970|10003554
36044971|10003555
36044972|10003558
36044973|10003560
36044974|10003561
36044975|10003563
36044976|10003564
36044977|10003565
36044978|10003566
36044979|10003567
36044980|10003638
36044981|10006070
36044982|10006450
36044983|10006457
36044984|10009028
36044985|10009029
36044986|10009030
36044987|10015575
36044988|10015888
36044989|10015890
36044990|10022847
36044991|10022849
36044992|10049106
36044993|10049176
36044994|10051579
36044995|10058756
36044996|10063076
36044997|10066345
36044998|10068393
36044999|10068462
36045000|10068463
36045001|36045001
36045002|10024005
36045003|36045003
36045004|10006443
36045005|10006464
36045006|36045006
36045007|10006483
36045008|10006485
36045009|10015655
36045010|10041378
36045011|10064973
36045012|10001711
36045013|10001712
36045014|10001717
36045015|10001729
36045016|10011667
36045017|36045017
36045018|10012448
36045019|10012459
36045020|10014188
36045021|10040009
36045022|10055641
36045023|10057363
36045024|36045024
36045025|10004185
36045026|10004186
36045027|36045027
36045028|10015227
36045029|10015228
36045030|10015229
36045031|10015230
36045032|10015231
36045033|10015232
36045034|10015233
36045035|10015234
36045036|10015235
36045037|10021725
36045038|10044763
36045039|10054203
36045040|10014493
36045041|10015209
36045042|10015210
36045043|10015211
36045044|10015217
36045045|36045045
36045046|10015219
36045047|10015221
36045048|10015223
36045049|10015224
36045050|10057783
36045051|10057866
36045052|36045052
36045053|36045053
36045054|36045054
36045055|10067437
36045056|10000656
36045057|10001718
36045058|10001719
36045059|10001738
36045060|10001739
36045061|10001741
36045062|10001752
36045063|36045063
36045064|10020755
36045065|10020756
36045066|10020757
36045067|10020759
36045068|10021150
36045069|10037932
36045070|10037948
36045071|10038195
36045072|10046305
36045073|10048495
36045074|10048696
36045075|36045075
36045076|10001740
36045077|10020091
36045078|36045078
36045079|36045079
36045080|10054958
36045081|36045081
36045082|10062598
36045083|36045083
36045084|10052786
36045085|10020887
36045086|36045086
36045087|10033676
36045088|10033679
36045089|10033680
36045090|10033681
36045091|36045091
36045092|10034968
36045093|10034969
36045094|36045094
36045095|10049981
36045096|36045096
36045097|36045097
36045098|10002209
36045099|10032468
36045100|10037970
36045101|10040394
36045102|36045102
36045103|10040401
36045104|10040439
36045105|10018098
36045106|10024777
36045107|10037971
36045108|36045108
36045109|10040915
36045110|10057790
36045111|10062446
36045112|10062471
36045113|10006561
36045114|10015220
36045115|10015222
36045116|10042029
36045117|10042030
36045118|10042031
36045119|10042032
36045120|36045120
36045121|10042849
36045122|10058445
36045123|10058452
36045124|10020762
36045125|10020763
36045126|10021413
36045127|10021414
36045128|36045128
36045129|10053612
36045130|36045130
36045131|10003419
36045132|10003420
36045133|10003421
36045134|10045265
36045135|10052800
36045136|36045136
36045137|10058034
36045138|10067245
36045139|10007874
36045140|10007875
36045141|10007876
36045142|10007878
36045143|10007879
36045144|10012210
36045145|10045268
36045146|36045146
36045147|10051406
36045148|36045148
36045149|36045149
36045150|36045150
36045151|10003533
36045152|10003534
36045153|10054921
36045154|10056818
36045155|36045155
36045156|10063027
36045157|36045157
36045158|10067861
36045159|36045159
36045160|10000504
36045161|10001290
36045162|10001748
36045163|10001948
36045164|10005100
36045165|10010789
36045166|10010790
36045167|10010791
36045168|10010792
36045169|10010793
36045170|10010794
36045171|10010795
36045172|10010796
36045173|10010797
36045174|10010798
36045175|10010799
36045176|10010801
36045177|10010802
36045178|10010803
36045179|10011217
36045180|36045180
36045181|10012443
36045182|10012445
36045183|10012449
36045184|10012458
36045185|10012481
36045186|10012492
36045187|10012543
36045188|10014337
36045189|10029863
36045190|36045190
36045191|10030262
36045192|10035153
36045193|10035508
36045194|10035775
36045195|10035776
36045196|10042492
36045197|10051838
36045198|10056265
36045199|10056540
36045200|10058308
36045201|36045201
36045202|10012457
36045203|10015277
36045204|10015665
36045205|10015666
36045206|10048306
36045207|10012446
36045208|10012447
36045209|10012474
36045210|36045210
36045211|10013688
36045212|10013689
36045213|10013690
36045214|10013692
36045215|10013693
36045216|10013694
36045217|10016740
36045218|10024073
36045219|10051993
36045220|10056963
36045221|10058163
36045222|10062948
36045223|10001720
36045224|10013661
36045225|36045225
36045226|10022471
36045227|10034292
36045228|10041423
36045229|10057384
36045230|10060787
36045231|36045231
36045232|10014315
36045233|10016709
36045234|36045234
36045235|10017398
36045236|10027024
36045237|10033116
36045238|10034202
36045239|10036457
36045240|10040539
36045241|10054957
36045242|10054959
36045243|10054966
36045244|10057630
36045245|10064075
36045246|10068316
36045247|36045247
36045248|36045248
36045249|36045249
36045250|10001745
36045251|10011240
36045252|36045252
36045253|36045253
36045254|36045254
36045255|36045255
36045256|10037984
36045257|36045257
36045258|10037978
36045259|10055533
36045260|36045260
36045261|10037975
36045262|36045262
36045263|10068110
36045264|36045264
36045265|10037980
36045266|10064956
36045267|10037976
36045268|10037979
36045269|10037981
36045270|10037983
36045271|10063988
36045272|10063995
36045273|36045273
36045274|10064955
36045275|10038191
36045276|36045276
36045277|10038193
36045278|36045278
36045279|36045279
36045280|10013691
36045281|10014986
36045282|10025165
36045283|10025166
36045284|10025167
36045285|10025168
36045286|10028848
36045287|10028849
36045288|10042821
36045289|10043221
36045290|10044222
36045291|36045291
36045292|10044224
36045293|10044259
36045294|36045294
36045295|10057971
36045296|10068560
36045297|10000662
36045298|10000663
36045299|10000664
36045300|36045300
36045301|10002218
36045302|10037933
36045303|10042930
36045304|10042931
36045305|10054843
36045306|10054844
36045307|10054845
36045308|10060689
36045309|10063979
36045310|10066472
36045311|36045311
36045312|10002200
36045313|10002201
36045314|10002202
36045315|10002203
36045316|10002204
36045317|10002205
36045318|10002206
36045319|10002207
36045320|10002208
36045321|10002210
36045322|10002211
36045323|10002212
36045324|10013743
36045325|10034293
36045326|10040562
36045327|36045327
36045328|10002213
36045329|36045329
36045330|10057789
36045331|36045331
36045332|36045332
36045333|10000672
36045334|10002394
36045335|10002395
36045336|36045336
36045337|10002471
36045338|10002472
36045339|10002473
36045340|10002474
36045341|10014212
36045342|10014254
36045343|10014260
36045344|10018257
36045345|10018259
36045346|10020198
36045347|10037734
36045348|10037735
36045349|10046744
36045350|10048331
36045351|10051142
36045352|10054326
36045353|10055396
36045354|10055912
36045355|10055936
36045356|10055940
36045357|10065689
36045358|36045358
36045359|10054359
36045360|10057782
36045361|10057806
36045362|10002427
36045363|10014225
36045364|10014229
36045365|10014238
36045366|10014261
36045367|10018392
36045368|10018393
36045369|10023838
36045370|36045370
36045371|10023912
36045372|10023921
36045373|10030116
36045374|10042393
36045375|10042394
36045376|10047672
36045377|10047673
36045378|10055921
36045379|10055927
36045380|10055941
36045381|10057853
36045382|10057859
36045383|10066705
36045384|10066706
36045385|10014228
36045386|10023892
36045387|36045387
36045388|10055926
36045389|10003637
36045390|36045390
36045391|10019857
36045392|10041727
36045393|10063612
36045394|36045394
36045395|10003639
36045396|10003640
36045397|10003641
36045398|10003642
36045399|36045399
36045400|10012439
36045401|10014189
36045402|10014191
36045403|10016775
36045404|10031673
36045405|36045405
36045406|36045406
36045407|10020419
36045408|36045408
36045409|10057643
36045410|10066092
36045411|36045411
36045412|10001723
36045413|10001724
36045414|10001725
36045415|10001727
36045416|10003644
36045417|36045417
36045418|10039086
36045419|10039087
36045420|10034382
36045421|10034383
36045422|36045422
36045423|10001726
36045424|36045424
36045425|10039776
36045426|10039777
36045427|10019170
36045428|10036019
36045429|10036020
36045430|36045430
36045431|10066093
36045432|36045432
36045433|10052577
36045434|10048702
36045435|10055359
36045436|36045436
36045437|10059500
36045438|36045438
36045439|10021248
36045440|10046746
36045441|10004971
36045442|10012498
36045443|10012499
36045444|10012520
36045445|10012521
36045446|10047969
36045447|36045447
36045448|36045448
36045449|10021232
36045450|10024467
36045451|10034943
36045452|36045452
36045453|10046748
36045454|10000659
36045455|10001106
36045456|10001734
36045457|10015238
36045458|10018102
36045459|10018103
36045460|10020114
36045461|10020197
36045462|10029220
36045463|10032936
36045464|10034806
36045465|10037895
36045466|10037896
36045467|10042357
36045468|10046219
36045469|36045469
36045470|10046737
36045471|10046738
36045472|10046749
36045473|10046753
36045474|10046756
36045475|10046757
36045476|10046758
36045477|10046759
36045478|10046760
36045479|10046761
36045480|10047906
36045481|10047918
36045482|10049198
36045483|10052569
36045484|10052570
36045485|10060771
36045486|10060773
36045487|10062449
36045488|10066680
36045489|36045489
36045490|10008675
36045491|36045491
36045492|10009159
36045493|36045493
36045494|10010805
36045495|36045495
36045496|10033731
36045497|10033732
36045498|36045498
36045499|10034990
36045500|36045500
36045501|10043192
36045502|36045502
36045503|10052578
36045504|36045504
36045505|36045505
36045506|10009870
36045507|10046741
36045508|10046743
36045509|10046745
36045510|10046754
36045511|36045511
36045512|36045512
36045513|10047396
36045514|36045514
36045515|36045515
36045516|10058905
36045517|10058906
36045518|10058993
36045519|36045519
36045520|10002539
36045521|36045521
36045522|10002557
36045523|10039082
36045524|10041671
36045525|10041672
36045526|10048398
36045527|10048811
36045528|10054041
36045529|10058814
36045530|36045530
36045531|10003813
36045532|10003814
36045533|10003815
36045534|36045534
36045535|36045535
36045536|10054367
36045537|36045537
36045538|10011475
36045539|10027756
36045540|10060399
36045541|10014582
36045542|36045542
36045543|36045543
36045544|10042809
36045545|10042810
36045546|10042811
36045547|10000813
36045548|10018766
36045549|36045549
36045550|10033803
36045551|10042812
36045552|10067604
36045553|10067898
36045554|36045554
36045555|10023359
36045556|36045556
36045557|10026975
36045558|36045558
36045559|10049231
36045560|36045560
36045561|36045561
36045562|10008835
36045563|10038304
36045564|36045564
36045565|36045565
36045566|36045566
36045567|10052795
36045568|10024071
36045569|36045569
36045570|10067983
36045571|10013071
36045572|10013072
36045573|10013073
36045574|10013583
36045575|10024072
36045576|10025132
36045577|10025137
36045578|10025138
36045579|10048562
36045580|10048568
36045581|36045581
36045582|10057903
36045583|10057928
36045584|10057929
36045585|36045585
36045586|10040969
36045587|36045587
36045588|10029141
36045589|10029142
36045590|10040970
36045591|36045591
36045592|36045592
36045593|10013706
36045594|10020485
36045595|36045595
36045596|36045596
36045597|10003260
36045598|10024060
36045599|36045599
36045600|36045600
36045601|10013446
36045602|10024064
36045603|10024065
36045604|10024066
36045605|10024067
36045606|10024070
36045607|10025131
36045608|10025133
36045609|10025134
36045610|10025139
36045611|10025142
36045612|10040967
36045613|10040972
36045614|10040973
36045615|10040974
36045616|10042800
36045617|10042820
36045618|10042944
36045619|36045619
36045620|10042947
36045621|10042948
36045622|10065992
36045623|10012473
36045624|10024063
36045625|10024074
36045626|10025128
36045627|10037865
36045628|10037866
36045629|10040971
36045630|10042940
36045631|36045631
36045632|36045632
36045633|10028418
36045634|10028420
36045635|36045635
36045636|36045636
36045637|10028963
36045638|36045638
36045639|10036100
36045640|10068240
36045641|36045641
36045642|10036103
36045643|10055869
36045644|36045644
36045645|10065924
36045646|10023250
36045647|10023266
36045648|10023267
36045649|10023268
36045650|10027842
36045651|10034164
36045652|10034165
36045653|10034166
36045654|10036036
36045655|10036037
36045656|10036038
36045657|10036039
36045658|10040105
36045659|10042061
36045660|10042943
36045661|10058492
36045662|10058493
36045663|36045663
36045664|36045664
36045665|36045665
36045666|10003268
36045667|10003269
36045668|10009107
36045669|10027840
36045670|10032451
36045671|10036856
36045672|10037738
36045673|10037740
36045674|10039014
36045675|36045675
36045676|10039074
36045677|10039076
36045678|10039077
36045679|10040106
36045680|10040107
36045681|10042952
36045682|10057222
36045683|10060732
36045684|10062719
36045685|10066578
36045686|36045686
36045687|36045687
36045688|10066934
36045689|36045689
36045690|36045690
36045691|10009206
36045692|10014575
36045693|10018088
36045694|10024516
36045695|10024518
36045696|10027979
36045697|10027980
36045698|36045698
36045699|10039712
36045700|10040921
36045701|10047971
36045702|10058203
36045703|10062440
36045704|10062786
36045705|10012517
36045706|10037969
36045707|36045707
36045708|10039713
36045709|10039714
36045710|36045710
36045711|10025109
36045712|36045712
36045713|36045713
36045714|10023252
36045715|10001403
36045716|10008521
36045717|36045717
36045718|10056954
36045719|36045719
36045720|10048600
36045721|10052801
36045722|36045722
36045723|10068809
36045724|10024512
36045725|10024513
36045726|10024514
36045727|36045727
36045728|10048601
36045729|10056539
36045730|10064499
36045731|36045731
36045732|36045732
36045733|36045733
36045734|10004294
36045735|10004295
36045736|10004296
36045737|10006567
36045738|10006568
36045739|10009176
36045740|36045740
36045741|10034279
36045742|10034282
36045743|10037881
36045744|10057052
36045745|10034278
36045746|36045746
36045747|10034281
36045748|10052802
36045749|10057053
36045750|10057054
36045751|10057055
36045752|10057069
36045753|10058917
36045754|10065983
36045755|36045755
36045756|10047643
36045757|10048311
36045758|36045758
36045759|10027246
36045760|36045760
36045761|10025141
36045762|10039489
36045763|10040919
36045764|36045764
36045765|10025117
36045766|36045766
36045767|10039485
36045768|36045768
36045769|10039490
36045770|10054039
36045771|10054078
36045772|10054079
36045773|10063420
36045774|36045774
36045775|10002021
36045776|36045776
36045777|10002024
36045778|36045778
36045779|10039957
36045780|36045780
36045781|36045781
36045782|10024427
36045783|10056953
36045784|10067778
36045785|36045785
36045786|36045786
36045787|36045787
36045788|36045788
36045789|36045789
36045790|36045790
36045791|10061553
36045792|36045792
36045793|36045793
36045794|36045794
36045795|36045795
36045796|36045796
36045797|10051225
36045798|36045798
36045799|10036395
36045800|10057301
36045801|36045801
36045802|10036438
36045803|10057243
36045804|36045804
36045805|36045805
36045806|10018363
36045807|36045807
36045808|10018368
36045809|10018375
36045810|10029143
36045811|10064758
36045812|36045812
36045813|10013229
36045814|10013289
36045815|10021418
36045816|10021419
36045817|36045817
36045818|10021426
36045819|10021427
36045820|10032648
36045821|10045792
36045822|36045822
36045823|10021837
36045824|10021911
36045825|10020008
36045826|36045826
36045827|36045827
36045828|36045828
36045829|36045829
36045830|36045830
36045831|10007507
36045832|10036114
36045833|36045833
36045834|10062289
36045835|36045835
36045836|36045836
36045837|36045837
36045838|10063492
36045839|10000802
36045840|36045840
36045841|10068908
36045842|36045842
36045843|36045843
36045844|10038299
36045845|36045845
36045846|10063210
36045847|10008907
36045848|36045848
36045849|10068907
36045850|36045850
36045851|10018652
36045852|10018653
36045853|10018798
36045854|10018799
36045855|10063108
36045856|10063109
36045857|36045857
36045858|36045858
36045859|10038297
36045860|36045860
36045861|36045861
36045862|36045862
36045863|10018650
36045864|36045864
36045865|10047074
36045866|10049237
36045867|10049421
36045868|10049581
36045869|10064682
36045870|10064683
36045871|10066543
36045872|10066615
36045873|36045873
36045874|36045874
36045875|10040949
36045876|36045876
36045877|10047120
36045878|10000747
36045879|36045879
36045880|10028083
36045881|36045881
36045882|36045882
36045883|10047127
36045884|36045884
36045885|10009235
36045886|10023500
36045887|10033569
36045888|10034461
36045889|10034462
36045890|10034463
36045891|36045891
36045892|10036025
36045893|10036026
36045894|10036027
36045895|36045895
36045896|10036028
36045897|36045897
36045898|10047130
36045899|10002498
36045900|10023449
36045901|36045901
36045902|10047122
36045903|10024649
36045904|10024651
36045905|10039905
36045906|36045906
36045907|10002890
36045908|10037496
36045909|36045909
36045910|10043098
36045911|10058930
36045912|10011303
36045913|10018250
36045914|10018700
36045915|10020395
36045916|10020396
36045917|36045917
36045918|10006538
36045919|10014651
36045920|36045920
36045921|10043541
36045922|36045922
36045923|10002369
36045924|10012994
36045925|10016844
36045926|10033567
36045927|10036023
36045928|36045928
36045929|10047117
36045930|10047123
36045931|10047128
36045932|10047129
36045933|10047132
36045934|10008130
36045935|36045935
36045936|10002370
36045937|10002371
36045938|10002499
36045939|10018118
36045940|10028892
36045941|10042951
36045942|36045942
36045943|10047125
36045944|10056216
36045945|10056220
36045946|10056222
36045947|10028890
36045948|36045948
36045949|10047889
36045950|10056218
36045951|10065256
36045952|36045952
36045953|10000567
36045954|36045954
36045955|10003076
36045956|10049026
36045957|36045957
36045958|10000562
36045959|10000563
36045960|10000564
36045961|36045961
36045962|10000566
36045963|10001509
36045964|10048476
36045965|36045965
36045966|10000808
36045967|10000811
36045968|10058427
36045969|10065281
36045970|10067247
36045971|10067249
36045972|36045972
36045973|10008919
36045974|10008922
36045975|10020160
36045976|36045976
36045977|10020172
36045978|10020178
36045979|10020192
36045980|10020193
36045981|10020194
36045982|10020432
36045983|10020433
36045984|10020434
36045985|10020435
36045986|10020436
36045987|10020437
36045988|10020438
36045989|10020439
36045990|10020440
36045991|10020441
36045992|10020443
36045993|10020444
36045994|10020451
36045995|10020452
36045996|10020453
36045997|10020455
36045998|10020459
36045999|10020461
36046000|10032109
36046001|10058315
36046002|10060299
36046003|10068341
36046004|36046004
36046005|10020173
36046006|10020445
36046007|36046007
36046008|10020174
36046009|10020446
36046010|36046010
36046011|36046011
36046012|10020176
36046013|10020448
36046014|36046014
36046015|10020177
36046016|10020450
36046017|36046017
36046018|10020175
36046019|10020447
36046020|36046020
36046021|36046021
36046022|36046022
36046023|36046023
36046024|36046024
36046025|36046025
36046026|10007851
36046027|10020165
36046028|36046028
36046029|36046029
36046030|36046030
36046031|36046031
36046032|10065683
36046033|36046033
36046034|36046034
36046035|10001515
36046036|36046036
36046037|10023289
36046038|10064461
36046039|36046039
36046040|10012133
36046041|10021463
36046042|10023059
36046043|10031884
36046044|10012134
36046045|36046045
36046046|10031885
36046047|36046047
36046048|10058555
36046049|36046049
36046050|10021451
36046051|10045922
36046052|36046052
36046053|10021510
36046054|36046054
36046055|10021502
36046056|36046056
36046057|10021819
36046058|10021821
36046059|10021822
36046060|10021823
36046061|10021824
36046062|10021825
36046063|10021826
36046064|10021827
36046065|10021829
36046066|10062455
36046067|36046067
36046068|10021452
36046069|10021453
36046070|10021454
36046071|10021455
36046072|10021456
36046073|10021457
36046074|10021458
36046075|10021459
36046076|10039805
36046077|10039806
36046078|36046078
36046079|10054990
36046080|10056376
36046081|10062012
36046082|10067858
36046083|36046083
36046084|10001470
36046085|10001471
36046086|36046086
36046087|10020985
36046088|10020986
36046089|10032462
36046090|10034994
36046091|10054427
36046092|10060384
36046093|10060405
36046094|10063189
36046095|10063192
36046096|10000557
36046097|10000558
36046098|10010112
36046099|10020984
36046100|36046100
36046101|10024007
36046102|10036670
36046103|10036671
36046104|10060489
36046105|10060499
36046106|10021260
36046107|36046107
36046108|10021275
36046109|36046109
36046110|36046110
36046111|36046111
36046112|36046112
36046113|10044389
36046114|10054672
36046115|10060426
36100000|10021881
36102143|10002252
36102144|10004018
36102145|10008555
36102146|10014142
36102147|10017528
36102148|10019381
36102149|10021879
36102150|10028440
36102151|10028474
36102152|10037072
36102153|10039135
36102154|10047438
36102892|10021910
36102893|10027684
36102894|10021982
36102895|10000627
36102896|10001430
36102897|10003974
36102898|10004047
36102899|10006024
36102900|10006038
36102901|10006495
36102902|10007042
36102903|10053136
36102904|10007208
36102905|10009653
36102906|10011210
36102907|10001427
36102908|10014889
36102909|10015149
36102910|10015295
36102911|10017329
36102912|10017564
36102913|10017730
36102914|10018948
36102915|10019375
36102916|10023455
36102917|10024179
36102918|10024234
36102919|10024639
36102920|10027961
36102921|10028909
36102922|10029443
36102923|10033769
36102924|10034107
36102925|10036195
36102926|10037037
36102927|10037132
36102928|10039438
36102929|10040115
36102930|10040550
36102931|10041625
36102932|10041925
36102933|10052445
36102934|10042180
36102935|10044587
36102936|10047400
36102937|10048249
36102938|10008561
36102939|10014143
36102940|10001753
36102941|10003486
36102942|10005093
36102943|10005096
36102944|10007134
36102945|10009229
36102946|10009824
36102947|10011486
36102948|10017536
36102949|10020140
36102950|10033767
36102951|10035660
36102952|10037104
36102953|10039103
36102954|10041734
36102955|10043870
36102956|10008378
36102957|10019383
36102958|10028914
36102959|10044560
36102960|10017967
36102961|10005940
36102962|10006261
36102963|10007580
36102964|10007935
36102965|10012326
36102966|10014013
36102967|10015909
36102968|10038586
36102969|10064462
36102970|10021902
36102971|10025101
36102972|10038587
36102973|10057192
36102974|10040054
36102975|10040786
36102976|10046309
36102977|10046577
36102978|10062910
36102979|10003754
36102980|10024230
36102981|10044756
36102982|10028470
36102983|10046367
36102984|10001981
36102985|10003964
36102986|10004079
36102987|10011499
36102988|10011722
36102989|10018260
36102990|10023075
36102991|10057168
36102992|10035499
36102993|10037075
36102994|10039484
36102995|10057179
36102996|10044618
36102997|10044708
36102998|10044583
36102999|10037689
36103000|10039134
36103001|10041743
36103002|10045276
36103003|10001258
36103004|10001842
36103005|10057198
36103006|10003087
36103007|10003573
36103008|10006985
36103009|10011262
36103010|10011827
36103011|10014110
36103012|10014907
36103013|10015107
36103014|10057197
36103015|10057199
36103016|10019140
36103017|10057212
36103018|10019972
36103019|10022005
36103020|10027808
36103021|10028268
36103022|10029394
36103023|10067228
36103024|10033724
36103025|10033796
36103026|10033894
36103027|10033977
36103028|10034098
36103029|10034906
36103030|10035005
36103031|10036017
36103032|10057200
36103033|10036760
36103034|10037743
36103035|10038717
36103036|10038997
36103037|10039105
36103038|10039231
36103039|10039270
36103040|10039289
36103041|10047465
36109964|10004017
36109965|10013024
36109966|10020159
36109967|10062019
36109968|10040491
36109969|10045274
36109970|10047458
36109971|10001534
36109972|10067822
36109973|10013045
36109974|10016096
36109975|10053500
36109976|10064091
36109977|10021714
36109978|10021869
36109979|10021875
36109980|10029803
36109981|10051856
36109982|10051854
36109983|10040488
36109984|10066177
36109985|10047176
36109986|10047337
36109987|10003267
36109988|10014602
36109989|10015216
36109990|10058484
36109991|10036376
36109992|10036239
36109993|10036303
36109994|10036805
36109995|10037167
36109996|10039222
36109997|10042297
36109998|10042732
36109999|10000620
36110000|10000628
36110001|10000629
36110002|10054205
36110003|10002713
36110004|10058873
36110005|10060976
36110006|10011660
36110007|10035667
36110008|10000272
36110009|10054204
36110010|10051894
36110011|10068911
36110012|10003222
36110013|10053555
36110014|10056396
36110015|10060945
36110016|10059517
36110017|10065181
36110018|10066798
36110019|10004056
36110020|10004058
36110021|10058890
36110022|10054783
36110023|10006217
36110024|10061736
36110025|10064918
36110026|10007882
36110027|10007905
36110028|10007907
36110029|10064929
36110030|10007920
36110031|10051904
36110032|10054213
36110033|10065198
36110034|10067498
36110035|10051890
36110036|10052175
36110037|10069169
36110038|10054222
36110039|10016936
36110040|10017711
36110041|10017717
36110042|10068682
36110043|10061179
36110044|10064109
36110045|10062031
36110046|10063070
36110047|10063890
36110048|10065212
36110049|10027202
36110050|10054162
36110051|10054120
36110052|10054876
36110053|10065244
36110054|10065237
36110055|10056628
36110056|10033302
36110057|10054124
36110058|10057869
36110059|10060946
36110060|10053174
36110061|10051946
36110062|10037652
36110063|10060693
36110064|10065041
36110065|10039748
36110066|10060841
36110067|10054138
36110068|10054137
36110069|10068385
36110070|10066972
36110071|10042731
36110072|10065235
36110073|10052884
36110074|10057868
36110075|10054088
36110076|10065583
36110077|10052301
36110078|10062167
36110079|10054140
36110080|10047752
36110081|10065240
36110082|10061417
36110083|10052307
36110084|10034738
36110085|10035672
36110086|10000594
36110087|10061591
36110088|10062488
36110089|10025169
36110090|10049078
36110091|10052057
36110092|10038300
36110093|10054210
36110094|10006500
36110095|10018693
36110096|10051226
36110097|10061738
36110098|10006041
36110099|10061043
36110100|10058852
36110101|10054177
36110102|10017737
36110103|10043376
36110104|10043378
36110105|10061092
36110106|10057767
36110107|10013023
36110108|10015248
36110109|10058857
36110110|10051910
36110111|10054218
36110112|10054219
36110113|10054220
36110114|10007904
36110115|10014885
36110116|10061124
36110117|10054221
36110118|10027232
36110119|10046572
36110120|10015148
36110121|10011790
36110122|10054258
36110123|10061126
36110124|10015296
36110125|10052238
36110126|10054259
36110127|10035699
36110128|10067320
36110129|10035736
36110130|10045146
36110131|10054223
36110132|10065552
36110133|10028846
36110134|10017728
36110135|10046957
36110136|10006460
36110137|10008392
36110138|10015031
36110139|10058922
36110140|10061190
36110141|10058875
36110142|10027241
36110143|10035702
36110144|10040059
36110145|10054263
36110146|10054264
36110147|10011797
36110148|10058856
36110149|10061259
36110150|10054160
36110151|10035717
36110152|10039102
36110153|10061266
36110154|10035718
36110155|10054161
36110156|10002514
36110157|10024238
36110158|10027247
36110159|10047903
36110160|10054116
36110161|10063085
36110162|10024641
36110163|10027248
36110164|10062486
36110165|10062204
36110166|10035723
36110167|10003256
36110168|10008326
36110169|10011792
36110170|10014597
36110171|10014793
36110172|10015006
36110173|10061181
36110174|10018612
36110175|10027239
36110176|10027249
36110177|10058858
36110178|10027274
36110179|10027280
36110180|10062212
36110181|10036979
36110182|10039457
36110183|10039955
36110184|10040058
36110185|10040061
36110186|10046483
36110187|10067235
36110188|10047847
36110189|10064952
36110190|10029444
36110191|10007919
36110192|10034106
36110193|10040051
36110194|10061914
36110195|10061470
36110196|10011799
36110197|10057582
36110198|10058923
36110199|10058877
36110200|10067024
36110201|10061471
36110202|10037136
36110203|10037137
36110204|10062279
36110205|10059444
36110206|10003271
36110207|10027254
36110208|10031262
36110209|10035733
36110210|10058924
36110211|10058878
36110212|10039447
36110213|10058921
36110214|10061512
36110215|10058879
36110216|10054178
36110217|10041624
36110218|10006563
36110219|10048894
36110220|10007921
36110221|10027255
36110222|10028887
36110223|10064163
36110224|10035734
36110225|10040063
36110226|10041917
36110227|10051017
36110228|10041923
36110229|10058080
36110230|10066410
36110231|10064250
36110232|10061554
36110233|10041929
36110234|10056430
36110235|10066409
36110236|10041932
36110237|10044250
36110238|10062280
36110239|10059442
36110240|10040064
36110241|10042175
36110242|10062118
36110243|10054265
36110244|10052100
36110245|10062487
36110246|10007922
36110247|10067236
36110248|10015145
36110249|10053588
36110250|10027253
36110251|10027256
36110252|10028888
36110253|10034839
36110254|10058859
36110255|10061353
36110256|10054047
36110257|10035728
36110258|10035735
36110259|10037637
36110260|10039587
36110261|10067323
36110262|10042176
36110263|10051018
36110264|10042178
36110265|10061372
36110266|10048960
36110267|10044013
36110268|10044251
36110269|10067185
36110270|10001242
36110271|10001765
36110272|10002887
36110273|10002923
36110274|10008076
36110275|10053025
36110276|10054118
36110277|10029339
36110278|10035068
36110279|10056884
36110280|10037434
36110281|10038530
36110282|10056883
36110283|10061370
36110284|10062120
36110285|10042880
36110286|10042881
36110287|10056873
36110288|10048234
36110289|10048235
36110290|10048236
36110291|10006520
36110292|10035148
36110293|10058889
36110294|10053026
36110295|10058855
36110296|10061416
36110297|10064525
36110298|10061041
36110299|10008565
36110300|10018185
36110301|10053028
36110302|10034820
36110303|10035673
36110304|10037151
36110305|10046482
36110306|10067186
36110307|10067234
36110308|10000351
36110309|10063409
36110310|10060969
36110311|10004194
36110312|10016773
36110313|10020113
36110314|10061217
36110315|10024424
36110316|10028586
36110317|10001754
36110318|10003487
36110319|10003488
36110320|10006473
36110321|10051597
36110322|10053029
36110323|10051016
36110324|10005098
36110325|10015001
36110326|10031255
36110327|10035671
36110328|10003874
36110329|10004074
36110330|10058523
36110331|10007135
36110332|10064699
36110333|10053158
36110334|10053166
36110335|10007152
36110336|10050762
36110337|10018143
36110338|10051590
36110339|10022623
36110340|10027205
36110341|10028080
36110342|10028688
36110343|10050345
36110344|10028924
36110345|10038705
36110346|10054152
36110347|10042938
36110348|10047784
36110349|10008803
36110350|10054214
36110351|10009825
36110352|10068747
36110353|10027207
36110354|10054216
36110355|10067112
36110356|10011490
36110357|10013439
36110358|10027209
36110359|10068368
36110360|10067565
36110361|10065330
36110362|10054207
36110363|10060966
36110364|10061737
36110365|10049657
36110366|10065170
36110367|10017524
36110368|10017525
36110369|10017533
36110370|10065182
36110371|10017543
36110372|10051919
36110373|10061180
36110374|10056660
36110375|10067321
36110376|10065187
36110377|10065211
36110378|10027236
36110379|10054121
36110380|10028098
36110381|10028426
36110382|10028517
36110383|10028520
36110384|10067867
36110385|10052892
36110386|10030338
36110387|10061891
36110388|10065239
36110389|10064458
36110390|10034799
36110391|10061354
36110392|10037422
36110393|10069068
36110394|10068184
36110395|10065214
36110396|10060692
36110397|10059045
36110398|10058678
36110399|10066984
36110400|10052366
36110401|10065236
36110402|10053188
36110403|10053419
36110404|10053461
36110405|10062219
36110406|10049059
36110407|10065582
36110408|10064899
36110409|10065242
36110410|10061418
36110411|10001027
36110412|10009115
36110413|10020141
36110414|10049142
36110415|10020144
36110416|10027243
36110417|10061906
36110418|10064107
36110419|10064108
36110420|10061919
36110421|10058973
36110422|10039104
36110423|10011676
36110424|10041736
36110425|10004975
36110426|10005913
36110427|10012504
36110428|10023375
36110429|10057682
36110430|10043865
36110431|10043866
36110432|10043868
36110433|10067719
36110434|10049591
36110435|10060889
36110436|10067197
36110437|10043871
36110438|10043873
36110439|10056131
36110440|10067409
36110441|10058443
36110442|10037374
36110443|10060967
36110444|10007187
36110445|10065199
36110446|10065223
36110447|10018490
36110448|10065171
36110449|10065246
36110450|10065172
36110451|10065186
36110452|10065328
36110453|10065243
36110454|10059547
36110455|10013618
36110456|10039605
36110457|10039606
36110458|10010046
36110459|10053573
36110460|10060968
36110461|10068653
36110462|10061022
36110463|10062960
36110464|10060738
36110465|10058981
36110466|10031252
36110467|10031253
36110468|10031256
36110469|10062067
36110470|10051484
36110471|10064110
36110472|10006171
36110473|10006225
36110474|10006259
36110475|10026883
36110476|10026889
36110477|10029419
36110478|10004015
36110479|10006105
36110480|10007830
36110481|10061044
36110482|10061036
36110483|10065765
36110484|10013874
36110485|10058805
36110486|10048997
36110487|10052369
36110488|10014965
36110489|10061846
36110490|10022813
36110491|10027199
36110492|10027201
36110493|10058780
36110494|10051256
36110495|10051295
36110496|10056332
36110497|10049654
36110498|10068885
36110499|10042360
36110500|10034538
36110501|10000228
36110502|10060937
36110503|10004138
36110504|10008323
36110505|10049205
36110506|10014791
36110507|10014792
36110508|10050428
36110509|10064502
36110510|10061977
36110511|10052845
36110512|10056254
36110513|10066103
36110514|10051458
36110515|10030345
36110516|10033119
36110517|10055005
36110518|10062707
36110519|10033847
36110520|10034254
36110521|10061467
36110522|10037651
36110523|10039453
36110524|10049677
36110525|10054824
36110526|10045470
36110527|10063012
36110528|10062233
36110529|10049573
36110530|10046914
36110531|10047732
36110532|10047780
36110533|10047794
36110534|10000269
36110535|10050473
36110536|10064878
36110537|10050474
36110538|10060970
36110539|10011409
36110540|10064687
36110541|10014568
36110542|10062316
36110543|10048461
36110544|10056559
36110545|10050269
36110546|10050821
36110547|10049660
36110548|10065616
36110549|10021769
36110550|10058015
36110551|10058014
36110552|10021789
36110553|10021857
36110554|10021866
36110555|10024774
36110556|10027082
36110557|10061308
36110558|10028950
36110559|10053636
36110560|10030306
36110561|10030901
36110562|10034133
36110563|10034236
36110564|10058674
36110565|10065766
36110566|10067268
36110567|10051182
36110568|10036410
36110569|10061926
36110570|10062352
36110571|10040490
36110572|10067267
36110573|10042070
36110574|10042566
36110575|10043841
36110576|10044248
36110577|10051340
36110578|10067923
36110579|10047504
36110580|10058042
36110581|10048038
36110582|10048282
36110583|10006445
36110584|10006451
36110585|10006469
36110586|10065680
36110587|10056971
36110588|10024738
36110589|10024968
36110590|10025028
36110591|10061229
36110592|10027070
36110593|10055088
36110594|10053584
36110595|10061351
36110596|10067334
36110597|10035664
36110598|10055672
36110599|10035730
36110600|10066590
36110601|10057102
36110602|10037658
36110603|10050090
36110604|10067741
36110605|10057000
36110606|10062521
36110607|10020497
36110608|10031064
36110609|10034294
36110610|10061912
36110611|10050662
36110612|10036934
36110613|10049571
36110614|10062156
36110615|10057001
36110616|10064501
36110617|10064724
36110618|10053576
36110619|10051568
36110620|10056515
36110621|10021918
36110622|10057619
36110623|10049206
36110624|10028885
36110625|10052457
36110626|10066876
36110627|10056517
36110628|10064965
36110629|10051407
36110630|10003997
36110631|10053840
36110632|10004053
36110633|10058853
36110634|10067410
36110635|10014824
36110636|10017523
36110637|10058872
36110638|10059070
36110639|10066593
36110640|10036422
36110641|10051739
36110642|10040047
36110643|10040049
36110644|10040067
36110645|10069141
36110646|10052762
36110647|10056518
36110648|10062657
36110649|10040070
36110650|10043593
36110651|10048709
36110652|10058874
36110653|10058041
36110654|10000318
36110655|10000513
36110656|10005192
36110657|10051548
36110658|10007247
36110659|10012470
36110660|10065259
36110661|10014141
36110662|10014199
36110663|10015146
36110664|10017553
36110665|10021531
36110666|10021770
36110667|10052007
36110668|10050500
36110669|10021783
36110670|10021784
36110671|10061303
36110672|10061304
36110673|10034016
36110674|10051296
36110675|10035043
36110676|10037120
36110677|10037632
36110678|10037888
36110679|10038143
36110680|10052891
36110681|10040855
36110682|10040872
36110683|10062255
36110684|10042343
36110685|10055027
36110686|10067653
36110687|10001076
36110688|10001093
36110689|10009137
36110690|10009152
36110691|10015030
36110692|10015033
36110693|10023874
36110694|10023897
36110695|10028720
36110696|10028781
36110697|10028810
36110698|10034686
36110699|10049592
36110700|10067781
36110701|10049512
36110702|10049140
36110703|10050187
36110704|10039083
36110705|10057442
36110706|10051497
36110707|10048979
36110708|10040753
36110709|10044008
36110710|10044302
36110711|10044304
36110712|10044314
36110713|10066335
36110714|10065767
36110715|10046306
36110716|10011781
36110717|10056351
36110718|10061182
36110719|10023424
36110720|10034531
36110721|10049100
36110722|10037596
36110723|10037597
36110724|10037601
36110725|10037653
36110726|10038351
36110727|10058596
36110728|10061395
36110729|10051250
36110730|10046424
36110731|10052299
36110732|10046470
36110733|10046480
36110734|10051959
36110735|10066757
36110736|10046571
36110737|10046573
36110738|10055124
36110739|10064925
36110740|10055127
36110741|10065744
36110742|10051564
36110743|10057258
36110744|10058017
36110745|10058016
36110746|10056627
36110747|10058028
36110748|10061663
36110749|10062207
36110750|10064789
36110751|10058806
36110752|10049658
36110753|10049659
36110754|10028447
36110755|10052233
36110756|10028452
36110757|10066289
36110758|10006029
36110759|10021700
36110760|10024227
36110761|10024229
36110762|10044729
36110763|10056377
36110764|10006049
36110765|10011684
36110766|10013453
36110767|10015004
36110768|10064445
36110769|10061150
36110770|10056367
36110771|10065048
36110772|10025143
36110773|10061234
36110774|10027259
36110775|10064743
36110776|10066927
36110777|10037440
36110778|10038534
36110779|10039463
36110780|10068876
36110781|10052883
36110782|10044755
36110783|10044758
36110784|10061391
36110785|10044828
36110786|10045026
36110787|10045072
36110788|10045104
36110789|10059161
36110790|10061300
36110791|10028479
36110792|10028480
36110793|10034256
36110794|10034837
36110795|10035724
36110796|10037603
36110797|10044315
36110798|10053043
36110799|10059640
36110800|10046490
36110801|10061618
36110802|10001984
36110803|10001990
36110804|10001992
36110805|10063032
36110806|10056970
36110807|10011668
36110808|10024198
36110809|10054165
36110810|10047505
36110811|10063094
36110812|10061118
36110813|10021859
36110814|10053982
36110815|10053696
36110816|10039483
36110817|10057854
36110818|10048848
36110819|10067566
36110820|10044272
36110821|10008332
36110822|10036981
36110823|10044620
36110824|10046489
36110825|10046704
36110826|10047799
36110827|10001461
36110828|10001935
36110829|10027258
36110830|10044707
36110831|10004145
36110832|10007729
36110833|10044582
36110834|10053187
36110835|10037688
36110836|10061119
36110837|10020429
36110838|10039138
36110839|10061495
36110840|10006045
36110841|10029787
36110842|10037731
36110843|10039137
36110844|10039207
36110845|10014979
36110846|10028282
36110847|10038017
36110848|10039766
36110849|10061393
36110850|10057373
36110851|10001260
36110852|10060931
36110853|10027283
36110854|10035665
36110855|10067256
36110856|10014587
36110857|10014611
36110858|10014614
36110859|10066919
36110860|10068632
36110861|10067668
36110862|10010022
36110863|10010685
36110864|10014584
36110865|10031058
36110866|10003085
36110867|10003090
36110868|10005932
36110869|10023927
36110870|10011260
36110871|10011261
36110872|10014978
36110873|10027208
36110874|10011831
36110875|10065621
36110876|10056262
36110877|10051350
36110878|10058854
36110879|10049075
36110880|10014586
36110881|10035676
36110882|10061113
36110883|10027231
36110884|10061035
36110885|10063946
36110886|10027233
36110887|10065110
36110888|10015108
36110889|10014071
36110890|10026822
36110891|10012310
36110892|10014596
36110893|10014583
36110894|10054261
36110895|10023505
36110896|10053981
36110897|10030310
36110898|10056378
36110899|10041896
36110900|10057293
36110901|10048240
36110902|10069198
36110903|10069197
36110904|10062522
36110905|10061198
36110906|10019143
36110907|10023484
36110908|10068610
36110909|10014590
36110910|10015586
36110911|10018150
36110912|10062639
36110913|10066888
36110914|10058876
36110915|10019948
36110916|10019963
36110917|10019973
36110918|10019974
36110919|10065038
36110920|10061208
36110921|10058428
36110922|10020431
36110923|10063571
36110924|10027242
36110925|10053586
36110926|10027285
36110927|10053587
36110928|10034510
36110929|10035703
36110930|10046980
36110931|10063522
36110932|10064097
36110933|10022000
36110934|10035714
36110935|10027807
36110936|10014598
36110937|10015002
36110938|10027250
36110939|10028257
36110940|10031068
36110941|10036117
36110942|10029393
36110943|10011238
36110944|10066043
36110945|10041197
36110946|10066048
36110947|10059427
36110948|10051800
36110949|10052339
36110950|10023849
36110951|10061331
36110952|10034325
36110953|10038707
36110954|10040907
36110955|10067203
36110956|10046462
36110957|10066416
36110958|10011416
36110959|10033797
36110960|10061907
36110961|10035727
36110962|10006048
36110963|10053045
36110964|10031071
36110965|10033976
36110966|10015214
36110967|10057343
36110968|10034905
36110969|10039143
36110970|10006545
36110971|10036011
36110972|10036012
36110973|10057226
36110974|10055181
36110975|10057366
36110976|10023163
36110977|10065381
36110978|10036807
36110979|10011384
36110980|10023497
36110981|10041047
36110982|10064199
36110983|10037742
36110984|10035732
36110985|10038718
36110986|10061603
36110987|10065040
36110988|10003581
36110989|10020162
36110990|10020163
36110991|10020164
36110992|10048440
36110993|10048443
36110994|10048446
36110995|10064446
36110996|10064447
36110997|10058489
36110998|10062007
36110999|10020460
36111000|10023284
36111001|10069149
36111002|10061493
36111003|10044696
36111004|10061494
36111005|10067470
36111006|10003270
36111007|10014622
36111008|10039252
36111009|10039264
36111010|10061496
36111011|10027011
36111012|10052000
36111013|10035722
36111014|10003274
36111015|10006448
36111016|10053160
36111017|10007931
36111018|10061037
36111019|10008761
36111020|10053983
36111021|10065197
36111022|10058094
36111023|10014612
36111024|10068095
36111025|10065222
36111026|10061192
36111027|10023880
36111028|10024887
36111029|10065188
36111030|10027260
36111031|10066226
36111032|10065245
36111033|10064034
36111034|10065238
36111035|10052761
36111036|10035737
36111037|10057244
36111038|10065213
36111039|10062106
36111040|10053162
36111041|10066983
36111042|10042666
36111043|10061556
36111044|10064825
36111045|10058682
36111046|10059346
36111047|10047461
36111048|10051512
36111049|10047473
36111050|10047476
36111051|10064948
36111052|10051513
36111053|10065173
36111054|10047480
36111055|10047481
36111056|10047482
36111057|10056281
36111058|10065241
36146116|36146116
36146117|10063969
36146118|10067909
36146119|10067910
36146120|10067911
36146121|10067913
36146122|10067914
36146123|10067915
36146124|10068291
36146125|10068292
36146126|10068296
36146127|10068297
36146128|36146128
36146129|36146129
36146130|10021912
36146131|36146131
36146132|10067912
36146133|10067916
36146134|10068965
36146135|10068995
36146136|10018613
36146137|36146137
36146138|10042878
36146139|10062842
36146140|36146140
36146141|10019737
36146142|10019741
36146143|10019753
36146144|36146144
36146145|10056521
36146146|36146146
36146147|36146147
36146148|36146148
36146149|36146149
36146150|10016301
36146151|36146151
36146152|10053526
36146153|10053527
36146154|10053528
36146155|10053529
36146156|36146156
36146157|36146157
36146158|36146158
36146159|10021873
36146160|10021874
36146161|36146161
36146162|10020398
36146163|10020399
36146164|36146164
36146165|36146165
36146166|36146166
36146167|36146167
36146168|36146168
36146169|36146169
36146170|36146170
36146171|36146171
36146172|10037994
36146173|10037995
36146174|10014588
36146175|36146175
36146176|10054373
36146177|10056198
36146178|36146178
36146179|36146179
36146180|10034911
36146181|36146181
36146182|10036377
36146183|10023985
36146184|10030273
36146185|10036015
36146186|36146186
36146187|36146187
36146188|10016659
36146189|36146189
36146190|36146190
36146191|36146191
36146192|36146192
36146193|10039049
36146194|10039050
36146195|10039051
36146196|36146196
36146197|10000619
36146198|36146198
36146199|10000622
36146200|10000623
36146201|10000624
36146202|10000626
36146203|36146203
36146204|10037310
36146205|10000625
36146206|36146206
36146207|10008337
36146208|10011658
36146209|36146209
36146210|10056306
36146211|36146211
36146212|10002716
36146213|10003975
36146214|10032803
36146215|10002714
36146216|10002715
36146217|10040073
36146218|10054608
36146219|36146219
36146220|10003977
36146221|10004026
36146222|10054226
36146223|36146223
36146224|36146224
36146225|36146225
36146226|10035704
36146227|10037321
36146228|36146228
36146229|10000273
36146230|36146230
36146231|36146231
36146232|36146232
36146233|36146233
36146234|10003249
36146235|10003266
36146236|10003272
36146237|10003296
36146238|10003319
36146239|10003325
36146240|10003331
36146241|10003337
36146242|10003338
36146243|10003344
36146244|10003351
36146245|10003358
36146246|10003365
36146247|10003371
36146248|10003388
36146249|10037631
36146250|10037638
36146251|10037639
36146252|10037640
36146253|10037641
36146254|10037642
36146255|10037643
36146256|10037644
36146257|10037645
36146258|10037646
36146259|10037647
36146260|10037648
36146261|10040057
36146262|10040062
36146263|10051072
36146264|36146264
36146265|10053572
36146266|10003574
36146267|36146267
36146268|10002089
36146269|10004030
36146270|10004031
36146271|10004032
36146272|10004043
36146273|10004044
36146274|10004045
36146275|10018657
36146276|10021804
36146277|10021862
36146278|10031677
36146279|10032528
36146280|10032529
36146281|10032531
36146282|10053021
36146283|10054275
36146284|10054276
36146285|10054277
36146286|36146286
36146287|36146287
36146288|36146288
36146289|36146289
36146290|36146290
36146291|10004057
36146292|10004059
36146293|10004060
36146294|10004061
36146295|10003575
36146296|10003576
36146297|10003577
36146298|10003578
36146299|10003579
36146300|10003580
36146301|36146301
36146302|36146302
36146303|36146303
36146304|36146304
36146305|10007903
36146306|10028097
36146307|10051353
36146308|36146308
36146309|10064555
36146310|10065416
36146311|10066548
36146312|36146312
36146313|36146313
36146314|10007883
36146315|10007884
36146316|10007885
36146317|10007886
36146318|10007887
36146319|10007888
36146320|10007889
36146321|10007890
36146322|10007891
36146323|10007892
36146324|10007893
36146325|10007894
36146326|10007895
36146327|10007896
36146328|10007897
36146329|10007898
36146330|10007899
36146331|10007900
36146332|10007908
36146333|10007909
36146334|10007910
36146335|10007911
36146336|10007912
36146337|10007913
36146338|10007915
36146339|10007916
36146340|10007917
36146341|10007925
36146342|10031721
36146343|10034907
36146344|10048395
36146345|10048926
36146346|10048927
36146347|10048989
36146348|10049022
36146349|10049023
36146350|10049859
36146351|10066499
36146352|36146352
36146353|10056877
36146354|10056882
36146355|10007901
36146356|36146356
36146357|10007906
36146358|10034302
36146359|36146359
36146360|10007914
36146361|36146361
36146362|36146362
36146363|10054234
36146364|36146364
36146365|10054252
36146366|10054253
36146367|36146367
36146368|36146368
36146369|10067503
36146370|36146370
36146371|36146371
36146372|36146372
36146373|36146373
36146374|36146374
36146375|10048635
36146376|36146376
36146377|10017712
36146378|10017713
36146379|10017718
36146380|10017721
36146381|10017722
36146382|10017723
36146383|10017724
36146384|10017725
36146385|10017726
36146386|10034574
36146387|10049923
36146388|10055791
36146389|10063586
36146390|36146390
36146391|36146391
36146392|10068683
36146393|10004024
36146394|10004025
36146395|10018152
36146396|36146396
36146397|36146397
36146398|10051927
36146399|36146399
36146400|36146400
36146401|36146401
36146402|36146402
36146403|10004049
36146404|10027200
36146405|36146405
36146406|10027204
36146407|10027210
36146408|10027216
36146409|10027225
36146410|10027226
36146411|10027228
36146412|10027240
36146413|10027244
36146414|10053023
36146415|36146415
36146416|10054169
36146417|10054170
36146418|36146418
36146419|36146419
36146420|10054904
36146421|36146421
36146422|36146422
36146423|36146423
36146424|36146424
36146425|36146425
36146426|36146426
36146427|10068502
36146428|10004051
36146429|10031679
36146430|10035666
36146431|10035670
36146432|10035678
36146433|10035684
36146434|10035685
36146435|10035701
36146436|10053024
36146437|36146437
36146438|36146438
36146439|36146439
36146440|36146440
36146441|10044695
36146442|36146442
36146443|36146443
36146444|36146444
36146445|36146445
36146446|10051953
36146447|36146447
36146448|36146448
36146449|36146449
36146450|36146450
36146451|36146451
36146452|10049613
36146453|36146453
36146454|10045037
36146455|36146455
36146456|36146456
36146457|36146457
36146458|36146458
36146459|36146459
36146460|10004055
36146461|10046956
36146462|10046960
36146463|10046961
36146464|36146464
36146465|36146465
36146466|10007923
36146467|36146467
36146468|36146468
36146469|10032948
36146470|10033060
36146471|10033061
36146472|10037904
36146473|10037905
36146474|10046131
36146475|10046249
36146476|10048283
36146477|36146477
36146478|36146478
36146479|10006025
36146480|10027798
36146481|36146481
36146482|10047974
36146483|10047975
36146484|10047976
36146485|10047977
36146486|10047978
36146487|36146487
36146488|10035713
36146489|36146489
36146490|10050108
36146491|36146491
36146492|10015157
36146493|36146493
36146494|10006036
36146495|36146495
36146496|10025170
36146497|10025171
36146498|10067559
36146499|36146499
36146500|36146500
36146501|10006037
36146502|10024889
36146503|36146503
36146504|10038301
36146505|10038302
36146506|10038303
36146507|10043843
36146508|10046134
36146509|36146509
36146510|10054249
36146511|10054250
36146512|10006492
36146513|10006493
36146514|10006494
36146515|10006496
36146516|10006497
36146517|10006498
36146518|10006499
36146519|36146519
36146520|10006501
36146521|10026726
36146522|10027094
36146523|10031697
36146524|10045517
36146525|10045646
36146526|10007043
36146527|36146527
36146528|36146528
36146529|10054229
36146530|10007207
36146531|36146531
36146532|36146532
36146533|10009656
36146534|10004027
36146535|10009655
36146536|10009659
36146537|10009661
36146538|10009664
36146539|36146539
36146540|36146540
36146541|36146541
36146542|10058871
36146543|36146543
36146544|10054188
36146545|10054189
36146546|36146546
36146547|10067480
36146548|10009663
36146549|36146549
36146550|10043377
36146551|10043379
36146552|36146552
36146553|10011212
36146554|10053030
36146555|10054237
36146556|10054238
36146557|36146557
36146558|10011213
36146559|36146559
36146560|10002699
36146561|10010710
36146562|10011211
36146563|10011661
36146564|36146564
36146565|10013025
36146566|10013026
36146567|10013027
36146568|10013028
36146569|10016267
36146570|10023836
36146571|10028794
36146572|10032614
36146573|10032615
36146574|36146574
36146575|36146575
36146576|10058884
36146577|36146577
36146578|10054239
36146579|10054240
36146580|10054271
36146581|10051380
36146582|10051388
36146583|36146583
36146584|36146584
36146585|10054254
36146586|10054255
36146587|36146587
36146588|36146588
36146589|10014887
36146590|36146590
36146591|10014886
36146592|10051038
36146593|10051039
36146594|10051911
36146595|10051978
36146596|10053621
36146597|10054241
36146598|10055501
36146599|36146599
36146600|36146600
36146601|10054256
36146602|10054257
36146603|10014890
36146604|36146604
36146605|10014891
36146606|36146606
36146607|36146607
36146608|10011789
36146609|36146609
36146610|10015293
36146611|10015297
36146612|36146612
36146613|10054279
36146614|10054280
36146615|10054281
36146616|10015292
36146617|10015294
36146618|10054242
36146619|36146619
36146620|36146620
36146621|10040077
36146622|10040091
36146623|10054708
36146624|10060412
36146625|36146625
36146626|36146626
36146627|10054282
36146628|10035679
36146629|36146629
36146630|36146630
36146631|10035712
36146632|36146632
36146633|10054556
36146634|10054557
36146635|10014864
36146636|10017330
36146637|10030070
36146638|10032923
36146639|10037444
36146640|36146640
36146641|10045147
36146642|10045371
36146643|10046199
36146644|10060370
36146645|10060403
36146646|10060408
36146647|10060428
36146648|10060438
36146649|36146649
36146650|36146650
36146651|36146651
36146652|36146652
36146653|10017729
36146654|10017731
36146655|10017732
36146656|36146656
36146657|36146657
36146658|10018942
36146659|10018943
36146660|10018951
36146661|10018954
36146662|10018956
36146663|10018959
36146664|10060529
36146665|10060618
36146666|10060619
36146667|10060624
36146668|10060627
36146669|10060628
36146670|10060631
36146671|36146671
36146672|10018944
36146673|10018945
36146674|10060620
36146675|10060621
36146676|36146676
36146677|10068089
36146678|36146678
36146679|10058926
36146680|10018936
36146681|10018947
36146682|10018949
36146683|10018952
36146684|10019520
36146685|10054268
36146686|10054269
36146687|10054270
36146688|10060625
36146689|36146689
36146690|10040079
36146691|10040093
36146692|10054613
36146693|10058214
36146694|36146694
36146695|10058888
36146696|10018953
36146697|10018955
36146698|10019521
36146699|10020036
36146700|36146700
36146701|10060626
36146702|10060656
36146703|10018950
36146704|10018957
36146705|10018958
36146706|10035680
36146707|10035681
36146708|36146708
36146709|10060623
36146710|10060629
36146711|10060630
36146712|10060658
36146713|36146713
36146714|10040060
36146715|10004028
36146716|10019377
36146717|36146717
36146718|36146718
36146719|10054284
36146720|10054285
36146721|36146721
36146722|10023457
36146723|10023459
36146724|36146724
36146725|10058883
36146726|10017372
36146727|10023454
36146728|10052209
36146729|10054141
36146730|10054142
36146731|36146731
36146732|36146732
36146733|10054167
36146734|10054168
36146735|10017373
36146736|10023456
36146737|10023458
36146738|10023460
36146739|10035682
36146740|36146740
36146741|36146741
36146742|10063391
36146743|10050919
36146744|10054143
36146745|36146745
36146746|10024180
36146747|10024181
36146748|10024182
36146749|36146749
36146750|36146750
36146751|36146751
36146752|10024235
36146753|36146753
36146754|10024241
36146755|10032791
36146756|10032792
36146757|10024237
36146758|36146758
36146759|10019014
36146760|10024236
36146761|10024239
36146762|10024240
36146763|36146763
36146764|10055283
36146765|36146765
36146766|36146766
36146767|10024638
36146768|10024640
36146769|36146769
36146770|36146770
36146771|10027956
36146772|10027957
36146773|10027959
36146774|10027964
36146775|36146775
36146776|10027960
36146777|10054145
36146778|10054166
36146779|36146779
36146780|10027958
36146781|10027963
36146782|36146782
36146783|36146783
36146784|10005146
36146785|10018558
36146786|10018559
36146787|10018578
36146788|10018600
36146789|10018601
36146790|10028902
36146791|10032093
36146792|10000795
36146793|36146793
36146794|10008327
36146795|10008328
36146796|10008329
36146797|10008897
36146798|10018560
36146799|10018561
36146800|10018562
36146801|10028903
36146802|10028904
36146803|36146803
36146804|10018564
36146805|10018565
36146806|36146806
36146807|10027272
36146808|10000796
36146809|10008898
36146810|36146810
36146811|10018567
36146812|10018568
36146813|10018569
36146814|36146814
36146815|10018571
36146816|10018572
36146817|10000797
36146818|10000798
36146819|10008899
36146820|10008900
36146821|10008901
36146822|10018189
36146823|10018573
36146824|10018574
36146825|10018575
36146826|10018582
36146827|10018583
36146828|10031737
36146829|10032091
36146830|36146830
36146831|10018579
36146832|10018580
36146833|10018584
36146834|10018604
36146835|10018605
36146836|10018606
36146837|10018607
36146838|10018608
36146839|10018609
36146840|10018610
36146841|10018611
36146842|36146842
36146843|10018614
36146844|10018615
36146845|10018617
36146846|10019274
36146847|10032090
36146848|10051970
36146849|10062844
36146850|10066614
36146851|10018588
36146852|36146852
36146853|36146853
36146854|10027276
36146855|10028910
36146856|10027268
36146857|10027281
36146858|36146858
36146859|10058885
36146860|36146860
36146861|10027275
36146862|10028911
36146863|10032809
36146864|10032810
36146865|10046007
36146866|36146866
36146867|10028912
36146868|10040048
36146869|10040081
36146870|10054615
36146871|10051931
36146872|36146872
36146873|10018592
36146874|10018593
36146875|36146875
36146876|10000799
36146877|10008902
36146878|10018594
36146879|10018595
36146880|10018596
36146881|10018597
36146882|10018618
36146883|36146883
36146884|10039458
36146885|10039459
36146886|10039460
36146887|10062845
36146888|10018598
36146889|10018599
36146890|36146890
36146891|36146891
36146892|10027269
36146893|36146893
36146894|10000800
36146895|10008903
36146896|10018602
36146897|10018603
36146898|10028907
36146899|10028908
36146900|36146900
36146901|10046484
36146902|10046485
36146903|10046486
36146904|36146904
36146905|10067240
36146906|10017371
36146907|10047846
36146908|36146908
36146909|10052788
36146910|10060372
36146911|36146911
36146912|10029442
36146913|36146913
36146914|10064083
36146915|36146915
36146916|10034105
36146917|10034108
36146918|36146918
36146919|10034109
36146920|10034112
36146921|10034113
36146922|10034110
36146923|10034111
36146924|36146924
36146925|10036194
36146926|36146926
36146927|10037035
36146928|10037036
36146929|36146929
36146930|36146930
36146931|10035691
36146932|10035731
36146933|36146933
36146934|36146934
36146935|10057772
36146936|36146936
36146937|10058927
36146938|10040083
36146939|10040095
36146940|10054616
36146941|36146941
36146942|10060410
36146943|36146943
36146944|10021803
36146945|10021860
36146946|10037133
36146947|10037134
36146948|10037135
36146949|36146949
36146950|10018298
36146951|36146951
36146952|10027165
36146953|36146953
36146954|10053031
36146955|36146955
36146956|10054090
36146957|36146957
36146958|36146958
36146959|10039431
36146960|36146960
36146961|10039439
36146962|36146962
36146963|10039440
36146964|36146964
36146965|10039442
36146966|36146966
36146967|10058928
36146968|10039444
36146969|10039445
36146970|10040084
36146971|10054617
36146972|36146972
36146973|10066745
36146974|10024782
36146975|10024783
36146976|10032212
36146977|10032454
36146978|10032887
36146979|10039430
36146980|10039435
36146981|10039436
36146982|10039437
36146983|36146983
36146984|36146984
36146985|10058925
36146986|10051952
36146987|10054151
36146988|36146988
36146989|10040085
36146990|10040096
36146991|10054618
36146992|36146992
36146993|10060411
36146994|10032892
36146995|10040542
36146996|10040543
36146997|10040545
36146998|10040547
36146999|10040551
36147000|10040553
36147001|10040554
36147002|36147002
36147003|10054190
36147004|10037906
36147005|36147005
36147006|36147006
36147007|10021532
36147008|36147008
36147009|36147009
36147010|10041918
36147011|10041936
36147012|10041946
36147013|36147013
36147014|10041926
36147015|10041940
36147016|10041948
36147017|36147017
36147018|10055649
36147019|36147019
36147020|10035693
36147021|36147021
36147022|10041928
36147023|10041942
36147024|10049159
36147025|10058931
36147026|36147026
36147027|36147027
36147028|10041935
36147029|10041945
36147030|36147030
36147031|10054637
36147032|10058863
36147033|10058887
36147034|36147034
36147035|10041939
36147036|10056689
36147037|10004033
36147038|10004035
36147039|10004041
36147040|10021839
36147041|10027508
36147042|10028052
36147043|10041924
36147044|10041950
36147045|10048590
36147046|10052101
36147047|10054154
36147048|10054273
36147049|10054274
36147050|36147050
36147051|10058081
36147052|10058082
36147053|10063912
36147054|10064153
36147055|10069145
36147056|10069146
36147057|36147057
36147058|10066413
36147059|36147059
36147060|36147060
36147061|10039199
36147062|10039200
36147063|10039515
36147064|36147064
36147065|10040086
36147066|10041930
36147067|10041931
36147068|10041943
36147069|10041949
36147070|10049253
36147071|10054619
36147072|10054638
36147073|10054639
36147074|36147074
36147075|10058867
36147076|36147076
36147077|10066412
36147078|36147078
36147079|10041933
36147080|10041934
36147081|10041944
36147082|36147082
36147083|36147083
36147084|10054091
36147085|36147085
36147086|10063528
36147087|10014972
36147088|36147088
36147089|10019169
36147090|10037907
36147091|36147091
36147092|10052503
36147093|36147093
36147094|36147094
36147095|10054286
36147096|10054287
36147097|10004036
36147098|10004037
36147099|10004038
36147100|10004039
36147101|10004040
36147102|36147102
36147103|10054278
36147104|10060527
36147105|10035643
36147106|10035649
36147107|10042193
36147108|10042196
36147109|36147109
36147110|36147110
36147111|10042177
36147112|10042199
36147113|36147113
36147114|36147114
36147115|36147115
36147116|36147116
36147117|10035645
36147118|10042194
36147119|36147119
36147120|10042181
36147121|36147121
36147122|10055650
36147123|36147123
36147124|10042182
36147125|10042186
36147126|10042201
36147127|36147127
36147128|10058886
36147129|10035644
36147130|10035652
36147131|36147131
36147132|10035650
36147133|10035651
36147134|10042197
36147135|36147135
36147136|10054642
36147137|10035647
36147138|10035648
36147139|36147139
36147140|10042195
36147141|10035687
36147142|10035694
36147143|10035695
36147144|10035696
36147145|10035697
36147146|36147146
36147147|36147147
36147148|10042183
36147149|10059814
36147150|10039586
36147151|36147151
36147152|10039588
36147153|10042187
36147154|10042188
36147155|36147155
36147156|36147156
36147157|10042198
36147158|36147158
36147159|10054641
36147160|36147160
36147161|10042200
36147162|10004034
36147163|10004042
36147164|10042179
36147165|10042192
36147166|36147166
36147167|10065162
36147168|10040087
36147169|10042184
36147170|10042185
36147171|10042202
36147172|36147172
36147173|10054620
36147174|10054643
36147175|10042189
36147176|36147176
36147177|10042190
36147178|10042203
36147179|36147179
36147180|36147180
36147181|10001241
36147182|36147182
36147183|36147183
36147184|10042898
36147185|10002340
36147186|36147186
36147187|10042899
36147188|36147188
36147189|10042900
36147190|36147190
36147191|10042923
36147192|10029747
36147193|36147193
36147194|10053038
36147195|10057734
36147196|36147196
36147197|10054163
36147198|10001091
36147199|10003584
36147200|10008208
36147201|10018068
36147202|10023257
36147203|10023258
36147204|36147204
36147205|10029340
36147206|10032189
36147207|10032298
36147208|10032830
36147209|10042897
36147210|10042904
36147211|10042916
36147212|10042919
36147213|10042922
36147214|10043069
36147215|10022556
36147216|10024003
36147217|10027766
36147218|36147218
36147219|10035069
36147220|10036705
36147221|10053032
36147222|10032425
36147223|36147223
36147224|36147224
36147225|10042886
36147226|36147226
36147227|10042884
36147228|10014056
36147229|10014057
36147230|10014058
36147231|10014059
36147232|10024026
36147233|10032737
36147234|10039878
36147235|10039879
36147236|10039880
36147237|10039881
36147238|10046158
36147239|36147239
36147240|10032896
36147241|10032897
36147242|10032952
36147243|10032953
36147244|10041626
36147245|10041627
36147246|10041628
36147247|36147247
36147248|10008391
36147249|10031646
36147250|10042879
36147251|10042882
36147252|10042887
36147253|10042888
36147254|10042889
36147255|10042890
36147256|10042894
36147257|10042895
36147258|10042896
36147259|10042901
36147260|10042914
36147261|10044588
36147262|36147262
36147263|10063034
36147264|10018176
36147265|36147265
36147266|10039883
36147267|36147267
36147268|10042883
36147269|10042891
36147270|10042892
36147271|10018791
36147272|10024009
36147273|10024010
36147274|10024011
36147275|10032065
36147276|10032734
36147277|10042913
36147278|10043290
36147279|36147279
36147280|10017710
36147281|10018792
36147282|10022036
36147283|10024027
36147284|10028238
36147285|10032255
36147286|36147286
36147287|10048237
36147288|10053033
36147289|10005943
36147290|36147290
36147291|10020650
36147292|10032026
36147293|36147293
36147294|36147294
36147295|10053027
36147296|10053039
36147297|10053040
36147298|10055318
36147299|10007924
36147300|10032927
36147301|36147301
36147302|10035149
36147303|10046098
36147304|10048250
36147305|10040088
36147306|10040097
36147307|36147307
36147308|10035740
36147309|10035741
36147310|10036724
36147311|10039874
36147312|36147312
36147313|36147313
36147314|10058882
36147315|10051964
36147316|10054159
36147317|36147317
36147318|10008562
36147319|36147319
36147320|10008542
36147321|10008546
36147322|10008560
36147323|10032542
36147324|10032619
36147325|10033024
36147326|10045657
36147327|10054233
36147328|36147328
36147329|10066502
36147330|10067198
36147331|36147331
36147332|10034255
36147333|10008540
36147334|10008541
36147335|10008545
36147336|36147336
36147337|10008538
36147338|10008556
36147339|10008568
36147340|36147340
36147341|10062780
36147342|10062784
36147343|10008544
36147344|36147344
36147345|10008536
36147346|10008537
36147347|10008549
36147348|10008553
36147349|10008554
36147350|10008559
36147351|10008566
36147352|10031088
36147353|10031089
36147354|10031090
36147355|10031091
36147356|10031092
36147357|36147357
36147358|10035709
36147359|36147359
36147360|10054251
36147361|10008550
36147362|10008551
36147363|10008552
36147364|10008563
36147365|10008569
36147366|36147366
36147367|10047200
36147368|36147368
36147369|36147369
36147370|10067241
36147371|36147371
36147372|10000352
36147373|10000353
36147374|10000354
36147375|10031444
36147376|10029791
36147377|10039502
36147378|10039511
36147379|10039512
36147380|36147380
36147381|10003400
36147382|10031669
36147383|36147383
36147384|10065033
36147385|36147385
36147386|10004195
36147387|10009187
36147388|10009188
36147389|36147389
36147390|36147390
36147391|10021942
36147392|10021943
36147393|10032149
36147394|10032150
36147395|10032778
36147396|36147396
36147397|10005893
36147398|10005904
36147399|10011274
36147400|10011275
36147401|10019197
36147402|10019199
36147403|36147403
36147404|10024425
36147405|10027776
36147406|10027777
36147407|10034208
36147408|10034209
36147409|10034210
36147410|10034211
36147411|10034212
36147412|10034213
36147413|10034214
36147414|10034215
36147415|10034978
36147416|10037284
36147417|10037286
36147418|36147418
36147419|36147419
36147420|10001755
36147421|10050495
36147422|36147422
36147423|36147423
36147424|10003492
36147425|10003494
36147426|10051356
36147427|10051619
36147428|10066580
36147429|10003491
36147430|10003493
36147431|36147431
36147432|10022881
36147433|10035668
36147434|10035705
36147435|10048385
36147436|10059259
36147437|36147437
36147438|10003490
36147439|36147439
36147440|36147440
36147441|10005094
36147442|36147442
36147443|10005099
36147444|10024743
36147445|10066585
36147446|10005095
36147447|36147447
36147448|36147448
36147449|10005097
36147450|36147450
36147451|10066584
36147452|36147452
36147453|10003877
36147454|10027826
36147455|36147455
36147456|10004075
36147457|10007144
36147458|10027820
36147459|10034301
36147460|10034320
36147461|10043650
36147462|36147462
36147463|10007132
36147464|36147464
36147465|10007145
36147466|10027823
36147467|10028709
36147468|36147468
36147469|36147469
36147470|10052240
36147471|36147471
36147472|10054610
36147473|10007136
36147474|36147474
36147475|10007154
36147476|10007157
36147477|10007163
36147478|10008845
36147479|10027817
36147480|10027821
36147481|10027825
36147482|10027833
36147483|10027834
36147484|10031704
36147485|10043649
36147486|10043651
36147487|10049991
36147488|10054230
36147489|10066457
36147490|10066668
36147491|36147491
36147492|10050807
36147493|10007153
36147494|10007158
36147495|10018142
36147496|36147496
36147497|10027829
36147498|10027830
36147499|36147499
36147500|10007148
36147501|10022620
36147502|10022621
36147503|36147503
36147504|10027822
36147505|10027832
36147506|10007149
36147507|36147507
36147508|10009007
36147509|36147509
36147510|10027818
36147511|36147511
36147512|36147512
36147513|36147513
36147514|10007155
36147515|10007165
36147516|10027836
36147517|10027837
36147518|36147518
36147519|10064443
36147520|10064459
36147521|10007141
36147522|10007159
36147523|10007160
36147524|10011673
36147525|10027819
36147526|10027824
36147527|10027827
36147528|10027838
36147529|10040809
36147530|10043652
36147531|36147531
36147532|10013431
36147533|36147533
36147534|10042939
36147535|10042950
36147536|10049160
36147537|10060573
36147538|10064954
36147539|10007143
36147540|10007164
36147541|10027839
36147542|10038132
36147543|10043654
36147544|10046897
36147545|10046898
36147546|10046922
36147547|10047751
36147548|10047783
36147549|36147549
36147550|36147550
36147551|36147551
36147552|10009110
36147553|10009822
36147554|36147554
36147555|10009826
36147556|10032072
36147557|10036687
36147558|10036691
36147559|10037357
36147560|10037358
36147561|10037359
36147562|10066517
36147563|10066518
36147564|10067094
36147565|10067497
36147566|36147566
36147567|10009823
36147568|36147568
36147569|10066516
36147570|36147570
36147571|36147571
36147572|10067123
36147573|10006837
36147574|36147574
36147575|10011491
36147576|10011493
36147577|10044079
36147578|10064460
36147579|10066525
36147580|36147580
36147581|10011487
36147582|10011488
36147583|36147583
36147584|10027257
36147585|10066523
36147586|36147586
36147587|10011489
36147588|10011494
36147589|10035746
36147590|10037371
36147591|10066524
36147592|36147592
36147593|36147593
36147594|36147594
36147595|10003255
36147596|10003294
36147597|10003318
36147598|10003324
36147599|10003330
36147600|10003336
36147601|10003343
36147602|10003350
36147603|10003357
36147604|10003364
36147605|10003370
36147606|10003387
36147607|36147607
36147608|10051357
36147609|36147609
36147610|36147610
36147611|10049664
36147612|36147612
36147613|36147613
36147614|10011791
36147615|36147615
36147616|36147616
36147617|10017534
36147618|10021814
36147619|10021815
36147620|10021841
36147621|10030902
36147622|10031606
36147623|10032277
36147624|10049080
36147625|10058836
36147626|10067330
36147627|10049652
36147628|36147628
36147629|10012463
36147630|10012464
36147631|10012465
36147632|10012475
36147633|10012501
36147634|10012502
36147635|10017526
36147636|10017527
36147637|10017541
36147638|10017542
36147639|36147639
36147640|10032611
36147641|10040853
36147642|10050578
36147643|10058088
36147644|10067884
36147645|36147645
36147646|10017531
36147647|10017532
36147648|10018153
36147649|36147649
36147650|36147650
36147651|36147651
36147652|36147652
36147653|36147653
36147654|10017538
36147655|36147655
36147656|10027238
36147657|10027245
36147658|36147658
36147659|36147659
36147660|10025428
36147661|36147661
36147662|10028427
36147663|10028519
36147664|10053035
36147665|10053037
36147666|36147666
36147667|10001667
36147668|36147668
36147669|10035860
36147670|10043902
36147671|36147671
36147672|36147672
36147673|10055648
36147674|10012511
36147675|10017535
36147676|36147676
36147677|10028699
36147678|10028705
36147679|36147679
36147680|10039188
36147681|10043874
36147682|10049655
36147683|36147683
36147684|36147684
36147685|36147685
36147686|10021807
36147687|36147687
36147688|10035700
36147689|10035711
36147690|36147690
36147691|10028516
36147692|36147692
36147693|36147693
36147694|36147694
36147695|36147695
36147696|36147696
36147697|36147697
36147698|36147698
36147699|36147699
36147700|10042941
36147701|10052365
36147702|36147702
36147703|10062642
36147704|36147704
36147705|10053034
36147706|36147706
36147707|36147707
36147708|10053422
36147709|36147709
36147710|10053534
36147711|10053535
36147712|10068185
36147713|10051692
36147714|36147714
36147715|36147715
36147716|10059876
36147717|36147717
36147718|10046923
36147719|10046945
36147720|10046946
36147721|10046962
36147722|10048238
36147723|36147723
36147724|36147724
36147725|10048289
36147726|10048290
36147727|36147727
36147728|36147728
36147729|10020131
36147730|10020132
36147731|10020138
36147732|10020149
36147733|36147733
36147734|10020133
36147735|10000806
36147736|10008918
36147737|36147737
36147738|10020142
36147739|10020143
36147740|10020147
36147741|10020151
36147742|10020152
36147743|10020153
36147744|10021808
36147745|10021809
36147746|10021810
36147747|10021811
36147748|10021812
36147749|10021813
36147750|10021816
36147751|36147751
36147752|10013440
36147753|10020128
36147754|36147754
36147755|10020129
36147756|10020136
36147757|10020146
36147758|36147758
36147759|10033766
36147760|10033768
36147761|36147761
36147762|10066716
36147763|10035658
36147764|10063110
36147765|36147765
36147766|10066723
36147767|10034184
36147768|10035659
36147769|10035661
36147770|10035662
36147771|10051460
36147772|36147772
36147773|10066722
36147774|10037103
36147775|36147775
36147776|36147776
36147777|36147777
36147778|36147778
36147779|10025248
36147780|10041733
36147781|10041735
36147782|36147782
36147783|10041737
36147784|36147784
36147785|36147785
36147786|10012506
36147787|10012515
36147788|10039185
36147789|10043867
36147790|10012095
36147791|36147791
36147792|10012505
36147793|10012512
36147794|10012516
36147795|36147795
36147796|36147796
36147797|36147797
36147798|10012513
36147799|10012514
36147800|10016269
36147801|10039189
36147802|10039522
36147803|36147803
36147804|10012508
36147805|10012509
36147806|10018739
36147807|10039187
36147808|36147808
36147809|10053041
36147810|10064901
36147811|36147811
36147812|36147812
36147813|10039184
36147814|10043864
36147815|10043869
36147816|10043872
36147817|36147817
36147818|10012510
36147819|36147819
36147820|36147820
36147821|10003621
36147822|10012507
36147823|10016978
36147824|10039186
36147825|36147825
36147826|10050194
36147827|10053036
36147828|10067612
36147829|10035117
36147830|10043875
36147831|10054117
36147832|36147832
36147833|10056227
36147834|10057350
36147835|10049586
36147836|10049619
36147837|10049621
36147838|10061388
36147839|36147839
36147840|36147840
36147841|10014102
36147842|36147842
36147843|10003258
36147844|10003290
36147845|10003317
36147846|10003323
36147847|10003329
36147848|10003335
36147849|10003342
36147850|10003349
36147851|10003356
36147852|10003362
36147853|10003363
36147854|10003369
36147855|10003386
36147856|36147856
36147857|36147857
36147858|36147858
36147859|36147859
36147860|36147860
36147861|36147861
36147862|36147862
36147863|36147863
36147864|36147864
36147865|10065332
36147866|36147866
36147867|36147867
36147868|36147868
36147869|10013617
36147870|36147870
36147871|36147871
36147872|10011675
36147873|36147873
36147874|36147874
36147875|10021848
36147876|36147876
36147877|10003259
36147878|10003293
36147879|10003300
36147880|10003320
36147881|10003326
36147882|10003332
36147883|10003339
36147884|10003345
36147885|10003352
36147886|10003359
36147887|10003366
36147888|10003372
36147889|10003389
36147890|10021915
36147891|10023216
36147892|10036335
36147893|10036336
36147894|10036337
36147895|10036338
36147896|10036339
36147897|10036340
36147898|10036341
36147899|10036342
36147900|10036343
36147901|10036344
36147902|10036345
36147903|10042017
36147904|10045948
36147905|10045949
36147906|10045950
36147907|10045951
36147908|10045952
36147909|10045953
36147910|10045954
36147911|10045955
36147912|10045956
36147913|10045957
36147914|10045958
36147915|10057231
36147916|36147916
36147917|10006379
36147918|10067288
36147919|36147919
36147920|10006812
36147921|10040065
36147922|36147922
36147923|36147923
36147924|10058301
36147925|36147925
36147926|10062691
36147927|36147927
36147928|10005977
36147929|10020101
36147930|10031052
36147931|36147931
36147932|10031259
36147933|10031263
36147934|10032135
36147935|10032136
36147936|10032137
36147937|10032138
36147938|10032139
36147939|10032140
36147940|10032141
36147941|10032142
36147942|10032143
36147943|10032144
36147944|10032145
36147945|10032146
36147946|10032147
36147947|10045927
36147948|10045928
36147949|10045929
36147950|10045930
36147951|10045931
36147952|10045932
36147953|10045933
36147954|10045934
36147955|10045935
36147956|10045936
36147957|10045937
36147958|10046076
36147959|10046077
36147960|10046078
36147961|10046079
36147962|10046080
36147963|10046081
36147964|10046082
36147965|10046083
36147966|10046084
36147967|10046085
36147968|10046086
36147969|10061017
36147970|10061562
36147971|10064657
36147972|10066711
36147973|10066712
36147974|10000959
36147975|10000960
36147976|10000961
36147977|10000962
36147978|10000963
36147979|10000964
36147980|10000965
36147981|10000966
36147982|10000967
36147983|10000968
36147984|10000969
36147985|10001098
36147986|36147986
36147987|10031254
36147988|10009081
36147989|10009082
36147990|10009083
36147991|10009084
36147992|10009085
36147993|10009086
36147994|10009087
36147995|10009088
36147996|10009089
36147997|10009090
36147998|10009091
36147999|36147999
36148000|10031257
36148001|10050406
36148002|10055054
36148003|36148003
36148004|36148004
36148005|36148005
36148006|10000275
36148007|10000290
36148008|10000291
36148009|10000292
36148010|10000293
36148011|10000294
36148012|36148012
36148013|36148013
36148014|10006226
36148015|36148015
36148016|10006260
36148017|10021806
36148018|10021900
36148019|10031423
36148020|10031424
36148021|10031425
36148022|10032006
36148023|10032768
36148024|10032769
36148025|10032770
36148026|10045565
36148027|10045566
36148028|10045567
36148029|10045938
36148030|10045939
36148031|10045940
36148032|10000854
36148033|10008996
36148034|36148034
36148035|10026884
36148036|10026885
36148037|10026886
36148038|10026887
36148039|10026888
36148040|10029658
36148041|10037278
36148042|10057722
36148043|10058495
36148044|36148044
36148045|10029654
36148046|10029655
36148047|10029656
36148048|10029657
36148049|10029659
36148050|10036403
36148051|10037291
36148052|10057721
36148053|10057723
36148054|10021782
36148055|10021852
36148056|10021896
36148057|10021897
36148058|10021898
36148059|10021899
36148060|36148060
36148061|10029420
36148062|36148062
36148063|36148063
36148064|10006106
36148065|10022755
36148066|36148066
36148067|10000277
36148068|10009708
36148069|10022756
36148070|10022757
36148071|10023991
36148072|36148072
36148073|10051291
36148074|10051551
36148075|36148075
36148076|36148076
36148077|36148077
36148078|10014594
36148079|10014595
36148080|10014621
36148081|10032031
36148082|10036381
36148083|10057235
36148084|36148084
36148085|36148085
36148086|10066379
36148087|36148087
36148088|36148088
36148089|10015010
36148090|10015768
36148091|36148091
36148092|36148092
36148093|10041542
36148094|10008999
36148095|36148095
36148096|10027223
36148097|10027224
36148098|10027251
36148099|10027252
36148100|10027263
36148101|10053638
36148102|10003458
36148103|36148103
36148104|10029660
36148105|10057724
36148106|10028960
36148107|36148107
36148108|36148108
36148109|10065185
36148110|36148110
36148111|36148111
36148112|36148112
36148113|36148113
36148114|36148114
36148115|36148115
36148116|36148116
36148117|10000229
36148118|10021767
36148119|10021768
36148120|10040056
36148121|10001968
36148122|10021844
36148123|10021845
36148124|10021846
36148125|10021847
36148126|36148126
36148127|10000274
36148128|10000289
36148129|36148129
36148130|36148130
36148131|10008324
36148132|10008330
36148133|10008331
36148134|10014690
36148135|10058304
36148136|10062531
36148137|10065280
36148138|36148138
36148139|36148139
36148140|10014794
36148141|10014795
36148142|10058498
36148143|36148143
36148144|10014796
36148145|36148145
36148146|36148146
36148147|10050348
36148148|10061565
36148149|10061571
36148150|36148150
36148151|10021776
36148152|36148152
36148153|36148153
36148154|10052860
36148155|10055962
36148156|36148156
36148157|36148157
36148158|36148158
36148159|36148159
36148160|36148160
36148161|36148161
36148162|10000978
36148163|10009068
36148164|36148164
36148165|10051236
36148166|10068899
36148167|10013114
36148168|10021965
36148169|10021985
36148170|10021986
36148171|10032779
36148172|10034253
36148173|36148173
36148174|10034257
36148175|10035006
36148176|10035007
36148177|10045962
36148178|10018177
36148179|10036247
36148180|36148180
36148181|36148181
36148182|10001061
36148183|10001062
36148184|10009132
36148185|10009133
36148186|10020531
36148187|10037657
36148188|36148188
36148189|10039454
36148190|10039455
36148191|10039456
36148192|10039461
36148193|10039462
36148194|10066272
36148195|10001317
36148196|10046762
36148197|36148197
36148198|10052466
36148199|36148199
36148200|10034690
36148201|36148201
36148202|10045471
36148203|10049665
36148204|36148204
36148205|10050447
36148206|36148206
36148207|36148207
36148208|10001107
36148209|10029562
36148210|36148210
36148211|10046915
36148212|10046950
36148213|10049616
36148214|10054191
36148215|10063128
36148216|10000308
36148217|10005930
36148218|10031443
36148219|36148219
36148220|10047740
36148221|10001110
36148222|10009163
36148223|10023535
36148224|36148224
36148225|10055121
36148226|10056308
36148227|10065772
36148228|10046951
36148229|10046952
36148230|10046953
36148231|36148231
36148232|10047797
36148233|10047798
36148234|10048408
36148235|36148235
36148236|10000287
36148237|36148237
36148238|10068398
36148239|10068413
36148240|10000298
36148241|10000307
36148242|10016959
36148243|36148243
36148244|10050477
36148245|10050481
36148246|36148246
36148247|36148247
36148248|10003403
36148249|10003404
36148250|10031670
36148251|10032523
36148252|10032524
36148253|36148253
36148254|36148254
36148255|10021540
36148256|10021793
36148257|10021794
36148258|10021795
36148259|10021796
36148260|10021797
36148261|10021798
36148262|10021799
36148263|10021800
36148264|10021801
36148265|10021802
36148266|10057561
36148267|36148267
36148268|10065011
36148269|36148269
36148270|10014571
36148271|10014572
36148272|10014573
36148273|10066561
36148274|36148274
36148275|36148275
36148276|36148276
36148277|36148277
36148278|10053577
36148279|36148279
36148280|36148280
36148281|36148281
36148282|36148282
36148283|10022404
36148284|10022405
36148285|10022406
36148286|10022408
36148287|10022410
36148288|10022411
36148289|10022412
36148290|10022414
36148291|10022416
36148292|10022418
36148293|10022420
36148294|10022423
36148295|10057257
36148296|10057708
36148297|10057709
36148298|10057710
36148299|10057711
36148300|36148300
36148301|36148301
36148302|10018113
36148303|10018114
36148304|10018115
36148305|10018116
36148306|10018117
36148307|10021765
36148308|10021766
36148309|36148309
36148310|10021791
36148311|10021792
36148312|10021820
36148313|10021828
36148314|10021830
36148315|10021832
36148316|10021838
36148317|10021842
36148318|10021858
36148319|10021861
36148320|10021903
36148321|10023994
36148322|10023996
36148323|10024017
36148324|10031575
36148325|10031639
36148326|10032133
36148327|10032477
36148328|10032478
36148329|10032479
36148330|10032480
36148331|10032771
36148332|10032772
36148333|10032773
36148334|10032774
36148335|10032775
36148336|10032776
36148337|10032777
36148338|10045568
36148339|10045569
36148340|10045941
36148341|10045942
36148342|10045943
36148343|10045944
36148344|10045945
36148345|10045946
36148346|10045947
36148347|10051853
36148348|10051855
36148349|10056136
36148350|10056137
36148351|10056138
36148352|10062158
36148353|10064904
36148354|10067860
36148355|10068163
36148356|36148356
36148357|10033914
36148358|10065086
36148359|10021685
36148360|10021686
36148361|10021788
36148362|10021865
36148363|36148363
36148364|10021771
36148365|10021774
36148366|10021785
36148367|10021786
36148368|10021817
36148369|10021835
36148370|36148370
36148371|10031633
36148372|10031644
36148373|10051053
36148374|10062469
36148375|36148375
36148376|10056516
36148377|10057483
36148378|10021831
36148379|10021901
36148380|10028948
36148381|10032134
36148382|10034511
36148383|36148383
36148384|36148384
36148385|36148385
36148386|36148386
36148387|10030307
36148388|10065049
36148389|36148389
36148390|10002737
36148391|10004052
36148392|10021843
36148393|10028152
36148394|36148394
36148395|10038637
36148396|10068294
36148397|10068750
36148398|10068751
36148399|36148399
36148400|36148400
36148401|36148401
36148402|10036405
36148403|10049425
36148404|10059052
36148405|10059428
36148406|36148406
36148407|10051178
36148408|36148408
36148409|10059086
36148410|10021790
36148411|10036290
36148412|36148412
36148413|10053562
36148414|10056641
36148415|10059055
36148416|10064505
36148417|10066432
36148418|10037567
36148419|36148419
36148420|10021863
36148421|10038133
36148422|10038700
36148423|10039249
36148424|10046143
36148425|10049083
36148426|36148426
36148427|10066740
36148428|10031662
36148429|10032396
36148430|10032937
36148431|10033022
36148432|10033023
36148433|10033025
36148434|10033026
36148435|10033027
36148436|10033028
36148437|36148437
36148438|10040492
36148439|10047173
36148440|10047198
36148441|10047199
36148442|10068720
36148443|36148443
36148444|10036287
36148445|36148445
36148446|10021864
36148447|10027528
36148448|10027531
36148449|36148449
36148450|36148450
36148451|10043842
36148452|10042852
36148453|36148453
36148454|10044249
36148455|36148455
36148456|10051369
36148457|10051370
36148458|36148458
36148459|36148459
36148460|36148460
36148461|10036317
36148462|10036431
36148463|36148463
36148464|10048039
36148465|36148465
36148466|10048284
36148467|36148467
36148468|10006446
36148469|10069077
36148470|10069081
36148471|10000687
36148472|10000688
36148473|10000743
36148474|10000744
36148475|10000950
36148476|10003568
36148477|36148477
36148478|10006452
36148479|10006453
36148480|10006461
36148481|10006462
36148482|10023884
36148483|10023898
36148484|10044308
36148485|10044309
36148486|10047928
36148487|10049112
36148488|10055078
36148489|10065682
36148490|10068550
36148491|10006441
36148492|36148492
36148493|10006470
36148494|10006471
36148495|10052110
36148496|10066692
36148497|36148497
36148498|10021917
36148499|10029978
36148500|36148500
36148501|36148501
36148502|10024739
36148503|10035721
36148504|10008477
36148505|10024964
36148506|10024965
36148507|36148507
36148508|10024969
36148509|10024986
36148510|10059607
36148511|10000301
36148512|10000302
36148513|36148513
36148514|10025030
36148515|10048847
36148516|10048859
36148517|10049603
36148518|36148518
36148519|10000303
36148520|36148520
36148521|36148521
36148522|36148522
36148523|10053610
36148524|10053611
36148525|10051167
36148526|36148526
36148527|10035621
36148528|36148528
36148529|10010120
36148530|10028161
36148531|36148531
36148532|10035675
36148533|10035686
36148534|10035707
36148535|10035710
36148536|10035725
36148537|10035739
36148538|10039067
36148539|10048382
36148540|10052596
36148541|10058686
36148542|10059106
36148543|10059347
36148544|10059406
36148545|10062313
36148546|10065153
36148547|10066724
36148548|10066727
36148549|10049271
36148550|36148550
36148551|36148551
36148552|36148552
36148553|10036679
36148554|10047811
36148555|36148555
36148556|36148556
36148557|10014570
36148558|10037381
36148559|36148559
36148560|36148560
36148561|36148561
36148562|36148562
36148563|36148563
36148564|36148564
36148565|10021775
36148566|10000731
36148567|10008866
36148568|10015005
36148569|10015008
36148570|36148570
36148571|10031065
36148572|10031066
36148573|10031067
36148574|10031069
36148575|10031070
36148576|10032362
36148577|10032847
36148578|10062591
36148579|10000281
36148580|10005924
36148581|36148581
36148582|10034298
36148583|10034306
36148584|36148584
36148585|36148585
36148586|10000304
36148587|36148587
36148588|36148588
36148589|10056746
36148590|10039752
36148591|36148591
36148592|36148592
36148593|36148593
36148594|36148594
36148595|10008222
36148596|36148596
36148597|36148597
36148598|36148598
36148599|36148599
36148600|36148600
36148601|10057625
36148602|36148602
36148603|10016229
36148604|10017068
36148605|10027164
36148606|36148606
36148607|10028886
36148608|10055643
36148609|10055647
36148610|36148610
36148611|36148611
36148612|36148612
36148613|36148613
36148614|10064977
36148615|36148615
36148616|36148616
36148617|10003998
36148618|10003999
36148619|10045641
36148620|10045642
36148621|10054227
36148622|10054228
36148623|10060562
36148624|10063444
36148625|10063447
36148626|10032465
36148627|10040074
36148628|10040075
36148629|10040076
36148630|10040078
36148631|10040090
36148632|10040092
36148633|10040094
36148634|10053022
36148635|36148635
36148636|10054609
36148637|10054611
36148638|10054612
36148639|10060413
36148640|36148640
36148641|10044128
36148642|10044131
36148643|10059853
36148644|10059857
36148645|36148645
36148646|10058880
36148647|36148647
36148648|10067417
36148649|36148649
36148650|36148650
36148651|10017544
36148652|10051080
36148653|36148653
36148654|36148654
36148655|36148655
36148656|10025472
36148657|10025473
36148658|10025474
36148659|10025475
36148660|36148660
36148661|10037298
36148662|10040052
36148663|36148663
36148664|10021867
36148665|10032890
36148666|10032891
36148667|10037583
36148668|10037609
36148669|36148669
36148670|10040050
36148671|10040053
36148672|10040072
36148673|10040082
36148674|10040089
36148675|10046161
36148676|10059281
36148677|10059291
36148678|10060437
36148679|36148679
36148680|10053596
36148681|10053597
36148682|10053598
36148683|10053599
36148684|10053600
36148685|10014518
36148686|10029926
36148687|10029927
36148688|10029928
36148689|10029929
36148690|10029930
36148691|10029931
36148692|10040066
36148693|36148693
36148694|36148694
36148695|36148695
36148696|36148696
36148697|10056648
36148698|10040071
36148699|36148699
36148700|36148700
36148701|10040580
36148702|10040069
36148703|10042589
36148704|36148704
36148705|10043594
36148706|36148706
36148707|10046231
36148708|10046237
36148709|10047431
36148710|10047432
36148711|10047433
36148712|10047434
36148713|10054688
36148714|10054689
36148715|10054690
36148716|10054691
36148717|36148717
36148718|36148718
36148719|10000271
36148720|36148720
36148721|36148721
36148722|10037572
36148723|36148723
36148724|10005193
36148725|10005195
36148726|10005197
36148727|10005199
36148728|10005201
36148729|10005203
36148730|10005206
36148731|10005208
36148732|10005210
36148733|10005213
36148734|10056783
36148735|36148735
36148736|36148736
36148737|10007248
36148738|10007249
36148739|10007250
36148740|10007251
36148741|10007252
36148742|10007253
36148743|10007254
36148744|10007255
36148745|10007256
36148746|10007257
36148747|10007258
36148748|10007259
36148749|10007260
36148750|36148750
36148751|10012486
36148752|10065991
36148753|36148753
36148754|36148754
36148755|36148755
36148756|10021773
36148757|10021916
36148758|10032148
36148759|10037574
36148760|10049706
36148761|36148761
36148762|10015147
36148763|10005914
36148764|10005915
36148765|10005919
36148766|10005920
36148767|10005921
36148768|10005922
36148769|10005923
36148770|10005925
36148771|10005926
36148772|10005927
36148773|10005928
36148774|10005929
36148775|10017064
36148776|36148776
36148777|10017554
36148778|10017555
36148779|10017556
36148780|10017557
36148781|36148781
36148782|10021533
36148783|10021535
36148784|10037862
36148785|10039842
36148786|36148786
36148787|36148787
36148788|10059788
36148789|36148789
36148790|10058536
36148791|36148791
36148792|36148792
36148793|10021781
36148794|10028687
36148795|36148795
36148796|10049275
36148797|36148797
36148798|10016378
36148799|10021777
36148800|10021833
36148801|10030333
36148802|10030334
36148803|10030335
36148804|36148804
36148805|10059850
36148806|10059856
36148807|10063010
36148808|36148808
36148809|10000316
36148810|10035041
36148811|36148811
36148812|10035044
36148813|10035045
36148814|10035046
36148815|10050627
36148816|10068314
36148817|10004090
36148818|36148818
36148819|10067169
36148820|10002090
36148821|10036729
36148822|36148822
36148823|10037633
36148824|10037576
36148825|10037577
36148826|10037578
36148827|10037579
36148828|36148828
36148829|10037900
36148830|10037902
36148831|10047380
36148832|10047382
36148833|10069138
36148834|10038142
36148835|36148835
36148836|10040875
36148837|36148837
36148838|10067883
36148839|10068021
36148840|36148840
36148841|10015578
36148842|10024768
36148843|10032211
36148844|10032798
36148845|36148845
36148846|10040873
36148847|10040874
36148848|10045995
36148849|10058023
36148850|10067882
36148851|10049582
36148852|36148852
36148853|10000296
36148854|10000309
36148855|10000320
36148856|10003870
36148857|10016041
36148858|10037283
36148859|10040783
36148860|10040784
36148861|36148861
36148862|10049050
36148863|10052588
36148864|10020041
36148865|36148865
36148866|36148866
36148867|10000741
36148868|10000750
36148869|10000858
36148870|36148870
36148871|10001077
36148872|10001078
36148873|10001079
36148874|10001080
36148875|10001081
36148876|10001083
36148877|10031472
36148878|10040754
36148879|10065935
36148880|36148880
36148881|10001094
36148882|10044009
36148883|10050547
36148884|10008871
36148885|10008877
36148886|10008998
36148887|36148887
36148888|10009138
36148889|10009139
36148890|10009140
36148891|10009141
36148892|10009145
36148893|10031748
36148894|10040755
36148895|10046164
36148896|36148896
36148897|10044010
36148898|10000732
36148899|10000734
36148900|36148900
36148901|10015032
36148902|10061566
36148903|10000733
36148904|36148904
36148905|10000823
36148906|10008940
36148907|36148907
36148908|10023875
36148909|10023876
36148910|10023877
36148911|10023878
36148912|10023879
36148913|10000828
36148914|36148914
36148915|10000283
36148916|10005916
36148917|36148917
36148918|10028721
36148919|36148919
36148920|10028782
36148921|10047394
36148922|10000937
36148923|10000938
36148924|10007774
36148925|10007775
36148926|10009021
36148927|10009851
36148928|10009867
36148929|10010106
36148930|10010107
36148931|10016283
36148932|10019192
36148933|10028728
36148934|36148934
36148935|10037669
36148936|10067475
36148937|10000315
36148938|36148938
36148939|10034688
36148940|10037737
36148941|10057568
36148942|36148942
36148943|10033886
36148944|10033887
36148945|10038958
36148946|10038960
36148947|10038984
36148948|36148948
36148949|36148949
36148950|36148950
36148951|10067118
36148952|36148952
36148953|10009023
36148954|10009129
36148955|10009130
36148956|10011214
36148957|10011215
36148958|10011216
36148959|10021921
36148960|10029799
36148961|10038208
36148962|36148962
36148963|10039084
36148964|10039089
36148965|10039092
36148966|10039093
36148967|10050088
36148968|10056749
36148969|10056752
36148970|10056753
36148971|10059827
36148972|10066743
36148973|36148973
36148974|36148974
36148975|36148975
36148976|10059725
36148977|10040745
36148978|36148978
36148979|10040756
36148980|10049682
36148981|10052106
36148982|10056475
36148983|10065770
36148984|10066655
36148985|10021787
36148986|36148986
36148987|10044011
36148988|10044012
36148989|10058103
36148990|10000824
36148991|10000825
36148992|10000827
36148993|10000829
36148994|10001095
36148995|10001097
36148996|10008941
36148997|10008942
36148998|10023882
36148999|10023883
36149000|10023894
36149001|10023895
36149002|10023896
36149003|36149003
36149004|10044303
36149005|10001096
36149006|36149006
36149007|36149007
36149008|10066672
36149009|36149009
36149010|36149010
36149011|10001101
36149012|10001102
36149013|10001103
36149014|10001104
36149015|10021871
36149016|10046299
36149017|10046300
36149018|36149018
36149019|10046307
36149020|10046499
36149021|10046733
36149022|10046734
36149023|10066679
36149024|10000698
36149025|10000699
36149026|10005047
36149027|10005048
36149028|36149028
36149029|10011782
36149030|10011783
36149031|10011784
36149032|10011785
36149033|10011795
36149034|10011798
36149035|10011802
36149036|10021805
36149037|10032924
36149038|10032925
36149039|10069027
36149040|36149040
36149041|10018190
36149042|10021889
36149043|10021890
36149044|10021891
36149045|10021892
36149046|10021893
36149047|10021894
36149048|36149048
36149049|10000822
36149050|10008939
36149051|10021850
36149052|10021851
36149053|10021895
36149054|36149054
36149055|10023425
36149056|10023426
36149057|10023427
36149058|10023428
36149059|10023429
36149060|10000313
36149061|10034435
36149062|10034436
36149063|36149063
36149064|36149064
36149065|10032441
36149066|10037584
36149067|10037585
36149068|36149068
36149069|10037604
36149070|10037605
36149071|10037606
36149072|10063029
36149073|10001031
36149074|10001032
36149075|10001033
36149076|10001034
36149077|10001035
36149078|10037586
36149079|36149079
36149080|10037598
36149081|10037599
36149082|10037600
36149083|10009116
36149084|10009117
36149085|10009118
36149086|36149086
36149087|10037602
36149088|10063631
36149089|36149089
36149090|10037654
36149091|10000286
36149092|10023394
36149093|36149093
36149094|10038352
36149095|10038358
36149096|36149096
36149097|10051347
36149098|10058706
36149099|36149099
36149100|36149100
36149101|10055086
36149102|10034440
36149103|10034441
36149104|36149104
36149105|10068722
36149106|36149106
36149107|10046468
36149108|36149108
36149109|10046475
36149110|10046476
36149111|10029398
36149112|10029545
36149113|10029590
36149114|10029591
36149115|10029810
36149116|10032307
36149117|10032935
36149118|10033018
36149119|10036257
36149120|10046047
36149121|36149121
36149122|10046481
36149123|10046487
36149124|10046488
36149125|10046492
36149126|10047201
36149127|10052298
36149128|10057715
36149129|10057747
36149130|10059855
36149131|10060739
36149132|36149132
36149133|36149133
36149134|10009160
36149135|10021872
36149136|10024981
36149137|10038140
36149138|10038141
36149139|10046544
36149140|36149140
36149141|10046574
36149142|10046576
36149143|10046848
36149144|10046849
36149145|36149145
36149146|10046575
36149147|10051596
36149148|36149148
36149149|10055154
36149150|36149150
36149151|36149151
36149152|10055139
36149153|36149153
36149154|36149154
36149155|10055368
36149156|36149156
36149157|36149157
36149158|36149158
36149159|36149159
36149160|36149160
36149161|10003753
36149162|36149162
36149163|10062999
36149164|10066016
36149165|10011662
36149166|10013117
36149167|10028441
36149168|10032828
36149169|10037372
36149170|10045762
36149171|36149171
36149172|36149172
36149173|10021840
36149174|36149174
36149175|10058807
36149176|10066629
36149177|36149177
36149178|36149178
36149179|36149179
36149180|36149180
36149181|36149181
36149182|36149182
36149183|10066290
36149184|36149184
36149185|10006030
36149186|10006031
36149187|36149187
36149188|10021701
36149189|36149189
36149190|10024228
36149191|10028449
36149192|10019138
36149193|36149193
36149194|10024231
36149195|10024232
36149196|10028451
36149197|10032790
36149198|10028450
36149199|36149199
36149200|10044730
36149201|10028457
36149202|10031157
36149203|10036460
36149204|10039353
36149205|10043150
36149206|10043161
36149207|10044870
36149208|10044871
36149209|10044872
36149210|10044873
36149211|10044874
36149212|10044875
36149213|10044876
36149214|10044877
36149215|10044902
36149216|10044903
36149217|10044904
36149218|10044905
36149219|10044906
36149220|10044907
36149221|10044908
36149222|10044909
36149223|10044915
36149224|10044933
36149225|10044934
36149226|10044935
36149227|10044936
36149228|10044937
36149229|10044938
36149230|10044939
36149231|10044940
36149232|10044943
36149233|10044948
36149234|10044982
36149235|10045015
36149236|10045016
36149237|10045017
36149238|10045018
36149239|10045019
36149240|10045020
36149241|10045021
36149242|10045022
36149243|10045046
36149244|10045137
36149245|36149245
36149246|10004188
36149247|36149247
36149248|36149248
36149249|10028454
36149250|10040939
36149251|10044973
36149252|10044974
36149253|10044975
36149254|10044976
36149255|10044977
36149256|10044978
36149257|10044979
36149258|10044980
36149259|10000862
36149260|10000863
36149261|10000864
36149262|10000865
36149263|10000866
36149264|10000867
36149265|10000868
36149266|10000869
36149267|10013452
36149268|36149268
36149269|10027629
36149270|10027630
36149271|10027631
36149272|10027632
36149273|10028455
36149274|10032813
36149275|10032814
36149276|10032815
36149277|10032816
36149278|10032817
36149279|10032818
36149280|10032819
36149281|10032820
36149282|10046010
36149283|10046011
36149284|10046012
36149285|10046013
36149286|10046014
36149287|10046015
36149288|10046016
36149289|10046017
36149290|10066670
36149291|10014998
36149292|36149292
36149293|10028456
36149294|10043152
36149295|10044803
36149296|10044804
36149297|10044805
36149298|10044806
36149299|10044807
36149300|10044808
36149301|10044809
36149302|10044810
36149303|10044932
36149304|10044949
36149305|10044950
36149306|10044951
36149307|10044952
36149308|10044953
36149309|10044954
36149310|10044955
36149311|10044956
36149312|36149312
36149313|10066675
36149314|10016394
36149315|10044827
36149316|10044916
36149317|10044917
36149318|10044918
36149319|10044919
36149320|10044920
36149321|10044921
36149322|10044922
36149323|10044923
36149324|10045088
36149325|10045089
36149326|10045090
36149327|10045091
36149328|10045092
36149329|10045093
36149330|10045094
36149331|10045095
36149332|36149332
36149333|10005933
36149334|10024000
36149335|10044784
36149336|10044785
36149337|10044829
36149338|10044830
36149339|10044831
36149340|10044832
36149341|10044833
36149342|10044834
36149343|10044835
36149344|10044836
36149345|10044862
36149346|10044863
36149347|10044864
36149348|10044865
36149349|10044866
36149350|10044867
36149351|10044868
36149352|10044869
36149353|10044941
36149354|10044942
36149355|10044944
36149356|10044945
36149357|10044946
36149358|10044947
36149359|10044999
36149360|10045000
36149361|10045001
36149362|10045002
36149363|10045003
36149364|10045004
36149365|10045005
36149366|10045006
36149367|36149367
36149368|36149368
36149369|36149369
36149370|10025507
36149371|10044924
36149372|10044925
36149373|10044926
36149374|10044927
36149375|10044928
36149376|10044929
36149377|10044930
36149378|10044931
36149379|36149379
36149380|10027190
36149381|36149381
36149382|10028459
36149383|10043155
36149384|10045080
36149385|10045081
36149386|10045082
36149387|10045083
36149388|10045084
36149389|10045085
36149390|10045086
36149391|10045087
36149392|36149392
36149393|36149393
36149394|10023061
36149395|10023062
36149396|10023063
36149397|10023064
36149398|10023065
36149399|10023066
36149400|10023067
36149401|10023068
36149402|10028462
36149403|10028463
36149404|10032444
36149405|10032445
36149406|10032866
36149407|10032867
36149408|10032868
36149409|10032869
36149410|10032870
36149411|10032871
36149412|10032872
36149413|10032873
36149414|10032874
36149415|10032875
36149416|10032876
36149417|10032877
36149418|10032878
36149419|10032879
36149420|10032880
36149421|10032881
36149422|10034980
36149423|10036728
36149424|10037306
36149425|10037307
36149426|10037435
36149427|36149427
36149428|10037441
36149429|10037442
36149430|10037443
36149431|10037991
36149432|10044786
36149433|10044787
36149434|10044788
36149435|10044789
36149436|10044790
36149437|10044791
36149438|10044792
36149439|10044793
36149440|10044878
36149441|10044879
36149442|10044880
36149443|10044881
36149444|10044882
36149445|10044883
36149446|10044884
36149447|10044885
36149448|10044886
36149449|10044887
36149450|10044888
36149451|10044889
36149452|10044890
36149453|10044891
36149454|10044892
36149455|10044893
36149456|10044894
36149457|10044895
36149458|10044896
36149459|10044897
36149460|10044898
36149461|10044899
36149462|10044900
36149463|10044901
36149464|10045024
36149465|10045047
36149466|10045048
36149467|10045049
36149468|10045050
36149469|10045051
36149470|10045052
36149471|10045053
36149472|10045054
36149473|10045055
36149474|10045064
36149475|10045065
36149476|10045066
36149477|10045067
36149478|10045068
36149479|10045069
36149480|10045070
36149481|10045071
36149482|10045120
36149483|10045121
36149484|10045122
36149485|10045123
36149486|10045124
36149487|10045125
36149488|10045126
36149489|10045127
36149490|10045128
36149491|10045129
36149492|10045130
36149493|10045131
36149494|10045132
36149495|10045133
36149496|10045134
36149497|10045135
36149498|10046123
36149499|10046124
36149500|10046125
36149501|10046126
36149502|10046127
36149503|10046128
36149504|10046129
36149505|10046130
36149506|10066905
36149507|10028460
36149508|10038531
36149509|36149509
36149510|10044854
36149511|10044855
36149512|10044856
36149513|10044857
36149514|10044858
36149515|10044859
36149516|10044860
36149517|10044861
36149518|10028464
36149519|10039448
36149520|36149520
36149521|10043160
36149522|10045136
36149523|36149523
36149524|10044731
36149525|10044739
36149526|10044740
36149527|10044741
36149528|10044742
36149529|10044743
36149530|10044744
36149531|10044745
36149532|10044746
36149533|10044747
36149534|36149534
36149535|10009852
36149536|10021868
36149537|10021870
36149538|10023997
36149539|10023999
36149540|10024001
36149541|10028458
36149542|10028461
36149543|10030276
36149544|10032417
36149545|10032419
36149546|10032420
36149547|10032421
36149548|10032422
36149549|10032423
36149550|10032424
36149551|10036736
36149552|10036737
36149553|10036738
36149554|10036739
36149555|10036740
36149556|10036741
36149557|10036742
36149558|10036743
36149559|10036744
36149560|10036745
36149561|10036746
36149562|10036747
36149563|10036748
36149564|10036749
36149565|10036750
36149566|10036751
36149567|10036752
36149568|10043148
36149569|10043149
36149570|36149570
36149571|10044757
36149572|10044760
36149573|10044764
36149574|10044765
36149575|10044766
36149576|10044767
36149577|10044911
36149578|10044912
36149579|10044913
36149580|10044914
36149581|10045025
36149582|10045027
36149583|10045028
36149584|10056684
36149585|10066674
36149586|36149586
36149587|10044776
36149588|10044777
36149589|10044778
36149590|10044779
36149591|10044780
36149592|10044781
36149593|10044782
36149594|10044783
36149595|10023986
36149596|10032481
36149597|10032915
36149598|10032916
36149599|10032917
36149600|10032918
36149601|10032919
36149602|10032920
36149603|10032921
36149604|10032922
36149605|10044732
36149606|10044733
36149607|10044734
36149608|10044735
36149609|10044736
36149610|10044737
36149611|10044738
36149612|10044748
36149613|10044749
36149614|10044750
36149615|10044751
36149616|10044752
36149617|10044753
36149618|10044754
36149619|10044759
36149620|10044794
36149621|10044910
36149622|10044981
36149623|10045029
36149624|10045030
36149625|10045031
36149626|10045032
36149627|10045033
36149628|10045034
36149629|10045035
36149630|10045036
36149631|10045038
36149632|10045039
36149633|10045040
36149634|10045041
36149635|10045042
36149636|10045043
36149637|10045044
36149638|10045045
36149639|10045057
36149640|10045058
36149641|10045059
36149642|10045060
36149643|10045061
36149644|10045062
36149645|10045063
36149646|10046190
36149647|10046191
36149648|10046192
36149649|10046193
36149650|10046194
36149651|10046195
36149652|10046196
36149653|10046197
36149654|10046198
36149655|36149655
36149656|10018193
36149657|10023988
36149658|10044762
36149659|36149659
36149660|10044957
36149661|10044958
36149662|10044959
36149663|10044960
36149664|10044961
36149665|10044962
36149666|10044963
36149667|10044964
36149668|10045886
36149669|10045887
36149670|10045888
36149671|10045889
36149672|10045890
36149673|10045891
36149674|10045892
36149675|10045007
36149676|10045008
36149677|10045009
36149678|10045010
36149679|10045011
36149680|10045012
36149681|10045013
36149682|10045014
36149683|36149683
36149684|10043156
36149685|36149685
36149686|10045073
36149687|10045074
36149688|10045075
36149689|10045076
36149690|10045077
36149691|10045078
36149692|10045079
36149693|10032418
36149694|10043151
36149695|10043154
36149696|10043158
36149697|10045056
36149698|36149698
36149699|10045105
36149700|10045106
36149701|10045107
36149702|10045108
36149703|10045109
36149704|10045110
36149705|10045111
36149706|10045112
36149707|10045113
36149708|10045114
36149709|10045115
36149710|10045116
36149711|10045117
36149712|10045118
36149713|10045119
36149714|36149714
36149715|10004029
36149716|10028469
36149717|36149717
36149718|10028466
36149719|36149719
36149720|10028467
36149721|36149721
36149722|10028465
36149723|10028475
36149724|36149724
36149725|10028471
36149726|10028477
36149727|36149727
36149728|10028472
36149729|10028478
36149730|10035683
36149731|36149731
36149732|10028468
36149733|10028481
36149734|36149734
36149735|10028473
36149736|10028482
36149737|36149737
36149738|36149738
36149739|36149739
36149740|10046368
36149741|36149741
36149742|10000348
36149743|36149743
36149744|10062808
36149745|10001919
36149746|36149746
36149747|10001923
36149748|36149748
36149749|10001925
36149750|36149750
36149751|10001993
36149752|36149752
36149753|10063035
36149754|10028675
36149755|36149755
36149756|36149756
36149757|10011669
36149758|10011670
36149759|10011671
36149760|10011672
36149761|10011687
36149762|10011688
36149763|10011689
36149764|10011690
36149765|10012811
36149766|10013444
36149767|10023521
36149768|10024197
36149769|36149769
36149770|10024199
36149771|10024201
36149772|10023518
36149773|10023520
36149774|10024195
36149775|10028081
36149776|10028118
36149777|36149777
36149778|10054174
36149779|10023275
36149780|10023517
36149781|10023519
36149782|10024196
36149783|10024200
36149784|10036230
36149785|36149785
36149786|10054144
36149787|10054164
36149788|36149788
36149789|10014591
36149790|10014605
36149791|36149791
36149792|36149792
36149793|10037073
36149794|36149794
36149795|36149795
36149796|36149796
36149797|10039503
36149798|10014610
36149799|10027284
36149800|10044270
36149801|10044271
36149802|36149802
36149803|10066669
36149804|36149804
36149805|10035752
36149806|10035756
36149807|36149807
36149808|10028256
36149809|36149809
36149810|10044273
36149811|10044274
36149812|10044275
36149813|10054155
36149814|10066671
36149815|36149815
36149816|10044619
36149817|36149817
36149818|10044614
36149819|36149819
36149820|10044622
36149821|10044623
36149822|10044615
36149823|36149823
36149824|10033020
36149825|36149825
36149826|10046705
36149827|10044616
36149828|10044617
36149829|10045183
36149830|10046958
36149831|36149831
36149832|36149832
36149833|10001462
36149834|10017653
36149835|10039108
36149836|10041016
36149837|10043044
36149838|10043045
36149839|36149839
36149840|10007638
36149841|10008384
36149842|10008385
36149843|10008386
36149844|10008387
36149845|10043043
36149846|10044706
36149847|10066500
36149848|10027227
36149849|36149849
36149850|36149850
36149851|10044709
36149852|10044710
36149853|36149853
36149854|10004144
36149855|10004283
36149856|36149856
36149857|10007730
36149858|10007731
36149859|10054149
36149860|10054150
36149861|10039206
36149862|36149862
36149863|36149863
36149864|10011250
36149865|36149865
36149866|10037692
36149867|10067588
36149868|10014592
36149869|10014606
36149870|36149870
36149871|10014317
36149872|10014318
36149873|10014319
36149874|36149874
36149875|10020430
36149876|36149876
36149877|10032452
36149878|10032886
36149879|10032902
36149880|10039139
36149881|10039140
36149882|10041742
36149883|10043840
36149884|10043844
36149885|10043845
36149886|10043846
36149887|36149887
36149888|36149888
36149889|10039128
36149890|10057297
36149891|10029786
36149892|36149892
36149893|10039131
36149894|36149894
36149895|10039127
36149896|10039126
36149897|10039136
36149898|36149898
36149899|10039130
36149900|36149900
36149901|10014976
36149902|36149902
36149903|10024888
36149904|10039129
36149905|10057298
36149906|10028281
36149907|36149907
36149908|10039133
36149909|10006366
36149910|10006367
36149911|36149911
36149912|10039132
36149913|36149913
36149914|10044719
36149915|10033006
36149916|10045277
36149917|10045278
36149918|36149918
36149919|36149919
36149920|10057377
36149921|36149921
36149922|10001263
36149923|10001264
36149924|36149924
36149925|10001259
36149926|36149926
36149927|10029532
36149928|36149928
36149929|10035677
36149930|36149930
36149931|10014060
36149932|10014061
36149933|10014274
36149934|36149934
36149935|36149935
36149936|10047177
36149937|10047204
36149938|10047205
36149939|10047206
36149940|36149940
36149941|10047885
36149942|10047915
36149943|10047916
36149944|10050931
36149945|36149945
36149946|10066922
36149947|36149947
36149948|36149948
36149949|36149949
36149950|36149950
36149951|10010686
36149952|10011388
36149953|10011389
36149954|10011390
36149955|10060532
36149956|10060533
36149957|10060534
36149958|10007032
36149959|10007033
36149960|36149960
36149961|10023647
36149962|36149962
36149963|36149963
36149964|10003086
36149965|10019011
36149966|10055280
36149967|36149967
36149968|10023247
36149969|10055229
36149970|36149970
36149971|10025374
36149972|10055233
36149973|36149973
36149974|10023928
36149975|36149975
36149976|36149976
36149977|10011264
36149978|10031868
36149979|10032620
36149980|10041429
36149981|10006035
36149982|36149982
36149983|10011253
36149984|36149984
36149985|10027211
36149986|10009702
36149987|10009703
36149988|10011825
36149989|36149989
36149990|10011836
36149991|10058666
36149992|10064916
36149993|10064920
36149994|36149994
36149995|36149995
36149996|36149996
36149997|10051371
36149998|10049107
36149999|36149999
36150000|10058881
36150001|10060577
36150002|36150002
36150003|10011826
36150004|10011829
36150005|10014585
36150006|36150006
36150007|10066508
36150008|10011833
36150009|36150009
36150010|10035706
36150011|10066513
36150012|10014111
36150013|10014112
36150014|36150014
36150015|10027212
36150016|36150016
36150017|10007945
36150018|10032037
36150019|36150019
36150020|36150020
36150021|10027213
36150022|10027214
36150023|10027215
36150024|10027222
36150025|10027229
36150026|36150026
36150027|36150027
36150028|10065111
36150029|10065112
36150030|10065113
36150031|10014077
36150032|10014078
36150033|36150033
36150034|10015109
36150035|10066609
36150036|36150036
36150037|10014072
36150038|10014074
36150039|10055245
36150040|36150040
36150041|10026823
36150042|10026825
36150043|10055306
36150044|10012309
36150045|36150045
36150046|10012312
36150047|10012313
36150048|10055776
36150049|36150049
36150050|10023119
36150051|10023120
36150052|10023122
36150053|10023123
36150054|10003804
36150055|36150055
36150056|36150056
36150057|36150057
36150058|36150058
36150059|36150059
36150060|10030311
36150061|10039339
36150062|36150062
36150063|10056421
36150064|36150064
36150065|10041898
36150066|10053980
36150067|36150067
36150068|10065184
36150069|10042735
36150070|10046248
36150071|10046345
36150072|36150072
36150073|10048242
36150074|10048243
36150075|36150075
36150076|36150076
36150077|36150077
36150078|10062537
36150079|10062538
36150080|10062539
36150081|10019139
36150082|10019145
36150083|36150083
36150084|10001934
36150085|10019141
36150086|36150086
36150087|10019144
36150088|10056320
36150089|10019142
36150090|36150090
36150091|10055301
36150092|36150092
36150093|36150093
36150094|36150094
36150095|36150095
36150096|10039223
36150097|10050048
36150098|36150098
36150099|10018151
36150100|10019937
36150101|10019938
36150102|10019997
36150103|10020003
36150104|10020004
36150105|10032088
36150106|10054225
36150107|10065050
36150108|10019950
36150109|10058426
36150110|36150110
36150111|36150111
36150112|10020000
36150113|10020001
36150114|10040080
36150115|10054614
36150116|36150116
36150117|10019940
36150118|36150118
36150119|10019957
36150120|10019960
36150121|10019961
36150122|10019966
36150123|10019967
36150124|10019968
36150125|10019970
36150126|10020005
36150127|10048418
36150128|10063570
36150129|10066451
36150130|36150130
36150131|10019941
36150132|10019944
36150133|10019971
36150134|36150134
36150135|10020006
36150136|36150136
36150137|10019975
36150138|10019976
36150139|10019977
36150140|10019982
36150141|10019990
36150142|10019991
36150143|10019993
36150144|10019995
36150145|10040555
36150146|10046983
36150147|10067526
36150148|10063098
36150149|10064442
36150150|36150150
36150151|10019979
36150152|10019988
36150153|10019992
36150154|10019994
36150155|36150155
36150156|36150156
36150157|36150157
36150158|10066845
36150159|36150159
36150160|36150160
36150161|10019986
36150162|10027217
36150163|10027218
36150164|36150164
36150165|36150165
36150166|10019999
36150167|36150167
36150168|36150168
36150169|36150169
36150170|36150170
36150171|10046981
36150172|10055887
36150173|10062287
36150174|36150174
36150175|10008505
36150176|10008506
36150177|10008507
36150178|36150178
36150179|10046982
36150180|36150180
36150181|10067932
36150182|36150182
36150183|10016790
36150184|10016793
36150185|36150185
36150186|10022001
36150187|10022002
36150188|10022003
36150189|10022006
36150190|10022007
36150191|10042807
36150192|10052545
36150193|10022008
36150194|36150194
36150195|36150195
36150196|10027809
36150197|10027810
36150198|10066637
36150199|36150199
36150200|10028258
36150201|10028269
36150202|36150202
36150203|10028259
36150204|10028270
36150205|10027220
36150206|36150206
36150207|10028263
36150208|10028273
36150209|10004569
36150210|10009300
36150211|36150211
36150212|10028262
36150213|10028267
36150214|10028272
36150215|10028274
36150216|10028275
36150217|10028276
36150218|10028277
36150219|10065183
36150220|10015007
36150221|10028260
36150222|10028264
36150223|10028271
36150224|36150224
36150225|10028266
36150226|36150226
36150227|36150227
36150228|10029395
36150229|10029396
36150230|36150230
36150231|10011239
36150232|10011242
36150233|10011243
36150234|10018126
36150235|36150235
36150236|36150236
36150237|10001555
36150238|10027800
36150239|36150239
36150240|10041198
36150241|10047031
36150242|10046863
36150243|36150243
36150244|10054811
36150245|36150245
36150246|36150246
36150247|10063815
36150248|36150248
36150249|10052357
36150250|36150250
36150251|10023850
36150252|10020454
36150253|10033723
36150254|36150254
36150255|10063001
36150256|36150256
36150257|10034326
36150258|36150258
36150259|10059314
36150260|10010114
36150261|10010115
36150262|10016765
36150263|10022558
36150264|10029544
36150265|10032946
36150266|10033716
36150267|10033719
36150268|10033720
36150269|10033721
36150270|10033722
36150271|10035150
36150272|10035158
36150273|36150273
36150274|10047320
36150275|10047321
36150276|10047322
36150277|10047484
36150278|10047485
36150279|10047825
36150280|10047826
36150281|10047828
36150282|10047829
36150283|10058494
36150284|36150284
36150285|10046423
36150286|36150286
36150287|10047770
36150288|10047771
36150289|10047793
36150290|10052182
36150291|36150291
36150292|10067756
36150293|10068990
36150294|10011415
36150295|36150295
36150296|10048430
36150297|36150297
36150298|10049650
36150299|36150299
36150300|10035690
36150301|36150301
36150302|10006047
36150303|36150303
36150304|36150304
36150305|10010806
36150306|36150306
36150307|10053044
36150308|36150308
36150309|10033978
36150310|10037115
36150311|36150311
36150312|10015215
36150313|10016670
36150314|10034099
36150315|36150315
36150316|36150316
36150317|36150317
36150318|10039145
36150319|10000973
36150320|10000974
36150321|10000975
36150322|10000976
36150323|10000977
36150324|10006544
36150325|36150325
36150326|36150326
36150327|10000675
36150328|10000941
36150329|10000942
36150330|10000943
36150331|10000944
36150332|10000945
36150333|10001003
36150334|10001004
36150335|10001005
36150336|10001006
36150337|10001007
36150338|10001008
36150339|10001009
36150340|10001010
36150341|10001011
36150342|10001012
36150343|10001013
36150344|10001100
36150345|10036008
36150346|10036009
36150347|10036010
36150348|36150348
36150349|10036013
36150350|10036014
36150351|10036016
36150352|10057690
36150353|10057691
36150354|10057692
36150355|10057693
36150356|10057694
36150357|10048416
36150358|36150358
36150359|10055173
36150360|36150360
36150361|36150361
36150362|36150362
36150363|10062882
36150364|10065333
36150365|36150365
36150366|10036806
36150367|36150367
36150368|10009216
36150369|10009217
36150370|10011382
36150371|10011383
36150372|36150372
36150373|10023116
36150374|10023117
36150375|10055172
36150376|36150376
36150377|10023498
36150378|10032895
36150379|36150379
36150380|10041048
36150381|10046175
36150382|36150382
36150383|36150383
36150384|10037744
36150385|10053330
36150386|10035692
36150387|36150387
36150388|10067384
36150389|36150389
36150390|10039247
36150391|10052200
36150392|36150392
36150393|10066741
36150394|10001510
36150395|10001516
36150396|10001523
36150397|10012277
36150398|10020196
36150399|36150399
36150400|36150400
36150401|10003582
36150402|10003583
36150403|10007848
36150404|36150404
36150405|10007849
36150406|36150406
36150407|10007850
36150408|36150408
36150409|10020195
36150410|36150410
36150411|36150411
36150412|36150412
36150413|36150413
36150414|36150414
36150415|36150415
36150416|10051923
36150417|36150417
36150418|10020426
36150419|10020457
36150420|10020458
36150421|36150421
36150422|10060373
36150423|10060916
36150424|10001758
36150425|10014653
36150426|10021228
36150427|36150427
36150428|10023290
36150429|10023291
36150430|10023292
36150431|10023293
36150432|10023294
36150433|10023295
36150434|10023296
36150435|10023297
36150436|10023298
36150437|10028220
36150438|10028221
36150439|10028222
36150440|10055286
36150441|10055757
36150442|10055788
36150443|10055863
36150444|36150444
36150445|10032885
36150446|10038996
36150447|10038999
36150448|10046147
36150449|36150449
36150450|10019104
36150451|10020427
36150452|10020456
36150453|36150453
36150454|10060479
36150455|10067606
36150456|10039106
36150457|10039107
36150458|36150458
36150459|36150459
36150460|10003252
36150461|36150461
36150462|10014620
36150463|36150463
36150464|10018206
36150465|36150465
36150466|10039253
36150467|10039274
36150468|10039275
36150469|10039276
36150470|10039278
36150471|10039280
36150472|10039260
36150473|36150473
36150474|10039266
36150475|10039267
36150476|10039268
36150477|10039269
36150478|10039279
36150479|10039265
36150480|10039272
36150481|10039273
36150482|10039277
36150483|36150483
36150484|36150484
36150485|10027015
36150486|10027018
36150487|10027019
36150488|10027020
36150489|10027021
36150490|10027797
36150491|10039282
36150492|10039290
36150493|10056949
36150494|10064860
36150495|36150495
36150496|10035708
36150497|36150497
36150498|10035729
36150499|10036397
36150500|10057303
36150501|10003254
36150502|36150502
36150503|10003275
36150504|10003301
36150505|10003321
36150506|10003327
36150507|10003333
36150508|10003340
36150509|10003346
36150510|10003353
36150511|10003360
36150512|10003367
36150513|10003373
36150514|10003390
36150515|10047436
36150516|10000686
36150517|36150517
36150518|10001109
36150519|10006454
36150520|36150520
36150521|10061735
36150522|36150522
36150523|10007964
36150524|10032303
36150525|10032831
36150526|10032832
36150527|10046046
36150528|36150528
36150529|36150529
36150530|10024047
36150531|10025266
36150532|10025267
36150533|10027219
36150534|10029531
36150535|10051905
36150536|36150536
36150537|36150537
36150538|36150538
36150539|10003410
36150540|10014593
36150541|36150541
36150542|10014613
36150543|10024002
36150544|10027987
36150545|10027988
36150546|10032822
36150547|10032903
36150548|10043847
36150549|10043848
36150550|10047439
36150551|10047440
36150552|36150552
36150553|36150553
36150554|10003405
36150555|10003406
36150556|10003407
36150557|10003408
36150558|10019012
36150559|10019015
36150560|10019606
36150561|10027985
36150562|10027986
36150563|10032525
36150564|10032526
36150565|10032993
36150566|10032994
36150567|10055281
36150568|36150568
36150569|36150569
36150570|10023881
36150571|10047467
36150572|36150572
36150573|36150573
36150574|10027221
36150575|10027230
36150576|36150576
36150577|10027262
36150578|10032945
36150579|10046236
36150580|10047469
36150581|36150581
36150582|36150582
36150583|36150583
36150584|36150584
36150585|36150585
36150586|10035688
36150587|10035689
36150588|36150588
36150589|10035738
36150590|10047474
36150591|10047475
36150592|10026978
36150593|10028414
36150594|10036320
36150595|10036321
36150596|10036322
36150597|10036323
36150598|10039246
36150599|36150599
36150600|36150600
36150601|10049410
36150602|36150602
36150603|36150603
36150604|36150604
36150605|36150605
36150606|36150606
36150607|36150607
36150608|36150608
36150609|36150609
36150610|10059348
36150611|10003409
36150612|10021876
36150613|10031671
36150614|10031900
36150615|10032269
36150616|10032527
36150617|10032621
36150618|10032622
36150619|10032938
36150620|10032944
36150621|10033041
36150622|10033042
36150623|10033043
36150624|10033044
36150625|10033045
36150626|10033046
36150627|10033047
36150628|10033049
36150629|10046232
36150630|10046235
36150631|10047435
36150632|36150632
36150633|10047462
36150634|10047463
36150635|10063099
36150636|10065957
36150637|36150637
36150638|10034840
36150639|36150639
36150640|10047479
36150641|10029563
36150642|10032939
36150643|10033048
36150644|10047441
36150645|10047442
36150646|10047443
36150647|36150647
36150648|10047477
36150649|36150649
36150650|36150650
36150651|36150651
36150652|10067885
36150653|10044014
36150654|36150654
36150655|10044305
36150656|36150656
36150657|10046308
36150658|36150658
36150659|36150659
36150660|36150660
36200000|10022117
36202155|10005942
36202156|10064290
36202157|10022114
36202158|10022119
36202159|10064289
36202160|10036768
36203042|10027677
36203043|10027686
36203044|10024957
36203045|10034247
36203046|10040961
36203047|10041574
36203048|10043467
36203049|10046293
36203050|10008424
36203051|10035777
36203052|10022113
36203053|10027652
36203054|10007654
36203055|10052638
36203056|10027663
36203057|10027693
36203058|10027669
36203059|10027674
36203060|10028288
36203061|10052639
36203062|10029511
36203063|10011302
36203064|10027694
36203065|10057193
36203066|10040759
36203067|10027699
36203068|10027662
36203069|10003623
36203070|10010269
36203071|10019338
36203072|10037759
36203073|10043418
36203074|10064291
36203075|10064380
36203076|10064292
36203077|10064293
36203078|10033296
36203079|10002111
36203080|10007602
36203081|10065962
36203082|10012581
36203083|10012590
36203084|10014716
36203085|10015908
36203086|10017927
36203087|10052843
36203088|10028392
36203089|10029294
36203090|10029559
36203091|10038609
36203092|10052823
36203093|10057253
36203094|10040911
36203095|10057191
36203096|10046588
36203097|10068755
36211059|10066184
36211060|10064210
36211061|10064211
36211062|10052614
36211063|10010149
36211064|10010214
36211065|10017076
36211066|10017081
36211067|10053206
36211068|10017088
36211069|10018720
36211070|10066386
36211071|10023204
36211072|10023206
36211073|10028200
36211074|10030527
36211075|10031290
36211076|10034156
36211077|10048617
36211078|10042212
36211079|10066094
36211080|10049514
36211081|10057602
36211082|10007710
36211083|10053962
36211084|10064867
36211085|10015079
36211086|10018829
36211087|10062310
36211088|10060820
36211089|10023229
36211090|10064031
36211091|10061225
36211092|10061404
36211093|10053777
36211094|10039227
36211095|10042862
36211096|10044502
36211097|10002544
36211098|10016450
36211099|10016454
36211100|10016667
36211101|10016970
36211102|10020100
36211103|10061599
36211104|10034122
36211105|10043827
36211106|10000397
36211107|10017290
36211108|10021343
36211109|10061161
36211110|10037285
36211111|10016042
36211112|10017310
36211113|10023149
36211114|10061365
36211115|10040960
36211116|10049946
36211117|10013183
36211118|10049164
36211119|10017308
36211120|10055040
36211121|10049947
36211122|10041541
36211123|10041569
36211124|10049948
36211125|10054892
36211126|10016747
36211127|10039117
36211128|10042015
36211129|10009245
36211130|10016997
36211131|10019114
36211132|10020462
36211133|10037802
36211134|10039579
36211135|10045375
36211136|10061394
36211137|10048049
36211138|10007827
36211139|10057941
36211140|10056874
36211141|10061753
36211142|10008571
36211143|10022928
36211144|10027206
36211145|10035745
36211146|10037427
36211147|10061485
36211148|10000383
36211149|10000598
36211150|10048799
36211151|10065927
36211152|10001596
36211153|10001605
36211154|10001632
36211155|10003139
36211156|10068323
36211157|10007238
36211158|10057250
36211159|10008428
36211160|10049884
36211161|10009189
36211162|10052234
36211163|10068139
36211164|10050429
36211165|10013746
36211166|10015124
36211167|10053487
36211168|10016818
36211169|10017740
36211170|10056557
36211171|10064887
36211172|10021249
36211173|10049999
36211174|10027439
36211175|10053961
36211176|10028648
36211177|10059206
36211178|10053259
36211179|10029155
36211180|10062284
36211181|10029350
36211182|10034761
36211183|10061355
36211184|10036000
36211185|10061924
36211186|10038921
36211187|10059516
36211188|10043408
36211189|10068887
36211190|10044221
36211191|10067722
36211192|10057680
36211193|10052850
36211194|10064998
36211195|10049193
36211196|10064067
36211197|10026923
36211198|10061862
36211199|10050425
36211200|10058676
36211201|10064136
36211202|10000044
36211203|10041646
36211204|10002899
36211205|10060874
36211206|10003162
36211207|10003173
36211208|10047080
36211209|10053649
36211210|10047194
36211211|10047228
36211212|10052346
36211213|10006126
36211214|10008113
36211215|10010254
36211216|10049095
36211217|10066213
36211218|10015769
36211219|10049977
36211220|10036309
36211221|10036312
36211222|10042361
36211223|10042364
36211224|10060690
36211225|10064155
36211226|10061387
36211227|10003441
36211228|10004485
36211229|10056653
36211230|10006822
36211231|10008468
36211232|10061386
36211233|10009913
36211234|10058553
36211235|10056560
36211236|10061112
36211237|10019027
36211238|10061230
36211239|10056905
36211240|10035653
36211241|10035765
36211242|10040678
36211243|10056287
36211244|10044287
36211245|10051867
36211246|10044291
36211247|10061094
36211248|10011308
36211249|10047411
36211250|10047723
36211251|10048224
36211252|10048225
36211253|10061828
36211254|10052434
36211255|10014971
36211256|10063442
36211257|10060813
36211258|10061223
36211259|10065433
36211260|10024453
36211261|10028314
36211262|10028331
36211263|10050031
36211264|10056338
36211265|10038584
36211266|10053844
36211267|10043242
36211268|10043248
36211269|10043255
36211270|10047929
36211271|10053778
36211272|10029174
36211273|10052897
36211274|10061310
36211275|10029183
36211276|10029184
36211277|10029186
36211278|10029187
36211279|10042741
36211280|10000369
36211281|10000370
36211282|10000372
36211283|10002515
36211284|10002519
36211285|10003399
36211286|10003401
36211287|10003402
36211288|10003497
36211289|10004954
36211290|10004966
36211291|10008513
36211292|10061097
36211293|10050702
36211294|10014357
36211295|10051814
36211296|10049796
36211297|10016173
36211298|10016246
36211299|10017051
36211300|10018794
36211301|10063966
36211302|10020428
36211303|10022116
36211304|10061245
36211305|10023572
36211306|10028224
36211307|10048850
36211308|10058834
36211309|10057230
36211310|10036315
36211311|10039203
36211312|10039580
36211313|10061363
36211314|10041230
36211315|10041291
36211316|10041738
36211317|10042255
36211318|10061385
36211319|10048873
36211320|10044522
36211321|10053476
36211322|10044541
36211323|10053509
36211324|10053510
36211325|10052428
36211326|10053692
36211327|10068796
36211328|10051373
36211329|10003879
36211330|10006074
36211331|10016451
36211332|10025015
36211333|10027067
36211334|10027385
36211335|10028373
36211336|10034586
36211337|10034700
36211338|10036368
36211339|10037749
36211340|10039670
36211341|10045378
36211342|10061698
36211343|10018871
36211344|10023434
36211345|10059209
36211346|10038459
36211347|10061481
36211348|10044501
36211349|10046405
36211350|10049810
36211351|10046454
36211352|10046472
36211353|10046530
36211354|10061397
36211355|10015742
36211356|10052530
36211357|10063630
36211358|10034248
36211359|10068036
36211360|10056524
36211361|10051872
36211362|10061401
36211363|10046820
36211364|10046919
36211365|10055022
36211366|10047759
36211367|10003981
36211368|10003986
36211369|10059391
36211370|10006821
36211371|10008014
36211372|10011459
36211373|10016023
36211374|10050392
36211375|10019196
36211376|10057441
36211377|10028829
36211378|10062211
36211379|10061555
36211380|10039749
36211381|10044545
36211382|10064533
36211383|10005191
36211384|10005372
36211385|10050584
36211386|10012436
36211387|10028686
36211388|10068655
36211389|10028896
36211390|10039737
36211391|10061364
36211392|10058818
36211393|10041662
36211394|10042345
36211395|10068196
36211396|10006491
36211397|10066960
36211398|10022343
36211399|10036313
36211400|10048992
36211401|10064832
36211402|10041552
36211403|10041553
36211404|10041554
36211405|10041555
36211406|10041557
36211407|10041558
36211408|10049236
36211409|10048464
36211410|10049679
36211411|10041677
36211412|10044542
36211413|10061688
36211414|10056379
36211415|10011951
36211416|10013527
36211417|10028013
36211418|10028014
36211419|10040740
36211420|10065428
36211421|10008528
36211422|10009856
36211423|10017382
36211424|10044584
36211425|10019330
36211426|10019332
36211427|10068188
36211428|10019345
36211429|10011800
36211430|10012198
36211431|10023515
36211432|10029140
36211433|10067352
36211434|10061473
36211435|10037754
36211436|10049045
36211437|10067953
36211438|10037758
36211439|10037760
36211440|10053602
36211441|10068571
36211442|10037763
36211443|10037764
36211444|10067362
36211445|10068886
36211446|10067102
36211447|10037765
36211448|10051494
36211449|10063562
36211450|10039726
36211451|10042496
36211452|10067204
36211453|10006707
36211454|10006712
36211455|10006797
36211456|10066483
36211457|10006802
36211458|10006803
36211459|10053615
36211460|10013659
36211461|10064295
36211462|10064294
36211463|10066434
36211464|10021597
36211465|10064355
36211466|10064307
36211467|10064306
36211468|10064305
36211469|10064304
36211470|10065639
36211471|10058121
36211472|10068519
36211473|10057362
36211474|10048055
36211475|10064353
36211476|10064385
36211477|10064354
36211478|10064296
36211479|10065638
36211480|10064382
36211481|10027091
36211482|10063972
36211483|10064368
36211484|10000378
36211485|10051075
36211486|10063155
36211487|10064372
36211488|10064381
36211489|10064373
36211490|10064374
36211491|10000381
36211492|10022523
36211493|10057867
36211494|10062763
36211495|10062764
36211496|10033295
36211497|10068518
36211498|10049979
36211499|10060938
36211500|10002105
36211501|10002108
36211502|10060939
36211503|10012206
36211504|10021576
36211505|10029314
36211506|10051176
36211507|10068408
36211508|10050634
36211509|10051113
36211510|10066916
36211511|10058562
36211512|10055122
36211513|10055150
36211514|10055123
36211515|10003192
36211516|10064775
36211517|10055152
36211518|10055126
36211519|10053182
36211520|10059126
36211521|10069018
36211522|10053748
36211523|10050484
36211524|10064730
36211525|10065384
36211526|10066881
36211527|10066052
36211528|10056382
36211529|10034879
36211530|10063837
36211531|10066111
36211532|10062169
36211533|10062170
36211534|10064252
36211535|10049060
36211536|10057462
36211537|10048975
36211538|10053949
36211539|10067080
36211540|10068149
36211541|10067454
36211542|10012575
36211543|10065963
36211544|10056871
36211545|10066065
36211546|10012587
36211547|10067643
36211548|10069217
36211549|10066459
36211550|10069218
36211551|10007599
36211552|10064403
36211553|10069216
36211554|10065066
36211555|10064684
36211556|10063829
36211557|10064685
36211558|10049913
36211559|10068383
36211560|10066064
36211561|10015893
36211562|10016153
36211563|10064406
36211564|10056719
36211565|10067679
36211566|10064404
36211567|10066158
36211568|10022746
36211569|10067251
36211570|10063834
36211571|10060791
36211572|10068537
36211573|10068536
36211574|10066458
36211575|10066460
36211576|10063835
36211577|10063124
36211578|10053237
36211579|10056487
36211580|10068514
36211581|10064538
36211582|10010151
36211583|10065676
36211584|10068444
36211585|10012588
36211586|10067161
36211587|10064405
36211588|10052249
36211589|10067037
36211590|10068515
36211591|10023097
36211592|10058701
36211593|10064414
36211594|10057281
36211595|10053683
36211596|10059057
36211597|10062680
36211598|10029297
36211599|10067089
36211600|10068535
36211601|10049936
36211602|10064396
36211603|10062546
36211604|10056397
36211605|10043317
36211606|10051243
36211607|10056661
36211608|10050056
36211609|10065705
36211610|10000221
36211611|10000223
36211612|10053984
36211613|10000225
36211614|10053191
36211615|10052844
36211616|10005972
36211617|10010165
36211618|10068219
36211619|10058067
36211620|10068157
36211621|10049912
36211622|10056490
36211623|10024846
36211624|10069135
36211625|10052306
36211626|10057239
36211627|10049989
36211628|10049988
36211629|10003074
36211630|10066419
36211631|10049987
36211632|10012390
36211633|10063395
36211634|10049986
36211635|10049990
36211636|10048736
36211637|10060854
36211638|10066591
36211639|10066964
36211640|10066965
36211641|10059599
36211642|10065617
36211643|10068780
36211644|10001526
36211645|10058059
36211646|10068797
36211647|10056346
36211648|10050456
36211649|10051268
36211650|10010162
36211651|10010183
36211652|10051396
36211653|10059600
36211654|10068800
36211655|10016164
36211656|10058060
36211657|10059677
36211658|10063577
36211659|10059399
36211660|10048748
36211661|10053161
36211662|10051269
36211663|10059268
36211664|10059393
36211665|10061213
36211666|10021546
36211667|10067990
36211668|10059048
36211669|10065615
36211670|10059241
36211671|10051100
36211672|10065614
36211673|10059386
36211674|10030860
36211675|10067594
36211676|10035771
36211677|10058046
36211678|10057751
36211679|10061489
36211680|10063188
36211681|10051077
36211682|10063645
36211683|10066415
36211684|10060932
36211685|10036404
36211686|10036288
36211687|10050902
36211688|10061468
36211689|10057765
36211690|10062886
36211691|10062300
36211692|10036769
36211693|10038563
36211694|10040102
36211695|10064552
36211696|10062243
36211697|10040621
36211698|10059053
36211699|10059054
36211700|10040677
36211701|10040748
36211702|10042618
36211703|10059059
36211704|10048547
36211705|10060872
36211706|10049737
36211707|10045184
36211708|10069013
36211709|10053208
36211710|10048031
36211711|10053868
36211712|10006377
36211713|10068267
36211714|10016116
36211715|10065790
36211716|10061315
36211717|10069156
36211718|10062706
36211719|10034528
36211720|10068531
36211721|10068266
36211722|10068042
36211723|10065833
36211724|10069157
36211725|10038773
36211726|10065818
36211727|10063348
36211728|10062503
36211729|10010187
36211730|10063349
36211731|10063725
36211732|10067351
36211733|10066821
36211734|10068820
36211735|10063909
36211736|10067831
36211737|10054809
36211738|10056745
36211739|10067826
36211740|10064715
36211741|10069119
36211742|10062543
36211743|10044322
36211744|10066829
36211745|10059031
36211746|10059032
36211747|10059030
36211748|10068081
36211749|10060856
36211750|10068774
36211751|10053209
36211752|10042344
36211753|10042620
36211754|10019024
36211755|10065973
36211756|10052235
36211757|10063575
36211758|10010185
36211759|10066225
36211760|10057587
36211761|10056675
36211762|10048749
36211763|10049676
36211764|10051187
36211765|10066861
36211766|10065809
36211767|10049277
36211768|10065810
36211769|10046471
36211770|10060775
36211771|10063475
36211772|10050091
36211773|10065816
36211774|10021121
36211775|10036242
36211776|10066904
36211777|10046861
36211778|10046862
36250661|36250661
36250662|36250662
36250663|10005967
36250664|10006011
36250665|10011946
36250666|36250666
36250667|36250667
36250668|36250668
36250669|36250669
36250670|10005964
36250671|10006381
36250672|36250672
36250673|10017077
36250674|10017089
36250675|10017101
36250676|10017223
36250677|10017225
36250678|10021350
36250679|10023953
36250680|10058048
36250681|36250681
36250682|10017282
36250683|36250683
36250684|36250684
36250685|10029746
36250686|36250686
36250687|36250687
36250688|10002690
36250689|10002691
36250690|10008938
36250691|10009348
36250692|10009349
36250693|10009350
36250694|10009351
36250695|10009352
36250696|10009353
36250697|10009354
36250698|10009355
36250699|10009356
36250700|10009357
36250701|10009358
36250702|10009359
36250703|10009360
36250704|10009361
36250705|10009362
36250706|10009363
36250707|10009364
36250708|10009365
36250709|10009366
36250710|10009367
36250711|10009368
36250712|10009369
36250713|10009370
36250714|10009371
36250715|10009372
36250716|10009373
36250717|10009374
36250718|10009375
36250719|10009376
36250720|10009377
36250721|10009378
36250722|10009379
36250723|10009380
36250724|10009381
36250725|10009382
36250726|10009390
36250727|10009639
36250728|10009640
36250729|10009641
36250730|10009642
36250731|10009644
36250732|10009645
36250733|10009646
36250734|10010193
36250735|10010194
36250736|10010195
36250737|10010196
36250738|10010197
36250739|10010198
36250740|10010199
36250741|10010200
36250742|10010202
36250743|10010203
36250744|10013146
36250745|10013147
36250746|10013148
36250747|10013149
36250748|10013150
36250749|10013151
36250750|10013154
36250751|10013155
36250752|10013156
36250753|10013158
36250754|10013159
36250755|10013160
36250756|10013161
36250757|10013162
36250758|10013163
36250759|10013164
36250760|10013166
36250761|10013167
36250762|10013168
36250763|10013169
36250764|10013170
36250765|10013171
36250766|10013173
36250767|10013174
36250768|10013175
36250769|10013176
36250770|10013178
36250771|10013179
36250772|10013180
36250773|10013181
36250774|10013182
36250775|10013184
36250776|10014342
36250777|10016683
36250778|10020099
36250779|10022573
36250780|10022574
36250781|10022575
36250782|10023147
36250783|36250783
36250784|10023205
36250785|10023207
36250786|10023208
36250787|10023209
36250788|10023231
36250789|10023472
36250790|10023473
36250791|10023950
36250792|10024029
36250793|10024030
36250794|10027062
36250795|10027063
36250796|10028223
36250797|10030351
36250798|10030352
36250799|10030353
36250800|10030354
36250801|10030355
36250802|10030356
36250803|10030357
36250804|10030358
36250805|10030359
36250806|10030360
36250807|10030361
36250808|10030362
36250809|10030363
36250810|10030364
36250811|10030365
36250812|10030366
36250813|10030367
36250814|10030368
36250815|10030369
36250816|10030370
36250817|10030371
36250818|10030372
36250819|10030373
36250820|10030374
36250821|10030375
36250822|10030376
36250823|10030377
36250824|10030378
36250825|10030379
36250826|10030380
36250827|10030381
36250828|10030382
36250829|10030383
36250830|10030384
36250831|10030392
36250832|10030669
36250833|10030670
36250834|10030672
36250835|10030673
36250836|10030678
36250837|10030679
36250838|10030680
36250839|10031749
36250840|10031891
36250841|10031923
36250842|10031924
36250843|10031925
36250844|10031926
36250845|10032169
36250846|10032178
36250847|10032179
36250848|10032180
36250849|10032181
36250850|10032182
36250851|10032183
36250852|10032184
36250853|10032185
36250854|10032186
36250855|10032187
36250856|10032188
36250857|10032343
36250858|10032635
36250859|10032636
36250860|10032784
36250861|10033069
36250862|10034121
36250863|10034127
36250864|10034128
36250865|10036354
36250866|10036355
36250867|10038113
36250868|10038114
36250869|10038115
36250870|10038116
36250871|10038117
36250872|10038118
36250873|10038119
36250874|10038120
36250875|10038121
36250876|10038122
36250877|10038123
36250878|10038124
36250879|10038125
36250880|10038126
36250881|10038127
36250882|10040612
36250883|10040685
36250884|10040686
36250885|10040687
36250886|10040688
36250887|10040689
36250888|10040690
36250889|10040691
36250890|10040692
36250891|10040694
36250892|10040695
36250893|10042402
36250894|10042403
36250895|10042404
36250896|10042405
36250897|10042406
36250898|10042407
36250899|10042409
36250900|10042410
36250901|10042411
36250902|10042412
36250903|10042413
36250904|10043657
36250905|10043918
36250906|10045735
36250907|10045736
36250908|10045737
36250909|10045738
36250910|10045739
36250911|10045740
36250912|10045741
36250913|10045742
36250914|10045743
36250915|10045744
36250916|10045977
36250917|10045982
36250918|10045983
36250919|10045984
36250920|10048713
36250921|10057641
36250922|10067120
36250923|10068658
36250924|36250924
36250925|10034142
36250926|10034143
36250927|10034144
36250928|10034145
36250929|10034146
36250930|10034147
36250931|10034148
36250932|10034149
36250933|10034150
36250934|10034151
36250935|10034152
36250936|10049906
36250937|10009312
36250938|10009313
36250939|10009314
36250940|10009315
36250941|10009316
36250942|10009317
36250943|10009318
36250944|10009319
36250945|10009320
36250946|10009321
36250947|10009322
36250948|10009323
36250949|10009324
36250950|10009325
36250951|10009326
36250952|10009327
36250953|10009328
36250954|10009329
36250955|10009330
36250956|10009331
36250957|10009332
36250958|10009402
36250959|10009403
36250960|10009404
36250961|10009405
36250962|10009406
36250963|10009407
36250964|10009408
36250965|10009409
36250966|10009410
36250967|10009411
36250968|10009412
36250969|10009413
36250970|10009414
36250971|10009415
36250972|10009416
36250973|10009417
36250974|10009418
36250975|10009419
36250976|10009420
36250977|10009421
36250978|10009422
36250979|10009423
36250980|10009424
36250981|10009425
36250982|10009635
36250983|10009637
36250984|10017087
36250985|10028179
36250986|10028198
36250987|10028199
36250988|36250988
36250989|10028201
36250990|10028202
36250991|10028203
36250992|10028204
36250993|10028234
36250994|10030404
36250995|10030405
36250996|10030406
36250997|10030407
36250998|10030408
36250999|10030409
36251000|10030410
36251001|10030411
36251002|10030412
36251003|10030413
36251004|10030414
36251005|10030415
36251006|10030416
36251007|10030417
36251008|10030418
36251009|10030419
36251010|10030420
36251011|10030421
36251012|10030422
36251013|10030423
36251014|10030424
36251015|10030425
36251016|10030426
36251017|10030427
36251018|10030428
36251019|10030429
36251020|10030430
36251021|10030431
36251022|10030432
36251023|10030433
36251024|10030434
36251025|10030435
36251026|10030436
36251027|10030437
36251028|10030438
36251029|10030439
36251030|10030440
36251031|10030441
36251032|10030442
36251033|10030443
36251034|10030444
36251035|10030445
36251036|10030446
36251037|10030447
36251038|10030448
36251039|10030665
36251040|10030667
36251041|10032120
36251042|10033067
36251043|10033068
36251044|10033070
36251045|10010206
36251046|10010207
36251047|10010208
36251048|10010209
36251049|10010210
36251050|10010211
36251051|10010212
36251052|10017102
36251053|10017224
36251054|10017288
36251055|36251055
36251056|10017082
36251057|10031283
36251058|10031288
36251059|36251059
36251060|10005965
36251061|10017272
36251062|10034134
36251063|10034135
36251064|10034136
36251065|10034137
36251066|10034138
36251067|10034139
36251068|10034140
36251069|10034141
36251070|36251070
36251071|10041728
36251072|10041731
36251073|10049515
36251074|10054866
36251075|10063717
36251076|36251076
36251077|10026826
36251078|36251078
36251079|36251079
36251080|10066095
36251081|36251081
36251082|36251082
36251083|10007705
36251084|36251084
36251085|10007713
36251086|10007818
36251087|36251087
36251088|10064874
36251089|36251089
36251090|10064873
36251091|36251091
36251092|10029745
36251093|10041027
36251094|10041028
36251095|10057733
36251096|36251096
36251097|10019408
36251098|10019409
36251099|10019410
36251100|10019411
36251101|10019412
36251102|10019413
36251103|10019414
36251104|10019415
36251105|10019416
36251106|10019417
36251107|10019854
36251108|10022750
36251109|10055292
36251110|10059609
36251111|10060465
36251112|10060466
36251113|10060467
36251114|10060468
36251115|10060469
36251116|10060863
36251117|10060864
36251118|10018194
36251119|10020628
36251120|10024498
36251121|36251121
36251122|10002545
36251123|10022132
36251124|10022336
36251125|10049032
36251126|10051020
36251127|10051024
36251128|10053220
36251129|36251129
36251130|10000601
36251131|10000602
36251132|10002549
36251133|10002550
36251134|10006934
36251135|10008744
36251136|10012237
36251137|10014346
36251138|10016689
36251139|10016975
36251140|10016976
36251141|10019119
36251142|10019120
36251143|10020103
36251144|10022598
36251145|36251145
36251146|10023478
36251147|10025014
36251148|10027488
36251149|10031653
36251150|10032056
36251151|10032098
36251152|10033059
36251153|10037791
36251154|10037792
36251155|10040620
36251156|10041747
36251157|10041748
36251158|10041749
36251159|10041752
36251160|10041755
36251161|10041756
36251162|10041757
36251163|10041758
36251164|10041759
36251165|10041760
36251166|10041764
36251167|10041766
36251168|10041767
36251169|10041768
36251170|10041769
36251171|10041770
36251172|10041771
36251173|10041772
36251174|10041775
36251175|10041777
36251176|10041778
36251177|10041779
36251178|10041782
36251179|10041783
36251180|10041784
36251181|10041786
36251182|10041788
36251183|10041790
36251184|10041793
36251185|10041794
36251186|10041795
36251187|10041797
36251188|10041798
36251189|10042018
36251190|10043122
36251191|10043659
36251192|10043922
36251193|10045195
36251194|10045382
36251195|10045383
36251196|10046165
36251197|10046166
36251198|10048051
36251199|10048052
36251200|10003097
36251201|10011423
36251202|10011424
36251203|10011425
36251204|10011428
36251205|10011429
36251206|10011433
36251207|10011434
36251208|10011435
36251209|10011436
36251210|10011437
36251211|10011438
36251212|10011439
36251213|10011440
36251214|10011441
36251215|10011442
36251216|10011443
36251217|10011445
36251218|10011447
36251219|10011448
36251220|10011453
36251221|10011454
36251222|10011455
36251223|10011456
36251224|10011457
36251225|10011458
36251226|10011461
36251227|10011463
36251228|10011464
36251229|10011465
36251230|10011466
36251231|10011467
36251232|10016681
36251233|10016965
36251234|10019112
36251235|10024126
36251236|10043915
36251237|10044459
36251238|36251238
36251239|10022193
36251240|10022198
36251241|10024499
36251242|10031344
36251243|10031576
36251244|10031578
36251245|10031579
36251246|10031580
36251247|10031581
36251248|10031583
36251249|10051021
36251250|10051023
36251251|10054965
36251252|36251252
36251253|10003099
36251254|10016691
36251255|10016979
36251256|10019123
36251257|10024133
36251258|10043660
36251259|10043923
36251260|10044467
36251261|10044468
36251262|10044469
36251263|10044470
36251264|10044471
36251265|10044472
36251266|10044473
36251267|10044474
36251268|10044475
36251269|10044476
36251270|10044478
36251271|10044479
36251272|10044480
36251273|10044481
36251274|10044482
36251275|10044483
36251276|10044484
36251277|10044485
36251278|10044486
36251279|10044487
36251280|10044488
36251281|10044489
36251282|10044490
36251283|10044491
36251284|10044492
36251285|10044493
36251286|10044494
36251287|10044495
36251288|10044496
36251289|10044497
36251290|10044498
36251291|10044499
36251292|10044500
36251293|36251293
36251294|10065084
36251295|10006533
36251296|10006534
36251297|10012413
36251298|10012414
36251299|10012415
36251300|10012416
36251301|10012418
36251302|10012419
36251303|10012420
36251304|10027291
36251305|10030263
36251306|10031548
36251307|10031892
36251308|10032985
36251309|10043167
36251310|10043168
36251311|10049474
36251312|36251312
36251313|10006937
36251314|10010142
36251315|10039224
36251316|10039225
36251317|10039226
36251318|36251318
36251319|10039228
36251320|10039229
36251321|10042597
36251322|10049039
36251323|10057904
36251324|10060868
36251325|10063932
36251326|10032453
36251327|10039311
36251328|10039312
36251329|36251329
36251330|10065277
36251331|10068078
36251332|36251332
36251333|10044503
36251334|10044504
36251335|10044505
36251336|10044506
36251337|10044507
36251338|10044508
36251339|10044509
36251340|10044510
36251341|10044511
36251342|10044512
36251343|36251343
36251344|10004714
36251345|10004715
36251346|10006380
36251347|10017092
36251348|10017093
36251349|10017136
36251350|10017137
36251351|10017152
36251352|10017153
36251353|10036461
36251354|10044671
36251355|10044672
36251356|10045876
36251357|10045877
36251358|10054865
36251359|10066134
36251360|36251360
36251361|10017096
36251362|10017097
36251363|10017118
36251364|10017119
36251365|10017159
36251366|10017160
36251367|10017163
36251368|10017228
36251369|10017229
36251370|10017236
36251371|10017237
36251372|10017284
36251373|10017299
36251374|10023954
36251375|10032996
36251376|10032997
36251377|10044349
36251378|10044350
36251379|36251379
36251380|10016455
36251381|10016456
36251382|10017083
36251383|10017121
36251384|10017122
36251385|10017130
36251386|10017131
36251387|10017138
36251388|10017139
36251389|10017140
36251390|10017141
36251391|10017148
36251392|10017149
36251393|10017175
36251394|10017195
36251395|10017196
36251396|10017210
36251397|10017211
36251398|10017216
36251399|10017217
36251400|10017230
36251401|10017231
36251402|10017250
36251403|10017251
36251404|10017285
36251405|10032075
36251406|10032076
36251407|10034736
36251408|10034737
36251409|10042591
36251410|10042592
36251411|10050015
36251412|10053653
36251413|10063606
36251414|10067800
36251415|10068399
36251416|10009593
36251417|10009618
36251418|10009626
36251419|36251419
36251420|10030621
36251421|10030645
36251422|10030652
36251423|10006385
36251424|10009568
36251425|36251425
36251426|10017094
36251427|10017095
36251428|10017103
36251429|10017104
36251430|10017112
36251431|10017113
36251432|10017114
36251433|10017115
36251434|10017157
36251435|10017158
36251436|10017161
36251437|10017162
36251438|10017168
36251439|10017169
36251440|10017170
36251441|10017174
36251442|10017178
36251443|10017179
36251444|10017221
36251445|10017222
36251446|10017298
36251447|10017303
36251448|10017314
36251449|10018716
36251450|10030595
36251451|10030600
36251452|10032078
36251453|10032079
36251454|10049453
36251455|10006387
36251456|10017287
36251457|36251457
36251458|10006391
36251459|10009594
36251460|10009619
36251461|10009627
36251462|10017206
36251463|10017207
36251464|10017220
36251465|10017244
36251466|10017245
36251467|10017256
36251468|10017257
36251469|10017258
36251470|10017261
36251471|10023952
36251472|10024128
36251473|10030622
36251474|10030646
36251475|10030653
36251476|10050271
36251477|10053651
36251478|36251478
36251479|10006389
36251480|10009573
36251481|10017180
36251482|10017181
36251483|10017182
36251484|10030601
36251485|36251485
36251486|10009596
36251487|10009621
36251488|10009628
36251489|10030624
36251490|10030647
36251491|10030654
36251492|36251492
36251493|10063134
36251494|10063135
36251495|10063136
36251496|36251496
36251497|10009507
36251498|10030528
36251499|10009552
36251500|36251500
36251501|10030578
36251502|10009551
36251503|10017289
36251504|36251504
36251505|10030577
36251506|10009576
36251507|10017176
36251508|10017177
36251509|10017183
36251510|10017184
36251511|10017185
36251512|10017186
36251513|10017238
36251514|10017239
36251515|10017304
36251516|10028181
36251517|10028236
36251518|10030604
36251519|10045664
36251520|10046071
36251521|36251521
36251522|36251522
36251523|10005878
36251524|10006392
36251525|36251525
36251526|10017120
36251527|10017300
36251528|10017320
36251529|10028725
36251530|10028726
36251531|10031042
36251532|10031043
36251533|10032046
36251534|10032047
36251535|10063638
36251536|36251536
36251537|10001875
36251538|10001876
36251539|10002503
36251540|10002504
36251541|10005903
36251542|10006388
36251543|10010289
36251544|10010290
36251545|10011111
36251546|10011112
36251547|10017291
36251548|10017294
36251549|10017295
36251550|36251550
36251551|10025484
36251552|10025485
36251553|10026739
36251554|10026740
36251555|10028249
36251556|10028250
36251557|10034053
36251558|10037836
36251559|10037837
36251560|10042337
36251561|10042338
36251562|10042748
36251563|10042749
36251564|10046167
36251565|10046168
36251566|10009466
36251567|10009467
36251568|10009468
36251569|10009469
36251570|10009470
36251571|10009471
36251572|10009472
36251573|10009473
36251574|10009474
36251575|10009475
36251576|10009476
36251577|10009477
36251578|10009478
36251579|10009479
36251580|10009480
36251581|10009481
36251582|10009482
36251583|10009483
36251584|10009484
36251585|10009485
36251586|10009486
36251587|10009487
36251588|10009488
36251589|10009489
36251590|10009490
36251591|10009491
36251592|10009492
36251593|10009493
36251594|10009494
36251595|10009495
36251596|10009496
36251597|10009497
36251598|10009498
36251599|10009499
36251600|10009500
36251601|10009501
36251602|10009502
36251603|10009503
36251604|10009504
36251605|10009505
36251606|10009512
36251607|10009514
36251608|10009629
36251609|10009630
36251610|10009631
36251611|10009632
36251612|10009633
36251613|10009634
36251614|10009636
36251615|10009648
36251616|10009649
36251617|10017099
36251618|10017100
36251619|10017262
36251620|10017263
36251621|10017264
36251622|10017265
36251623|10023955
36251624|10030487
36251625|10030488
36251626|10030489
36251627|10030490
36251628|10030491
36251629|10030492
36251630|10030493
36251631|10030494
36251632|10030495
36251633|10030496
36251634|10030497
36251635|10030498
36251636|10030499
36251637|10030500
36251638|10030501
36251639|10030502
36251640|10030503
36251641|10030504
36251642|10030505
36251643|10030506
36251644|10030507
36251645|10030508
36251646|10030509
36251647|10030510
36251648|10030511
36251649|10030512
36251650|10030513
36251651|10030514
36251652|10030515
36251653|10030516
36251654|10030517
36251655|10030518
36251656|10030519
36251657|10030520
36251658|10030521
36251659|10030522
36251660|10030523
36251661|10030524
36251662|10030525
36251663|10030526
36251664|10030535
36251665|10030655
36251666|10030656
36251667|10030657
36251668|10030658
36251669|10030659
36251670|10030660
36251671|10030661
36251672|10030662
36251673|10030663
36251674|10030664
36251675|10030666
36251676|10031346
36251677|10031347
36251678|10031348
36251679|10031349
36251680|10031350
36251681|10031351
36251682|10031352
36251683|10031353
36251684|10031354
36251685|10031355
36251686|10031356
36251687|10031357
36251688|10031358
36251689|10031359
36251690|10031360
36251691|10031361
36251692|10031362
36251693|10031363
36251694|10031364
36251695|10031365
36251696|10031366
36251697|10031367
36251698|10031368
36251699|10031369
36251700|10031370
36251701|10031371
36251702|10031372
36251703|10031373
36251704|10031374
36251705|10031375
36251706|10031376
36251707|10031377
36251708|10031378
36251709|10031379
36251710|10031380
36251711|10031381
36251712|10031387
36251713|10031388
36251714|10031389
36251715|10031390
36251716|10031391
36251717|10031392
36251718|10031393
36251719|10031394
36251720|10031395
36251721|10031396
36251722|10031397
36251723|10031398
36251724|10031399
36251725|10031400
36251726|10031401
36251727|10031402
36251728|10031403
36251729|10031404
36251730|10031405
36251731|10031406
36251732|10031407
36251733|10031408
36251734|10031409
36251735|10031410
36251736|10031411
36251737|10031412
36251738|10031413
36251739|10031414
36251740|10031415
36251741|10031416
36251742|10031417
36251743|10031418
36251744|10031419
36251745|10031420
36251746|10031421
36251747|10031497
36251748|10031753
36251749|10031754
36251750|10031755
36251751|10031756
36251752|10031757
36251753|10031758
36251754|10031759
36251755|10031760
36251756|10031761
36251757|10032346
36251758|10032347
36251759|10032348
36251760|10032349
36251761|10032350
36251762|10032351
36251763|10032352
36251764|10032353
36251765|10032354
36251766|10032355
36251767|10032356
36251768|10040959
36251769|36251769
36251770|10009426
36251771|10009427
36251772|10009428
36251773|10009429
36251774|10009430
36251775|10009431
36251776|10009432
36251777|10009433
36251778|10009434
36251779|10009435
36251780|10009436
36251781|10009437
36251782|10009438
36251783|10009439
36251784|10009440
36251785|10009441
36251786|10009442
36251787|10009443
36251788|10009444
36251789|10009445
36251790|10009446
36251791|10009447
36251792|10009448
36251793|10009449
36251794|10009450
36251795|10009451
36251796|10009452
36251797|10009453
36251798|10009454
36251799|10009455
36251800|10009456
36251801|10009457
36251802|10009458
36251803|10009459
36251804|10009460
36251805|10009461
36251806|10009462
36251807|10009463
36251808|10009464
36251809|10009465
36251810|10009511
36251811|10009513
36251812|10009515
36251813|10009516
36251814|10017098
36251815|10017283
36251816|10017312
36251817|10030449
36251818|10030450
36251819|10030451
36251820|10030452
36251821|10030453
36251822|10030454
36251823|10030455
36251824|10030456
36251825|10030457
36251826|10030458
36251827|10030459
36251828|10030460
36251829|10030461
36251830|10030462
36251831|10030463
36251832|10030464
36251833|10030465
36251834|10030466
36251835|10030467
36251836|10030468
36251837|10030469
36251838|10030470
36251839|10030471
36251840|10030472
36251841|10030473
36251842|10030474
36251843|10030475
36251844|10030476
36251845|10030477
36251846|10030478
36251847|10030479
36251848|10030480
36251849|10030481
36251850|10030482
36251851|10030483
36251852|10030484
36251853|10030485
36251854|10030486
36251855|10030532
36251856|10030533
36251857|10030534
36251858|10030536
36251859|10030537
36251860|10030538
36251861|10030539
36251862|10030540
36251863|10030541
36251864|36251864
36251865|10067263
36251866|10009518
36251867|10009519
36251868|10009520
36251869|10009521
36251870|10009522
36251871|10009523
36251872|10009524
36251873|10009525
36251874|10009526
36251875|10009527
36251876|10009530
36251877|10009531
36251878|10009532
36251879|10009533
36251880|10009534
36251881|10009544
36251882|10009545
36251883|10009548
36251884|10009562
36251885|10009589
36251886|10009591
36251887|10009599
36251888|10009612
36251889|10017279
36251890|10030543
36251891|10030544
36251892|10030545
36251893|10030546
36251894|10030547
36251895|10030548
36251896|10030549
36251897|10030550
36251898|10030551
36251899|10030552
36251900|10030553
36251901|10030556
36251902|10030557
36251903|10030558
36251904|10030559
36251905|10030560
36251906|10030570
36251907|10030571
36251908|10030574
36251909|10030589
36251910|10030617
36251911|10030619
36251912|10030626
36251913|10030639
36251914|36251914
36251915|10049950
36251916|10049951
36251917|10049952
36251918|10049953
36251919|10049954
36251920|10049955
36251921|10049956
36251922|10008321
36251923|10009383
36251924|10009384
36251925|10009385
36251926|10009386
36251927|10009387
36251928|10009388
36251929|10009389
36251930|10009391
36251931|10009392
36251932|10009393
36251933|10009394
36251934|10009395
36251935|10009396
36251936|10009398
36251937|10009399
36251938|10009400
36251939|10009401
36251940|10010201
36251941|10010204
36251942|10010205
36251943|10013153
36251944|10013165
36251945|36251945
36251946|10030385
36251947|10030386
36251948|10030387
36251949|10030388
36251950|10030389
36251951|10030390
36251952|10030391
36251953|10030393
36251954|10030394
36251955|10030395
36251956|10030396
36251957|10030397
36251958|10030398
36251959|10030400
36251960|10030401
36251961|10030402
36251962|10030403
36251963|10031927
36251964|10031928
36251965|10040693
36251966|10040696
36251967|10040697
36251968|36251968
36251969|10009579
36251970|10009580
36251971|10009581
36251972|10009582
36251973|10009583
36251974|10009584
36251975|10009585
36251976|10009586
36251977|36251977
36251978|10030607
36251979|10030608
36251980|10030609
36251981|10030610
36251982|10030611
36251983|10030612
36251984|10030613
36251985|10030614
36251986|36251986
36251987|10009554
36251988|10009555
36251989|10009556
36251990|10009557
36251991|10030581
36251992|10030582
36251993|10030583
36251994|10030584
36251995|36251995
36251996|10049957
36251997|10049958
36251998|10049959
36251999|10049960
36252000|10049961
36252001|10006814
36252002|10009921
36252003|10010216
36252004|10017281
36252005|10017318
36252006|10023165
36252007|36252007
36252008|10047332
36252009|10009622
36252010|10009623
36252011|10009624
36252012|10009625
36252013|10017213
36252014|10017266
36252015|10017267
36252016|10017268
36252017|10017269
36252018|10017270
36252019|10017275
36252020|10017315
36252021|10017317
36252022|10023956
36252023|10030648
36252024|10030649
36252025|10030650
36252026|10030651
36252027|36252027
36252028|10041570
36252029|10041571
36252030|10041572
36252031|10047333
36252032|10068254
36252033|10009539
36252034|10009540
36252035|10009541
36252036|10009542
36252037|10009602
36252038|10009603
36252039|10009604
36252040|10009605
36252041|10009606
36252042|10009607
36252043|10009608
36252044|10009609
36252045|10009610
36252046|10009611
36252047|10030565
36252048|10030566
36252049|10030567
36252050|10030568
36252051|10030629
36252052|10030630
36252053|10030631
36252054|10030632
36252055|10030633
36252056|10030634
36252057|10030635
36252058|10030636
36252059|10030637
36252060|10030638
36252061|36252061
36252062|10049962
36252063|10049963
36252064|10049964
36252065|10049965
36252066|10049966
36252067|10049967
36252068|10049968
36252069|10049969
36252070|10049970
36252071|10049971
36252072|10049972
36252073|10049973
36252074|10009397
36252075|10013157
36252076|10030399
36252077|36252077
36252078|36252078
36252079|10016748
36252080|10063696
36252081|10009543
36252082|10009546
36252083|10009547
36252084|10009563
36252085|10009570
36252086|10009577
36252087|10009578
36252088|10009590
36252089|10009598
36252090|10009613
36252091|10009617
36252092|10017190
36252093|10017191
36252094|10017274
36252095|10017307
36252096|10030569
36252097|10030572
36252098|10030573
36252099|10030590
36252100|10030597
36252101|10030605
36252102|10030606
36252103|10030618
36252104|10030625
36252105|10030640
36252106|10030644
36252107|36252107
36252108|10050140
36252109|10050141
36252110|10050142
36252111|10050143
36252112|10050144
36252113|10050145
36252114|10050146
36252115|10050147
36252116|10050148
36252117|10050149
36252118|10050150
36252119|10050151
36252120|10009601
36252121|10017214
36252122|10017215
36252123|10017311
36252124|10030628
36252125|36252125
36252126|10006382
36252127|36252127
36252128|10009508
36252129|10009535
36252130|10009536
36252131|10009592
36252132|10009600
36252133|10017106
36252134|36252134
36252135|10017108
36252136|10017109
36252137|10017280
36252138|10030529
36252139|10030561
36252140|10030562
36252141|10030620
36252142|10030627
36252143|10009620
36252144|36252144
36252145|10017078
36252146|10017079
36252147|10017144
36252148|10017145
36252149|10017146
36252150|10017147
36252151|10017187
36252152|10017188
36252153|10017189
36252154|10017200
36252155|10017201
36252156|10017202
36252157|10017203
36252158|10017204
36252159|10017205
36252160|10017232
36252161|10017242
36252162|10017243
36252163|10017254
36252164|10017255
36252165|10017259
36252166|10017260
36252167|10017271
36252168|10030580
36252169|10004476
36252170|10006062
36252171|10006386
36252172|10009510
36252173|10009517
36252174|10009538
36252175|10009559
36252176|10009560
36252177|10009561
36252178|10009564
36252179|10009565
36252180|10009567
36252181|10009569
36252182|10009574
36252183|10009595
36252184|10017154
36252185|10017155
36252186|10017156
36252187|10017171
36252188|10017172
36252189|10017173
36252190|10017286
36252191|10017297
36252192|10017313
36252193|36252193
36252194|10028180
36252195|10028205
36252196|10028206
36252197|10028207
36252198|10028235
36252199|10030531
36252200|10030542
36252201|10030564
36252202|10030586
36252203|10030587
36252204|10030588
36252205|10030591
36252206|10030592
36252207|10030594
36252208|10030596
36252209|10030602
36252210|10030623
36252211|10009597
36252212|10009651
36252213|10009652
36252214|10017090
36252215|10017091
36252216|10017123
36252217|10017124
36252218|10017127
36252219|10017128
36252220|10017129
36252221|10017134
36252222|10017135
36252223|10017142
36252224|10017143
36252225|10017150
36252226|10017151
36252227|10017197
36252228|10017212
36252229|10017218
36252230|10017219
36252231|10017226
36252232|10017227
36252233|10017233
36252234|10017234
36252235|10017235
36252236|10017248
36252237|10017249
36252238|10017252
36252239|10017253
36252240|36252240
36252241|10031751
36252242|10031752
36252243|10032077
36252244|10032344
36252245|10063716
36252246|10004143
36252247|10009924
36252248|10009925
36252249|10017080
36252250|10017125
36252251|10017126
36252252|10017164
36252253|10017165
36252254|10017198
36252255|10017199
36252256|10017240
36252257|10017241
36252258|10017276
36252259|10017306
36252260|10017323
36252261|10031610
36252262|10031750
36252263|10032345
36252264|10037747
36252265|36252265
36252266|10041223
36252267|10054864
36252268|10009509
36252269|10009537
36252270|10009549
36252271|10009572
36252272|10009587
36252273|10009588
36252274|10017192
36252275|10017193
36252276|10017194
36252277|10030530
36252278|10030563
36252279|10030575
36252280|10030599
36252281|10030615
36252282|10030616
36252283|36252283
36252284|10017086
36252285|10017110
36252286|10017111
36252287|10017116
36252288|10017117
36252289|10017166
36252290|10017167
36252291|10017208
36252292|10017209
36252293|10017246
36252294|10017247
36252295|10017277
36252296|10017302
36252297|10017316
36252298|10030279
36252299|10031537
36252300|10031611
36252301|36252301
36252302|10006383
36252303|10014344
36252304|10021347
36252305|10021351
36252306|10021352
36252307|10021353
36252308|10021355
36252309|10023957
36252310|10046291
36252311|10049127
36252312|10049128
36252313|36252313
36252314|10006393
36252315|10009528
36252316|10009529
36252317|10009550
36252318|10009558
36252319|10009566
36252320|10009571
36252321|10009575
36252322|10009614
36252323|10009615
36252324|10009616
36252325|10009638
36252326|10017105
36252327|10017278
36252328|10017305
36252329|10017309
36252330|10017319
36252331|10028824
36252332|10030554
36252333|10030555
36252334|10030576
36252335|10030585
36252336|10030593
36252337|10030598
36252338|10030603
36252339|10030641
36252340|10030642
36252341|10030643
36252342|10030668
36252343|36252343
36252344|36252344
36252345|10008420
36252346|10011127
36252347|36252347
36252348|36252348
36252349|10008425
36252350|36252350
36252351|36252351
36252352|36252352
36252353|36252353
36252354|10006455
36252355|10006456
36252356|10008427
36252357|36252357
36252358|10035753
36252359|10067200
36252360|10001025
36252361|10001030
36252362|36252362
36252363|10054588
36252364|10009123
36252365|10009124
36252366|10031463
36252367|10031464
36252368|10038672
36252369|10038673
36252370|10038698
36252371|10046141
36252372|10046142
36252373|10046301
36252374|10046302
36252375|10050546
36252376|36252376
36252377|36252377
36252378|10035778
36252379|36252379
36252380|10013115
36252381|10050259
36252382|10050260
36252383|10050261
36252384|10050262
36252385|10050263
36252386|10050264
36252387|10044246
36252388|10048467
36252389|10048468
36252390|36252390
36252391|10062372
36252392|36252392
36252393|10065965
36252394|10065966
36252395|36252395
36252396|10001615
36252397|10031483
36252398|10000650
36252399|10001599
36252400|10001600
36252401|10001601
36252402|36252402
36252403|10013768
36252404|10044148
36252405|10044166
36252406|10044169
36252407|10044173
36252408|10044180
36252409|10044197
36252410|10044213
36252411|10001625
36252412|10001631
36252413|36252413
36252414|10001633
36252415|10001634
36252416|10031484
36252417|10031485
36252418|10032499
36252419|10037236
36252420|10045621
36252421|36252421
36252422|36252422
36252423|36252423
36252424|10044157
36252425|36252425
36252426|10000465
36252427|36252427
36252428|10023981
36252429|10023982
36252430|10032995
36252431|10034747
36252432|10041315
36252433|10044146
36252434|10044151
36252435|10044152
36252436|10044156
36252437|10044158
36252438|10044159
36252439|10044160
36252440|10044161
36252441|10044164
36252442|10044165
36252443|10044170
36252444|10044175
36252445|10044183
36252446|10044186
36252447|10044187
36252448|10044195
36252449|10044196
36252450|10044202
36252451|10044203
36252452|10044204
36252453|10044206
36252454|10044207
36252455|10044208
36252456|10044209
36252457|10044218
36252458|10057745
36252459|36252459
36252460|36252460
36252461|10037736
36252462|36252462
36252463|36252463
36252464|36252464
36252465|10050439
36252466|10013714
36252467|10013742
36252468|36252468
36252469|10013747
36252470|10013748
36252471|10013749
36252472|10013751
36252473|10023973
36252474|10023974
36252475|10033299
36252476|10034153
36252477|10044247
36252478|10044252
36252479|10045618
36252480|10045619
36252481|10056943
36252482|10066634
36252483|10066766
36252484|36252484
36252485|10015125
36252486|10004483
36252487|10015711
36252488|10036005
36252489|10049435
36252490|36252490
36252491|10054035
36252492|10056403
36252493|10057026
36252494|10068154
36252495|10016817
36252496|36252496
36252497|10020629
36252498|10060486
36252499|36252499
36252500|10044162
36252501|10044168
36252502|10044171
36252503|10044174
36252504|10044177
36252505|10044182
36252506|10044188
36252507|10044189
36252508|10044190
36252509|10044191
36252510|10044198
36252511|10044199
36252512|10044210
36252513|10044211
36252514|10044214
36252515|36252515
36252516|36252516
36252517|10064893
36252518|36252518
36252519|10034154
36252520|36252520
36252521|10004965
36252522|10005879
36252523|10005880
36252524|10006815
36252525|10018772
36252526|10018793
36252527|10019359
36252528|10024079
36252529|10024083
36252530|10027108
36252531|10027109
36252532|36252532
36252533|10039504
36252534|10044149
36252535|10044150
36252536|10044154
36252537|10044155
36252538|10044163
36252539|10044172
36252540|10044176
36252541|10044178
36252542|10044179
36252543|10044185
36252544|10044192
36252545|10044193
36252546|10044194
36252547|10044200
36252548|10044215
36252549|10044216
36252550|10058951
36252551|10063573
36252552|10067491
36252553|36252553
36252554|36252554
36252555|10044237
36252556|36252556
36252557|10035866
36252558|36252558
36252559|10002195
36252560|36252560
36252561|10037790
36252562|10042025
36252563|10044238
36252564|10044258
36252565|10067571
36252566|36252566
36252567|10029349
36252568|36252568
36252569|10029351
36252570|36252570
36252571|10044205
36252572|10022727
36252573|10051732
36252574|36252574
36252575|10012212
36252576|36252576
36252577|10036001
36252578|10051211
36252579|36252579
36252580|36252580
36252581|10066325
36252582|36252582
36252583|10002727
36252584|10004104
36252585|10004105
36252586|10006399
36252587|10006402
36252588|10006403
36252589|10012995
36252590|10012996
36252591|10012997
36252592|10012998
36252593|10012999
36252594|10021509
36252595|10022901
36252596|10022902
36252597|10022926
36252598|10022927
36252599|10024644
36252600|10030881
36252601|10035779
36252602|10035780
36252603|10035781
36252604|10035782
36252605|10035783
36252606|10035784
36252607|10035785
36252608|10035786
36252609|10035787
36252610|10035788
36252611|10035789
36252612|10035790
36252613|10035791
36252614|10035792
36252615|10035793
36252616|10035794
36252617|10035795
36252618|10035796
36252619|10035797
36252620|10035798
36252621|10035799
36252622|10035800
36252623|10035801
36252624|10035802
36252625|10035803
36252626|10035804
36252627|10035805
36252628|10035806
36252629|10035807
36252630|10035808
36252631|10035809
36252632|10035810
36252633|10035811
36252634|10035812
36252635|10035813
36252636|10035814
36252637|10035815
36252638|10035816
36252639|10035817
36252640|10035818
36252641|10035819
36252642|10035820
36252643|10035821
36252644|10035822
36252645|10035823
36252646|10035824
36252647|10035825
36252648|10035826
36252649|10035827
36252650|10035828
36252651|10035829
36252652|10035830
36252653|10035831
36252654|10035832
36252655|10035833
36252656|10035834
36252657|10035835
36252658|10035836
36252659|10035837
36252660|10035838
36252661|10035839
36252662|10035840
36252663|10035841
36252664|10035842
36252665|10035843
36252666|10035844
36252667|10035845
36252668|10035846
36252669|10035847
36252670|10035848
36252671|10035849
36252672|10035850
36252673|10035851
36252674|10035852
36252675|10035853
36252676|10035854
36252677|10035855
36252678|10035856
36252679|10035857
36252680|10035858
36252681|10035859
36252682|10035861
36252683|10035862
36252684|10035863
36252685|10035864
36252686|10035865
36252687|10035867
36252688|10035868
36252689|10035869
36252690|10035870
36252691|10035871
36252692|10035872
36252693|10035873
36252694|10035874
36252695|10035875
36252696|10035876
36252697|10035877
36252698|10035878
36252699|10035879
36252700|10035880
36252701|10035881
36252702|10035882
36252703|10035883
36252704|10035884
36252705|10035885
36252706|10035886
36252707|10035887
36252708|10035888
36252709|10035889
36252710|10035890
36252711|10035891
36252712|10035892
36252713|10035893
36252714|10035894
36252715|10035895
36252716|10035896
36252717|10035897
36252718|10035898
36252719|10035899
36252720|10035900
36252721|10035901
36252722|10035902
36252723|10035903
36252724|10035904
36252725|10035905
36252726|10035906
36252727|10035907
36252728|10035908
36252729|10035909
36252730|10035910
36252731|10035911
36252732|10035912
36252733|10035913
36252734|10035914
36252735|10035915
36252736|10035916
36252737|10035917
36252738|10035918
36252739|10035919
36252740|10035920
36252741|10035921
36252742|10035922
36252743|10035923
36252744|10035924
36252745|10035925
36252746|10035926
36252747|10035927
36252748|10035928
36252749|10035929
36252750|10035930
36252751|10035931
36252752|10035932
36252753|10035933
36252754|10035934
36252755|10035935
36252756|10035936
36252757|10035937
36252758|10035938
36252759|10035939
36252760|10035940
36252761|10035941
36252762|10035942
36252763|10035943
36252764|10035944
36252765|10035945
36252766|10035946
36252767|10035947
36252768|10035948
36252769|10035949
36252770|10035950
36252771|10035951
36252772|10035952
36252773|10035953
36252774|10035954
36252775|10035955
36252776|10035956
36252777|10035957
36252778|10035958
36252779|10035959
36252780|10035960
36252781|10035961
36252782|10035962
36252783|10035963
36252784|10035964
36252785|10035965
36252786|10035966
36252787|10035967
36252788|10035968
36252789|10035969
36252790|10035970
36252791|10035971
36252792|10035972
36252793|10035973
36252794|10035974
36252795|10035975
36252796|10035976
36252797|10035977
36252798|10035978
36252799|10035979
36252800|10035980
36252801|10035981
36252802|10035982
36252803|10035983
36252804|10035984
36252805|10035985
36252806|10035986
36252807|10035987
36252808|10035988
36252809|10035989
36252810|10035990
36252811|10035991
36252812|10035992
36252813|10035993
36252814|10035994
36252815|10035995
36252816|10035996
36252817|10035997
36252818|10035998
36252819|10035999
36252820|10036002
36252821|10036003
36252822|10036004
36252823|10039376
36252824|10039378
36252825|10043407
36252826|36252826
36252827|10044711
36252828|10049614
36252829|10050501
36252830|10052037
36252831|10052472
36252832|10056776
36252833|10056777
36252834|10044212
36252835|10067843
36252836|36252836
36252837|10014628
36252838|10014638
36252839|10014639
36252840|10014640
36252841|36252841
36252842|10044227
36252843|10049035
36252844|10059651
36252845|10068155
36252846|10036119
36252847|10057674
36252848|36252848
36252849|10044219
36252850|36252850
36252851|36252851
36252852|10054319
36252853|36252853
36252854|10068414
36252855|10013695
36252856|10013696
36252857|10026922
36252858|36252858
36252859|10057982
36252860|10057988
36252861|10061359
36252862|10068465
36252863|36252863
36252864|10064471
36252865|10002728
36252866|10009816
36252867|10010166
36252868|10013750
36252869|10019090
36252870|36252870
36252871|10028719
36252872|10029806
36252873|10029807
36252874|10032328
36252875|10042624
36252876|10042625
36252877|10042626
36252878|10046057
36252879|10060521
36252880|10028928
36252881|36252881
36252882|10044438
36252883|36252883
36252884|10068445
36252885|36252885
36252886|10063156
36252887|36252887
36252888|10064138
36252889|36252889
36252890|10019439
36252891|10019440
36252892|36252892
36252893|10055384
36252894|10055891
36252895|10055892
36252896|36252896
36252897|10022125
36252898|10022358
36252899|36252899
36252900|36252900
36252901|10016429
36252902|10022133
36252903|10022139
36252904|10022161
36252905|10022162
36252906|10022163
36252907|10022164
36252908|10022167
36252909|10022172
36252910|10022173
36252911|10022188
36252912|10022194
36252913|10022202
36252914|10022204
36252915|10022207
36252916|10022211
36252917|10022215
36252918|10022218
36252919|10022259
36252920|10022279
36252921|10022291
36252922|10022293
36252923|10022308
36252924|10022314
36252925|10022317
36252926|10022318
36252927|10022327
36252928|10022348
36252929|10022352
36252930|10022354
36252931|10022385
36252932|10037745
36252933|36252933
36252934|10003174
36252935|10003237
36252936|10039300
36252937|10022140
36252938|10022143
36252939|10022148
36252940|10022149
36252941|10022150
36252942|10022151
36252943|10022152
36252944|10022153
36252945|10022154
36252946|10022155
36252947|10022156
36252948|10022176
36252949|10022181
36252950|10022208
36252951|10022210
36252952|10022217
36252953|10022220
36252954|10022234
36252955|10022235
36252956|10022236
36252957|10022262
36252958|10022270
36252959|10022271
36252960|10022272
36252961|10022273
36252962|10022274
36252963|10022275
36252964|10022276
36252965|10022277
36252966|10022278
36252967|10022309
36252968|10022311
36252969|10022319
36252970|10022320
36252971|10022322
36252972|10022323
36252973|10022328
36252974|10022330
36252975|10022359
36252976|10022360
36252977|10022365
36252978|10022367
36252979|10022368
36252980|10022369
36252981|10022370
36252982|10022371
36252983|10023575
36252984|10023958
36252985|10023959
36252986|36252986
36252987|10047081
36252988|36252988
36252989|10022213
36252990|10022214
36252991|10022356
36252992|36252992
36252993|10022134
36252994|10022142
36252995|10022189
36252996|10022192
36252997|10022203
36252998|10022205
36252999|10022209
36253000|10022212
36253001|10022216
36253002|10022219
36253003|10022269
36253004|10022280
36253005|10022292
36253006|10022310
36253007|10022312
36253008|10022313
36253009|10022316
36253010|10022321
36253011|10022329
36253012|10022334
36253013|10022349
36253014|10022355
36253015|10022386
36253016|36253016
36253017|10065849
36253018|10008035
36253019|10008036
36253020|10008037
36253021|10008038
36253022|10008039
36253023|10008040
36253024|10008041
36253025|10008042
36253026|10008043
36253027|10008044
36253028|10008045
36253029|10008046
36253030|10008047
36253031|10008048
36253032|10008049
36253033|10008050
36253034|10008051
36253035|10008052
36253036|10008053
36253037|10008054
36253038|10008055
36253039|10008056
36253040|10008057
36253041|10008058
36253042|10008059
36253043|10008060
36253044|10008061
36253045|10008062
36253046|10008063
36253047|10008064
36253048|10008065
36253049|10008066
36253050|10008067
36253051|10008068
36253052|10008069
36253053|10008070
36253054|10008071
36253055|10008122
36253056|10008123
36253057|10008124
36253058|10011128
36253059|10011129
36253060|10011130
36253061|10011131
36253062|10011132
36253063|10011133
36253064|10011134
36253065|10011135
36253066|10011136
36253067|10011137
36253068|10011138
36253069|10011139
36253070|10011140
36253071|10011141
36253072|10011142
36253073|10011143
36253074|10011144
36253075|10011145
36253076|10011146
36253077|10011147
36253078|10011148
36253079|10011149
36253080|10011150
36253081|10011151
36253082|10011152
36253083|10011153
36253084|10011154
36253085|10011155
36253086|10011156
36253087|10011157
36253088|10011158
36253089|10011159
36253090|10011160
36253091|10011161
36253092|10011162
36253093|10011163
36253094|10011164
36253095|10023969
36253096|10031308
36253097|10031309
36253098|10031310
36253099|10031311
36253100|10031312
36253101|10031313
36253102|10031314
36253103|10031315
36253104|10031316
36253105|10031317
36253106|10031318
36253107|10031319
36253108|10031320
36253109|10031321
36253110|10031322
36253111|10031323
36253112|10031533
36253113|10031534
36253114|36253114
36253115|36253115
36253116|10051613
36253117|36253117
36253118|10055236
36253119|36253119
36253120|10010255
36253121|10010256
36253122|10010257
36253123|10010258
36253124|10010259
36253125|10010260
36253126|10010261
36253127|10010262
36253128|10010263
36253129|10054790
36253130|36253130
36253131|36253131
36253132|10015012
36253133|10015013
36253134|36253134
36253135|10015770
36253136|10015771
36253137|10015772
36253138|10015773
36253139|10015774
36253140|10015775
36253141|10015776
36253142|10015777
36253143|10015778
36253144|10015779
36253145|10015780
36253146|10015781
36253147|10015782
36253148|10015783
36253149|10015784
36253150|10015785
36253151|10015786
36253152|10015787
36253153|10015788
36253154|10029734
36253155|10029735
36253156|36253156
36253157|10050163
36253158|10055373
36253159|10055381
36253160|10055790
36253161|10057727
36253162|10057728
36253163|10067522
36253164|36253164
36253165|10011546
36253166|10024091
36253167|10024637
36253168|36253168
36253169|10064923
36253170|10036252
36253171|10036253
36253172|10036308
36253173|36253173
36253174|36253174
36253175|10063948
36253176|10009146
36253177|10009147
36253178|10019442
36253179|36253179
36253180|10042362
36253181|10042366
36253182|10042367
36253183|10042368
36253184|10042369
36253185|10042370
36253186|10042371
36253187|10042372
36253188|10042373
36253189|10042374
36253190|10042375
36253191|10042376
36253192|10042377
36253193|10042378
36253194|10042379
36253195|10042380
36253196|10042381
36253197|10042383
36253198|10049162
36253199|10049163
36253200|36253200
36253201|10050165
36253202|10055374
36253203|10055383
36253204|10055893
36253205|10066659
36253206|10066660
36253207|10019000
36253208|10019588
36253209|36253209
36253210|10042384
36253211|10042385
36253212|10042386
36253213|10042387
36253214|10042388
36253215|10055875
36253216|10056224
36253217|10006117
36253218|10022499
36253219|10022500
36253220|10022501
36253221|10022502
36253222|10022503
36253223|10022504
36253224|10022505
36253225|10022506
36253226|10022507
36253227|10022508
36253228|10022509
36253229|10022510
36253230|10022511
36253231|10022512
36253232|10022513
36253233|10022514
36253234|10022766
36253235|10022767
36253236|10022768
36253237|10022769
36253238|10049036
36253239|10056380
36253240|36253240
36253241|10061250
36253242|36253242
36253243|10044529
36253244|10055350
36253245|36253245
36253246|36253246
36253247|36253247
36253248|10022160
36253249|36253249
36253250|36253250
36253251|36253251
36253252|10022159
36253253|10022179
36253254|10022186
36253255|10022232
36253256|10022233
36253257|10022257
36253258|10022266
36253259|10022267
36253260|10022282
36253261|10022283
36253262|10044517
36253263|36253263
36253264|36253264
36253265|10037360
36253266|10022180
36253267|36253267
36253268|36253268
36253269|10013875
36253270|10035757
36253271|10035758
36253272|36253272
36253273|10014314
36253274|36253274
36253275|10019614
36253276|10044523
36253277|10044524
36253278|10044526
36253279|10044527
36253280|10044532
36253281|10044533
36253282|10044534
36253283|10044535
36253284|10044537
36253285|10044538
36253286|10048644
36253287|10052799
36253288|10060632
36253289|10060665
36253290|10010864
36253291|10010865
36253292|10010886
36253293|10023601
36253294|10023602
36253295|10025104
36253296|10025105
36253297|10025106
36253298|36253298
36253299|10045969
36253300|10045970
36253301|36253301
36253302|36253302
36253303|10004110
36253304|10009803
36253305|10009804
36253306|36253306
36253307|10035654
36253308|10035656
36253309|10035657
36253310|10043100
36253311|36253311
36253312|10044536
36253313|10044539
36253314|10044540
36253315|10035655
36253316|36253316
36253317|10050363
36253318|36253318
36253319|36253319
36253320|36253320
36253321|36253321
36253322|10044292
36253323|10044294
36253324|10044295
36253325|10011307
36253326|10022260
36253327|10022261
36253328|10022281
36253329|10022372
36253330|10023960
36253331|36253331
36253332|36253332
36253333|10022190
36253334|36253334
36253335|10022363
36253336|36253336
36253337|10022206
36253338|36253338
36253339|10022128
36253340|36253340
36253341|10052435
36253342|36253342
36253343|36253343
36253344|36253344
36253345|10018503
36253346|10024032
36253347|10027064
36253348|10042574
36253349|10043258
36253350|10068808
36253351|36253351
36253352|36253352
36253353|10060814
36253354|10049738
36253355|10049745
36253356|36253356
36253357|10049204
36253358|10050036
36253359|10058913
36253360|10059061
36253361|10059062
36253362|36253362
36253363|10065435
36253364|10009131
36253365|10010973
36253366|10010974
36253367|10021342
36253368|10023045
36253369|10023159
36253370|10023160
36253371|10023977
36253372|10023978
36253373|36253373
36253374|10025021
36253375|10031496
36253376|10032893
36253377|10032894
36253378|10032956
36253379|10034269
36253380|10034270
36253381|10037746
36253382|10039359
36253383|10039360
36253384|10039363
36253385|10039364
36253386|10041750
36253387|10041751
36253388|10041753
36253389|10041754
36253390|10041761
36253391|10041762
36253392|10041763
36253393|10041776
36253394|10041781
36253395|10041785
36253396|10041787
36253397|10041789
36253398|10041791
36253399|10041796
36253400|10042019
36253401|10042020
36253402|10042021
36253403|10043479
36253404|10043480
36253405|10043761
36253406|10043762
36253407|10043832
36253408|10045376
36253409|10046169
36253410|10046173
36253411|10003992
36253412|10019109
36253413|10025008
36253414|10025009
36253415|10028297
36253416|36253416
36253417|10028316
36253418|10028360
36253419|10041765
36253420|10041773
36253421|10041780
36253422|10041792
36253423|36253423
36253424|10039307
36253425|10044063
36253426|10057742
36253427|10058703
36253428|10000106
36253429|10001135
36253430|10018737
36253431|10022010
36253432|10022011
36253433|10024893
36253434|10025010
36253435|10025022
36253436|10028337
36253437|10028338
36253438|10028840
36253439|10028841
36253440|10037305
36253441|10038103
36253442|10041774
36253443|10042164
36253444|10042423
36253445|10042424
36253446|10042595
36253447|10042596
36253448|10043430
36253449|10049452
36253450|36253450
36253451|10057325
36253452|10063421
36253453|10069207
36253454|36253454
36253455|10038582
36253456|36253456
36253457|10062627
36253458|36253458
36253459|10000435
36253460|10000440
36253461|10019122
36253462|10023980
36253463|10028168
36253464|10028172
36253465|10030695
36253466|10030722
36253467|10030724
36253468|10030739
36253469|10030743
36253470|10030746
36253471|10030759
36253472|10030767
36253473|10030780
36253474|10030821
36253475|10030827
36253476|10030830
36253477|10030836
36253478|10030845
36253479|10030852
36253480|36253480
36253481|10043252
36253482|10064106
36253483|10000439
36253484|10004548
36253485|10029736
36253486|10029737
36253487|10029738
36253488|10029739
36253489|10029740
36253490|10029741
36253491|10029742
36253492|10029743
36253493|10029744
36253494|10039298
36253495|10039313
36253496|10039326
36253497|10039328
36253498|10043236
36253499|36253499
36253500|10043249
36253501|10044062
36253502|10057729
36253503|10057730
36253504|10057731
36253505|10057732
36253506|10057743
36253507|10067259
36253508|10067586
36253509|10000432
36253510|10000433
36253511|10000441
36253512|10031056
36253513|10033502
36253514|10034123
36253515|10034742
36253516|10043232
36253517|36253517
36253518|10043256
36253519|10043831
36253520|10058497
36253521|10065137
36253522|10067215
36253523|10069028
36253524|36253524
36253525|10047930
36253526|10063419
36253527|36253527
36253528|10014921
36253529|36253529
36253530|10044460
36253531|10068660
36253532|10011422
36253533|10022245
36253534|10029177
36253535|10051607
36253536|36253536
36253537|10058657
36253538|10058658
36253539|10058659
36253540|10022242
36253541|10022244
36253542|10022382
36253543|10029185
36253544|36253544
36253545|10022165
36253546|36253546
36253547|10022229
36253548|36253548
36253549|10022333
36253550|36253550
36253551|10022183
36253552|36253552
36253553|10022166
36253554|10022290
36253555|36253555
36253556|36253556
36253557|10000371
36253558|10000376
36253559|10000377
36253560|10001535
36253561|10039141
36253562|36253562
36253563|10000375
36253564|10013591
36253565|10013592
36253566|10022122
36253567|36253567
36253568|10021727
36253569|10022118
36253570|36253570
36253571|10002516
36253572|10002517
36253573|10007723
36253574|10013589
36253575|10024734
36253576|36253576
36253577|10002520
36253578|10002521
36253579|10007728
36253580|10013590
36253581|36253581
36253582|10004198
36253583|10006540
36253584|10007926
36253585|10016772
36253586|10022403
36253587|10022407
36253588|10022409
36253589|10022413
36253590|10022415
36253591|10022417
36253592|10022419
36253593|10022421
36253594|10022422
36253595|10022424
36253596|10041517
36253597|10043839
36253598|10048840
36253599|10048857
36253600|10053704
36253601|10053705
36253602|10057712
36253603|36253603
36253604|10022425
36253605|10002664
36253606|36253606
36253607|10004199
36253608|10039728
36253609|10042065
36253610|10047831
36253611|10003496
36253612|36253612
36253613|10003502
36253614|10003503
36253615|10042169
36253616|10042443
36253617|10052281
36253618|36253618
36253619|10032533
36253620|10044462
36253621|10044513
36253622|10045644
36253623|36253623
36253624|10004967
36253625|10004181
36253626|36253626
36253627|10064222
36253628|10011421
36253629|10011444
36253630|10011449
36253631|10011460
36253632|10023949
36253633|36253633
36253634|36253634
36253635|36253635
36253636|36253636
36253637|10000245
36253638|10000248
36253639|10000249
36253640|10000250
36253641|10000251
36253642|10000252
36253643|10000253
36253644|10000254
36253645|10000255
36253646|10000256
36253647|10000257
36253648|10000258
36253649|10000259
36253650|10000260
36253651|10000261
36253652|10000262
36253653|10000263
36253654|10000264
36253655|10000265
36253656|10000266
36253657|10023979
36253658|10031627
36253659|10031628
36253660|10031629
36253661|10031630
36253662|10031631
36253663|10031632
36253664|10031635
36253665|10031636
36253666|10031637
36253667|10031638
36253668|10031640
36253669|10031641
36253670|10031642
36253671|10031643
36253672|10031645
36253673|10042529
36253674|10042533
36253675|10042534
36253676|10042535
36253677|10042536
36253678|10042537
36253679|10042539
36253680|10042540
36253681|36253681
36253682|10064990
36253683|10066132
36253684|10066133
36253685|36253685
36253686|10016177
36253687|10016178
36253688|10024873
36253689|10008658
36253690|36253690
36253691|10016247
36253692|10024679
36253693|10048472
36253694|10062394
36253695|10001038
36253696|10005976
36253697|10016999
36253698|10017006
36253699|10017007
36253700|10017009
36253701|10017010
36253702|10017011
36253703|10017013
36253704|10017014
36253705|10017015
36253706|10017018
36253707|10017020
36253708|10017021
36253709|10017022
36253710|10017023
36253711|10017024
36253712|10017026
36253713|10017027
36253714|10017028
36253715|10017029
36253716|10017030
36253717|10017031
36253718|10017032
36253719|10017034
36253720|10017035
36253721|10017036
36253722|10017038
36253723|10017039
36253724|10017040
36253725|10017041
36253726|10017043
36253727|10017044
36253728|10017046
36253729|10017049
36253730|36253730
36253731|10017054
36253732|10023951
36253733|10038618
36253734|10038750
36253735|10038756
36253736|10038774
36253737|10056272
36253738|10064940
36253739|36253739
36253740|36253740
36253741|36253741
36253742|10000380
36253743|10001405
36253744|10008212
36253745|10011392
36253746|10014285
36253747|10021998
36253748|36253748
36253749|10022121
36253750|10022123
36253751|10022390
36253752|10022521
36253753|10023944
36253754|10023945
36253755|10023972
36253756|10023984
36253757|10023992
36253758|10023993
36253759|10023995
36253760|10028149
36253761|10028682
36253762|10029527
36253763|10031345
36253764|10031514
36253765|10031577
36253766|10031582
36253767|10031584
36253768|10031585
36253769|10031634
36253770|10032025
36253771|10032028
36253772|36253772
36253773|10042526
36253774|10042538
36253775|10044461
36253776|10044464
36253777|10044528
36253778|10022584
36253779|10022585
36253780|10022586
36253781|10022587
36253782|10023965
36253783|10023966
36253784|10023967
36253785|10023968
36253786|36253786
36253787|36253787
36253788|36253788
36253789|10028225
36253790|10056381
36253791|36253791
36253792|10023970
36253793|10023971
36253794|10028166
36253795|10028167
36253796|10028169
36253797|10028170
36253798|10028171
36253799|10028173
36253800|10028174
36253801|10030686
36253802|10030687
36253803|10030688
36253804|10030689
36253805|10030690
36253806|10030691
36253807|10030692
36253808|10030693
36253809|10030694
36253810|10030696
36253811|10030697
36253812|10030698
36253813|10030699
36253814|10030700
36253815|10030701
36253816|10030702
36253817|10030703
36253818|10030704
36253819|10030705
36253820|10030706
36253821|10030707
36253822|10030708
36253823|10030709
36253824|10030710
36253825|10030711
36253826|10030712
36253827|10030713
36253828|10030714
36253829|10030715
36253830|10030716
36253831|10030717
36253832|10030718
36253833|10030719
36253834|10030720
36253835|10030721
36253836|10030723
36253837|10030725
36253838|10030726
36253839|10030727
36253840|10030728
36253841|10030729
36253842|10030730
36253843|10030731
36253844|10030733
36253845|10030734
36253846|10030735
36253847|10030736
36253848|10030737
36253849|10030738
36253850|10030740
36253851|10030741
36253852|10030742
36253853|10030744
36253854|10030745
36253855|10030747
36253856|10030748
36253857|10030749
36253858|10030750
36253859|10030751
36253860|10030752
36253861|10030753
36253862|10030754
36253863|10030755
36253864|10030756
36253865|10030757
36253866|10030758
36253867|10030760
36253868|10030761
36253869|10030762
36253870|10030763
36253871|10030764
36253872|10030765
36253873|10030766
36253874|10030768
36253875|10030769
36253876|10030770
36253877|10030771
36253878|10030772
36253879|10030773
36253880|10030774
36253881|10030775
36253882|10030776
36253883|10030777
36253884|10030778
36253885|10030779
36253886|10030781
36253887|10030782
36253888|10030783
36253889|10030784
36253890|10030785
36253891|10030786
36253892|10030787
36253893|10030788
36253894|10030789
36253895|10030790
36253896|10030791
36253897|10030792
36253898|10030793
36253899|10030794
36253900|10030795
36253901|10030796
36253902|10030797
36253903|10030798
36253904|10030799
36253905|10030800
36253906|10030801
36253907|10030802
36253908|10030803
36253909|10030804
36253910|10030805
36253911|10030806
36253912|10030807
36253913|10030808
36253914|10030809
36253915|10030810
36253916|10030811
36253917|10030812
36253918|10030813
36253919|10030814
36253920|10030815
36253921|10030816
36253922|10030817
36253923|10030818
36253924|10030819
36253925|10030820
36253926|10030822
36253927|10030823
36253928|10030824
36253929|10030825
36253930|10030826
36253931|10030828
36253932|10030829
36253933|10030831
36253934|10030832
36253935|10030833
36253936|10030834
36253937|10030835
36253938|10030837
36253939|10030838
36253940|10030839
36253941|10030842
36253942|10030843
36253943|10030844
36253944|10030846
36253945|10030851
36253946|10030853
36253947|10030854
36253948|10030855
36253949|10031612
36253950|10031613
36253951|10032357
36253952|10032846
36253953|10054841
36253954|36253954
36253955|10036310
36253956|10036332
36253957|10036333
36253958|10052068
36253959|36253959
36253960|10063996
36253961|36253961
36253962|10000373
36253963|10003835
36253964|10006816
36253965|10011714
36253966|10027993
36253967|10028008
36253968|36253968
36253969|10039248
36253970|10044332
36253971|10047181
36253972|10066118
36253973|10066119
36253974|10000515
36253975|10009178
36253976|10013141
36253977|36253977
36253978|10039581
36253979|10039589
36253980|10039590
36253981|10057060
36253982|10057061
36253983|10032156
36253984|10040770
36253985|10057328
36253986|10057331
36253987|36253987
36253988|36253988
36253989|36253989
36253990|36253990
36253991|10041292
36253992|10066832
36253993|36253993
36253994|10014284
36253995|10024493
36253996|36253996
36253997|10023983
36253998|10044477
36253999|36253999
36254000|36254000
36254001|10018858
36254002|10042430
36254003|36254003
36254004|10044525
36254005|10055386
36254006|10055679
36254007|36254007
36254008|10055349
36254009|36254009
36254010|36254010
36254011|36254011
36254012|10067258
36254013|10048771
36254014|10051583
36254015|36254015
36254016|10049542
36254017|10049543
36254018|36254018
36254019|10062873
36254020|10062874
36254021|10062875
36254022|10067712
36254023|36254023
36254024|36254024
36254025|10051386
36254026|10055360
36254027|36254027
36254028|10022141
36254029|36254029
36254030|10022157
36254031|36254031
36254032|10022191
36254033|10022230
36254034|36254034
36254035|10022231
36254036|36254036
36254037|36254037
36254038|10027386
36254039|10022243
36254040|36254040
36254041|10022174
36254042|10022175
36254043|10022182
36254044|10022237
36254045|10022238
36254046|10022239
36254047|10022258
36254048|10022268
36254049|10022284
36254050|10022285
36254051|10022286
36254052|10022287
36254053|10022303
36254054|10022304
36254055|10022353
36254056|10022375
36254057|10022376
36254058|10022377
36254059|10022381
36254060|10023962
36254061|10023963
36254062|10023964
36254063|10023990
36254064|10029180
36254065|10031869
36254066|36254066
36254067|10022307
36254068|36254068
36254069|10022315
36254070|36254070
36254071|10022324
36254072|36254072
36254073|10022335
36254074|36254074
36254075|10022366
36254076|36254076
36254077|10051851
36254078|36254078
36254079|10065392
36254080|36254080
36254081|10060606
36254082|36254082
36254083|10039332
36254084|36254084
36254085|10019437
36254086|10019438
36254087|36254087
36254088|10038462
36254089|10010139
36254090|10010140
36254091|10022221
36254092|10022222
36254093|10022223
36254094|36254094
36254095|10023592
36254096|10023593
36254097|10038473
36254098|10045971
36254099|10045972
36254100|36254100
36254101|36254101
36254102|10022383
36254103|10022384
36254104|10046386
36254105|36254105
36254106|36254106
36254107|36254107
36254108|10044547
36254109|36254109
36254110|10005072
36254111|10039301
36254112|10039329
36254113|36254113
36254114|10047365
36254115|10057741
36254116|10022146
36254117|10022147
36254118|10046578
36254119|36254119
36254120|10011430
36254121|36254121
36254122|36254122
36254123|10010854
36254124|36254124
36254125|10029923
36254126|10029924
36254127|36254127
36254128|10034249
36254129|10034250
36254130|10034251
36254131|10034252
36254132|10055377
36254133|10055894
36254134|10055895
36254135|10055896
36254136|36254136
36254137|10068040
36254138|10020087
36254139|36254139
36254140|36254140
36254141|10022387
36254142|10022388
36254143|10046795
36254144|36254144
36254145|10034426
36254146|10034431
36254147|10039314
36254148|10039315
36254149|10039316
36254150|10039317
36254151|10039318
36254152|10039319
36254153|10039320
36254154|10039321
36254155|10039322
36254156|10039323
36254157|10039324
36254158|10039327
36254159|10039335
36254160|10039336
36254161|36254161
36254162|36254162
36254163|10046845
36254164|10046846
36254165|10055571
36254166|10056168
36254167|10064537
36254168|10020085
36254169|10020086
36254170|10020088
36254171|10020089
36254172|10030277
36254173|10030847
36254174|10030848
36254175|36254175
36254176|10065922
36254177|10030271
36254178|10030849
36254179|10030850
36254180|36254180
36254181|10058531
36254182|36254182
36254183|36254183
36254184|10011426
36254185|10000682
36254186|36254186
36254187|10003987
36254188|36254188
36254189|36254189
36254190|10011427
36254191|36254191
36254192|10008021
36254193|10060530
36254194|10060531
36254195|10011446
36254196|10011451
36254197|10011452
36254198|36254198
36254199|10011462
36254200|10044705
36254201|10011431
36254202|10011432
36254203|36254203
36254204|36254204
36254205|10054854
36254206|36254206
36254207|10049615
36254208|10009553
36254209|10017132
36254210|10017133
36254211|10030579
36254212|36254212
36254213|10059461
36254214|10011450
36254215|36254215
36254216|10050236
36254217|36254217
36254218|36254218
36254219|36254219
36254220|10039750
36254221|36254221
36254222|10054801
36254223|10054802
36254224|10054803
36254225|36254225
36254226|10067260
36254227|36254227
36254228|10005194
36254229|10005196
36254230|10005198
36254231|10005200
36254232|10005202
36254233|10005204
36254234|10005207
36254235|10005209
36254236|10005211
36254237|10005214
36254238|10005216
36254239|10006554
36254240|10047367
36254241|10047368
36254242|36254242
36254243|10006502
36254244|10006503
36254245|10006504
36254246|10006505
36254247|10006506
36254248|10006507
36254249|10006508
36254250|10006509
36254251|10006510
36254252|10006511
36254253|10006512
36254254|10010837
36254255|10010838
36254256|10010839
36254257|10010840
36254258|10010841
36254259|10010842
36254260|10010843
36254261|10010844
36254262|10010845
36254263|10010850
36254264|10010851
36254265|10010852
36254266|10010853
36254267|10010855
36254268|10010858
36254269|10010859
36254270|10010860
36254271|10010861
36254272|10010862
36254273|10010863
36254274|10010866
36254275|10010867
36254276|10010868
36254277|10010869
36254278|10010870
36254279|10010872
36254280|10010873
36254281|10010874
36254282|10010875
36254283|10010876
36254284|10010877
36254285|10010878
36254286|10010879
36254287|10010880
36254288|10010881
36254289|10010882
36254290|10010883
36254291|10010884
36254292|10010885
36254293|10023948
36254294|36254294
36254295|36254295
36254296|10012461
36254297|36254297
36254298|10066186
36254299|36254299
36254300|36254300
36254301|10044330
36254302|36254302
36254303|10022115
36254304|10023989
36254305|10039519
36254306|10040878
36254307|36254307
36254308|10063695
36254309|10063845
36254310|10000384
36254311|10023573
36254312|10023574
36254313|10023576
36254314|10023580
36254315|10023581
36254316|10023583
36254317|10023584
36254318|10023585
36254319|10023586
36254320|10023587
36254321|10023594
36254322|10023604
36254323|10023605
36254324|10023608
36254325|10048704
36254326|10049925
36254327|10049926
36254328|36254328
36254329|10066049
36254330|36254330
36254331|10042499
36254332|10042500
36254333|10042501
36254334|10042502
36254335|10042507
36254336|10042508
36254337|10042509
36254338|10042510
36254339|10042511
36254340|10042512
36254341|10042513
36254342|10042514
36254343|10042515
36254344|10042516
36254345|10042517
36254346|10042518
36254347|10042519
36254348|10042520
36254349|10042521
36254350|10042522
36254351|10042523
36254352|10042524
36254353|10042525
36254354|36254354
36254355|10042346
36254356|36254356
36254357|36254357
36254358|36254358
36254359|10066961
36254360|10068897
36254361|36254361
36254362|10019222
36254363|36254363
36254364|36254364
36254365|10055341
36254366|36254366
36254367|10022344
36254368|10023976
36254369|10028251
36254370|10028252
36254371|36254371
36254372|10041556
36254373|10041559
36254374|10041561
36254375|10046170
36254376|10046171
36254377|10046172
36254378|10007819
36254379|10007820
36254380|36254380
36254381|10006840
36254382|10006841
36254383|10006842
36254384|10006843
36254385|10006844
36254386|10006845
36254387|10006846
36254388|10006847
36254389|10006848
36254390|10006849
36254391|10008311
36254392|10008312
36254393|36254393
36254394|10025003
36254395|10025004
36254396|36254396
36254397|10039351
36254398|10039352
36254399|36254399
36254400|10013599
36254401|10013600
36254402|36254402
36254403|10043046
36254404|10043047
36254405|10043048
36254406|10043049
36254407|10043050
36254408|10043064
36254409|10043065
36254410|10043066
36254411|10043067
36254412|10043068
36254413|36254413
36254414|10055342
36254415|36254415
36254416|10055382
36254417|36254417
36254418|36254418
36254419|10044543
36254420|36254420
36254421|10004130
36254422|10014279
36254423|10032716
36254424|10045858
36254425|36254425
36254426|10005090
36254427|10014280
36254428|10015703
36254429|10048751
36254430|36254430
36254431|10006932
36254432|36254432
36254433|10043403
36254434|36254434
36254435|10000876
36254436|10020045
36254437|36254437
36254438|10031567
36254439|10009006
36254440|10027814
36254441|36254441
36254442|10004128
36254443|10004132
36254444|36254444
36254445|36254445
36254446|10008508
36254447|36254447
36254448|10008529
36254449|10034698
36254450|10043419
36254451|36254451
36254452|10014287
36254453|10032717
36254454|10045859
36254455|36254455
36254456|10017383
36254457|10017384
36254458|10017385
36254459|10017386
36254460|10017387
36254461|10017388
36254462|10021416
36254463|36254463
36254464|36254464
36254465|36254465
36254466|10019333
36254467|10019334
36254468|10019335
36254469|10019337
36254470|10014281
36254471|10014282
36254472|10019336
36254473|10032747
36254474|10045860
36254475|36254475
36254476|10019329
36254477|10019342
36254478|36254478
36254479|10019346
36254480|10019347
36254481|10042495
36254482|10042498
36254483|10067355
36254484|36254484
36254485|10022988
36254486|36254486
36254487|10023513
36254488|36254488
36254489|36254489
36254490|36254490
36254491|10001028
36254492|10008832
36254493|10037429
36254494|36254494
36254495|10001895
36254496|36254496
36254497|36254497
36254498|36254498
36254499|10016656
36254500|36254500
36254501|10013260
36254502|10014286
36254503|10022124
36254504|10023975
36254505|36254505
36254506|10037761
36254507|10037762
36254508|10042629
36254509|10042630
36254510|10042631
36254511|10042632
36254512|36254512
36254513|36254513
36254514|36254514
36254515|10028575
36254516|36254516
36254517|36254517
36254518|36254518
36254519|36254519
36254520|36254520
36254521|36254521
36254522|10012450
36254523|10012487
36254524|10037769
36254525|10061103
36254526|36254526
36254527|10063640
36254528|10039725
36254529|36254529
36254530|36254530
36254531|10006714
36254532|36254532
36254533|36254533
36254534|10006708
36254535|10006718
36254536|10015470
36254537|10030150
36254538|10052161
36254539|10053193
36254540|10055451
36254541|10055463
36254542|10055490
36254543|10056096
36254544|10056107
36254545|10006711
36254546|36254546
36254547|10006713
36254548|10006717
36254549|10006719
36254550|10006767
36254551|36254551
36254552|10015160
36254553|10015161
36254554|10015162
36254555|10015163
36254556|10015164
36254557|10015165
36254558|10015166
36254559|10015167
36254560|10015168
36254561|10015169
36254562|10015170
36254563|10015171
36254564|10015172
36254565|10015173
36254566|10015174
36254567|10015175
36254568|10015176
36254569|10015177
36254570|10015178
36254571|10015179
36254572|10015180
36254573|10015181
36254574|10015182
36254575|10015183
36254576|10015184
36254577|10015185
36254578|10015186
36254579|10015187
36254580|10015188
36254581|10015189
36254582|10015190
36254583|10015191
36254584|10015192
36254585|10015193
36254586|10015194
36254587|10015195
36254588|10015196
36254589|10015197
36254590|10015198
36254591|10015199
36254592|10015200
36254593|10015201
36254594|10015202
36254595|10015203
36254596|10015204
36254597|10015205
36254598|10015206
36254599|10015207
36254600|10015208
36254601|10016700
36254602|10056765
36254603|10056790
36254604|36254604
36254605|10005220
36254606|10005221
36254607|10005222
36254608|10005223
36254609|10005224
36254610|10005225
36254611|10005226
36254612|10005227
36254613|10005228
36254614|10005229
36254615|10005230
36254616|10005231
36254617|10005232
36254618|10005233
36254619|10005234
36254620|10005235
36254621|10005236
36254622|10005237
36254623|10005238
36254624|10005239
36254625|10005240
36254626|10005241
36254627|10005242
36254628|10005243
36254629|10005244
36254630|10005245
36254631|10005246
36254632|10005247
36254633|10005248
36254634|10005249
36254635|10005250
36254636|10005251
36254637|10005252
36254638|10005253
36254639|10005254
36254640|10005255
36254641|10005256
36254642|10005257
36254643|10005258
36254644|10005259
36254645|10005260
36254646|10005261
36254647|10005262
36254648|10005263
36254649|36254649
36254650|10039798
36254651|10005217
36254652|10005218
36254653|10005219
36254654|10006635
36254655|10006637
36254656|10006638
36254657|10006640
36254658|10006641
36254659|10006642
36254660|10006644
36254661|10006645
36254662|10006646
36254663|10006647
36254664|10006649
36254665|10006650
36254666|10006651
36254667|10006652
36254668|10006653
36254669|10006655
36254670|10006656
36254671|10006657
36254672|10006658
36254673|10006659
36254674|10006660
36254675|10006662
36254676|10006663
36254677|10006664
36254678|10006665
36254679|10006666
36254680|10006667
36254681|10006668
36254682|10006670
36254683|10006671
36254684|10006672
36254685|10006673
36254686|10006674
36254687|10006675
36254688|10006676
36254689|10006677
36254690|10006679
36254691|10006680
36254692|10006681
36254693|10006682
36254694|10006683
36254695|10006684
36254696|10006685
36254697|10006686
36254698|10006687
36254699|10006688
36254700|10006691
36254701|10006692
36254702|10006693
36254703|10006694
36254704|10006695
36254705|10006696
36254706|10006697
36254707|10006698
36254708|10006699
36254709|36254709
36254710|10011991
36254711|10011992
36254712|10011993
36254713|10011994
36254714|10011995
36254715|10011996
36254716|10011997
36254717|10011998
36254718|10011999
36254719|10012000
36254720|10012001
36254721|10012002
36254722|10012003
36254723|10012004
36254724|10012005
36254725|10012006
36254726|10012007
36254727|10012008
36254728|10012009
36254729|10012010
36254730|10012011
36254731|10012012
36254732|10012013
36254733|10012014
36254734|10012015
36254735|10012016
36254736|10012017
36254737|10012018
36254738|10012019
36254739|10012020
36254740|10012021
36254741|10012022
36254742|10012023
36254743|10012024
36254744|10012025
36254745|10012026
36254746|10012027
36254747|10012028
36254748|10012029
36254749|10012030
36254750|10012031
36254751|10012032
36254752|10012033
36254753|10012034
36254754|10012035
36254755|10012036
36254756|10012037
36254757|10012038
36254758|10012039
36254759|10012040
36254760|10012041
36254761|10012042
36254762|10012043
36254763|10012044
36254764|10012045
36254765|10012046
36254766|10012047
36254767|10012048
36254768|10012049
36254769|10012050
36254770|10012051
36254771|10012052
36254772|10012053
36254773|10012054
36254774|10012055
36254775|10012056
36254776|10012057
36254777|10012058
36254778|10012059
36254779|10012060
36254780|10012061
36254781|10012062
36254782|10012063
36254783|10012064
36254784|10012065
36254785|10012066
36254786|10012067
36254787|10012068
36254788|10012069
36254789|10012070
36254790|10012071
36254791|10012072
36254792|10012073
36254793|10012074
36254794|10012075
36254795|10012076
36254796|10012077
36254797|10012078
36254798|10012079
36254799|10012080
36254800|10012081
36254801|10012082
36254802|10012083
36254803|10012084
36254804|10012085
36254805|10012086
36254806|10012087
36254807|10017420
36254808|10017421
36254809|10017422
36254810|10017423
36254811|10017424
36254812|10017425
36254813|10017426
36254814|10017427
36254815|10017428
36254816|10017429
36254817|10017430
36254818|10017431
36254819|10017432
36254820|10017433
36254821|10017434
36254822|10017435
36254823|10017436
36254824|10017437
36254825|10017438
36254826|10017439
36254827|10017440
36254828|10017441
36254829|10017442
36254830|10017443
36254831|10017444
36254832|10017445
36254833|10017446
36254834|10017447
36254835|10017448
36254836|10017449
36254837|10017450
36254838|10017451
36254839|10017452
36254840|10017453
36254841|10017454
36254842|10017455
36254843|10017456
36254844|10017457
36254845|10017458
36254846|10017459
36254847|10017460
36254848|10017461
36254849|10017462
36254850|10017463
36254851|10017464
36254852|10017465
36254853|10017466
36254854|10043441
36254855|10006634
36254856|10006636
36254857|10006639
36254858|10006643
36254859|10006648
36254860|10006654
36254861|10006661
36254862|10006669
36254863|10006678
36254864|10006689
36254865|10006690
36254866|10006700
36254867|10006706
36254868|10006709
36254869|10006710
36254870|10006715
36254871|10006716
36254872|10006720
36254873|10006721
36254874|10006722
36254875|10006723
36254876|10006724
36254877|10006725
36254878|10006726
36254879|10006727
36254880|10006728
36254881|10006729
36254882|10006730
36254883|10006731
36254884|10006732
36254885|10006734
36254886|10006735
36254887|10006736
36254888|10006737
36254889|10006738
36254890|10006739
36254891|10006740
36254892|10006741
36254893|10006742
36254894|10006743
36254895|10006744
36254896|10006745
36254897|10006746
36254898|10006747
36254899|10006748
36254900|10006749
36254901|10006750
36254902|10006751
36254903|10006752
36254904|10006753
36254905|10006754
36254906|10006755
36254907|10006756
36254908|10006757
36254909|10006758
36254910|10006759
36254911|10006760
36254912|10006761
36254913|10006762
36254914|10006763
36254915|10006764
36254916|10006765
36254917|10006766
36254918|10006768
36254919|10006769
36254920|10006772
36254921|10006794
36254922|10006795
36254923|10006798
36254924|10006799
36254925|10006800
36254926|10006801
36254927|10015723
36254928|10023939
36254929|10023940
36254930|10023941
36254931|10023942
36254932|10023943
36254933|10028175
36254934|10039514
36254935|10042504
36254936|10049311
36254937|36254937
36254938|10054963
36254939|10056631
36254940|10056632
36254941|10056633
36254942|10056634
36254943|10056635
36254944|10056636
36254945|10056637
36254946|10056638
36254947|10056639
36254948|10056640
36254949|10056760
36254950|10056761
36254951|10056784
36254952|10056785
36254953|10056786
36254954|10067762
36254955|36254955
36254956|10063977
36254957|10001314
36254958|10013735
36254959|10013736
36254960|36254960
36254961|36254961
36254962|10058327
36254963|10063627
36254964|10063973
36254965|36254965
36254966|36254966
36254967|10063976
36254968|10064319
36254969|10064320
36254970|10064321
36254971|10064322
36254972|10064323
36254973|10064324
36254974|10064325
36254975|10064326
36254976|10067927
36254977|10021590
36254978|10048054
36254979|10063974
36254980|36254980
36254981|10064366
36254982|36254982
36254983|10064312
36254984|10064313
36254985|10064314
36254986|36254986
36254987|10064310
36254988|10064311
36254989|10021594
36254990|10063975
36254991|36254991
36254992|10013660
36254993|10048057
36254994|36254994
36254995|10064308
36254996|10064309
36254997|10064315
36254998|10064316
36254999|10064317
36255000|10064318
36255001|10064384
36255002|10067538
36255003|36255003
36255004|10065644
36255005|36255005
36255006|10063982
36255007|10064297
36255008|36255008
36255009|36255009
36255010|36255010
36255011|10064299
36255012|10066953
36255013|36255013
36255014|10048056
36255015|10063978
36255016|10064371
36255017|10057387
36255018|36255018
36255019|10064356
36255020|10064357
36255021|10064358
36255022|10064359
36255023|10064360
36255024|10064737
36255025|10066958
36255026|10067592
36255027|36255027
36255028|36255028
36255029|10064361
36255030|10064362
36255031|10064363
36255032|10064364
36255033|10064365
36255034|10064367
36255035|10065631
36255036|10065632
36255037|10065633
36255038|10065634
36255039|10065635
36255040|10065636
36255041|10065637
36255042|10067894
36255043|36255043
36255044|10064300
36255045|10064301
36255046|10064302
36255047|10064303
36255048|36255048
36255049|10065640
36255050|10065641
36255051|10065642
36255052|10065643
36255053|10065645
36255054|36255054
36255055|36255055
36255056|10066277
36255057|10066279
36255058|36255058
36255059|36255059
36255060|36255060
36255061|10000379
36255062|10021583
36255063|10063980
36255064|10064369
36255065|10064370
36255066|10050426
36255067|36255067
36255068|10057983
36255069|10057989
36255070|10062301
36255071|10037757
36255072|10056404
36255073|36255073
36255074|36255074
36255075|10064377
36255076|36255076
36255077|10064383
36255078|36255078
36255079|10064375
36255080|10064376
36255081|10064378
36255082|36255082
36255083|10064379
36255084|36255084
36255085|10000382
36255086|10013737
36255087|10033297
36255088|10051376
36255089|10012211
36255090|10013738
36255091|36255091
36255092|10029529
36255093|10033298
36255094|10033300
36255095|36255095
36255096|10062765
36255097|36255097
36255098|36255098
36255099|36255099
36255100|10033301
36255101|36255101
36255102|10052735
36255103|10066378
36255104|10067695
36255105|10067696
36255106|10068719
36255107|36255107
36255108|10006535
36255109|36255109
36255110|10049980
36255111|10049984
36255112|10049985
36255113|10050229
36255114|10050230
36255115|10050231
36255116|10050442
36255117|10050636
36255118|10054305
36255119|10056491
36255120|10062861
36255121|10062862
36255122|10002106
36255123|10002107
36255124|10007938
36255125|10007939
36255126|10009705
36255127|10009706
36255128|10010181
36255129|10010182
36255130|10012789
36255131|10012807
36255132|10026903
36255133|10026904
36255134|10031777
36255135|10031778
36255136|10031779
36255137|10031780
36255138|10031781
36255139|10031805
36255140|10031806
36255141|10045558
36255142|10045561
36255143|10045666
36255144|10045667
36255145|10045668
36255146|10045669
36255147|10045670
36255148|10051184
36255149|10051185
36255150|10054322
36255151|10054325
36255152|36255152
36255153|10062534
36255154|10062535
36255155|10062536
36255156|10062540
36255157|10062541
36255158|10062819
36255159|10062870
36255160|10062871
36255161|10063137
36255162|10063138
36255163|10063174
36255164|10063178
36255165|36255165
36255166|10050232
36255167|10050233
36255168|10054321
36255169|36255169
36255170|10002109
36255171|10002110
36255172|10037361
36255173|10037362
36255174|10037363
36255175|10037364
36255176|10037365
36255177|10037366
36255178|10049982
36255179|10049983
36255180|10054323
36255181|10054585
36255182|10055554
36255183|10062826
36255184|10062827
36255185|10002103
36255186|10002104
36255187|10040565
36255188|10040566
36255189|10050226
36255190|10054318
36255191|10054324
36255192|36255192
36255193|10062869
36255194|10003106
36255195|36255195
36255196|10012207
36255197|10012208
36255198|10013650
36255199|10036328
36255200|10054369
36255201|10054560
36255202|10057228
36255203|36255203
36255204|10049504
36255205|36255205
36255206|36255206
36255207|10054578
36255208|10067173
36255209|10067178
36255210|36255210
36255211|10050633
36255212|36255212
36255213|10054330
36255214|10054682
36255215|36255215
36255216|36255216
36255217|36255217
36255218|36255218
36255219|10055130
36255220|10055131
36255221|10055132
36255222|10055133
36255223|10055134
36255224|10055135
36255225|10055136
36255226|10055137
36255227|10055138
36255228|10057752
36255229|10060441
36255230|36255230
36255231|10055155
36255232|36255232
36255233|10055129
36255234|10055151
36255235|10057659
36255236|36255236
36255237|10043615
36255238|10058568
36255239|10059336
36255240|10059337
36255241|36255241
36255242|10055142
36255243|36255243
36255244|36255244
36255245|10055140
36255246|10055153
36255247|36255247
36255248|10057662
36255249|36255249
36255250|36255250
36255251|36255251
36255252|10063176
36255253|36255253
36255254|36255254
36255255|10048726
36255256|36255256
36255257|36255257
36255258|36255258
36255259|10008090
36255260|36255260
36255261|10031422
36255262|10031661
36255263|10032383
36255264|10032384
36255265|10032385
36255266|36255266
36255267|10034880
36255268|10034881
36255269|10034882
36255270|10034884
36255271|10034888
36255272|10034889
36255273|10034890
36255274|10034891
36255275|10034892
36255276|10034895
36255277|10034896
36255278|10034899
36255279|10036301
36255280|10048449
36255281|10051996
36255282|10067560
36255283|10067562
36255284|10051632
36255285|36255285
36255286|10068830
36255287|36255287
36255288|10051094
36255289|36255289
36255290|10049815
36255291|36255291
36255292|10055125
36255293|10055141
36255294|10055143
36255295|10055144
36255296|10055145
36255297|10055146
36255298|10055147
36255299|10055148
36255300|10055149
36255301|36255301
36255302|10064254
36255303|10067646
36255304|36255304
36255305|36255305
36255306|10063079
36255307|36255307
36255308|10048976
36255309|10048977
36255310|10049675
36255311|10059128
36255312|10059431
36255313|36255313
36255314|36255314
36255315|10067654
36255316|36255316
36255317|10049787
36255318|10055519
36255319|36255319
36255320|36255320
36255321|10012591
36255322|10056625
36255323|10063788
36255324|10066190
36255325|10067346
36255326|10067455
36255327|10068952
36255328|10059836
36255329|10063831
36255330|10063833
36255331|10064407
36255332|10065067
36255333|36255333
36255334|10066362
36255335|10012580
36255336|10012582
36255337|10012583
36255338|10012584
36255339|36255339
36255340|10064073
36255341|10065068
36255342|10068944
36255343|36255343
36255344|10068950
36255345|10006390
36255346|36255346
36255347|10065065
36255348|10065069
36255349|36255349
36255350|10066067
36255351|36255351
36255352|10052260
36255353|10066060
36255354|36255354
36255355|36255355
36255356|36255356
36255357|10066461
36255358|10066465
36255359|10066467
36255360|36255360
36255361|36255361
36255362|36255362
36255363|36255363
36255364|36255364
36255365|36255365
36255366|36255366
36255367|36255367
36255368|10050358
36255369|10051404
36255370|36255370
36255371|36255371
36255372|10049930
36255373|36255373
36255374|10049806
36255375|10060792
36255376|36255376
36255377|36255377
36255378|36255378
36255379|10012324
36255380|10014822
36255381|36255381
36255382|10021539
36255383|36255383
36255384|10065071
36255385|10065073
36255386|10068442
36255387|36255387
36255388|36255388
36255389|36255389
36255390|10066160
36255391|10066161
36255392|10066162
36255393|10067680
36255394|36255394
36255395|10066163
36255396|10066164
36255397|10066165
36255398|36255398
36255399|10023098
36255400|10023102
36255401|10068951
36255402|10013396
36255403|10065070
36255404|36255404
36255405|10063830
36255406|36255406
36255407|10065072
36255408|10065075
36255409|10066167
36255410|36255410
36255411|36255411
36255412|36255412
36255413|36255413
36255414|36255414
36255415|10066462
36255416|10066463
36255417|10066464
36255418|10066466
36255419|36255419
36255420|10065074
36255421|36255421
36255422|36255422
36255423|10028895
36255424|10054114
36255425|36255425
36255426|36255426
36255427|10021548
36255428|10064336
36255429|36255429
36255430|10065356
36255431|10068947
36255432|10068948
36255433|36255433
36255434|10010152
36255435|10012576
36255436|10012801
36255437|10012802
36255438|10012803
36255439|10064333
36255440|10063123
36255441|36255441
36255442|36255442
36255443|36255443
36255444|10012589
36255445|10013701
36255446|10027613
36255447|10028038
36255448|10066967
36255449|36255449
36255450|10068946
36255451|10068949
36255452|10068953
36255453|36255453
36255454|10064412
36255455|36255455
36255456|36255456
36255457|36255457
36255458|10068528
36255459|10022818
36255460|36255460
36255461|10023100
36255462|10027030
36255463|10058700
36255464|10065345
36255465|10065346
36255466|10014496
36255467|10023101
36255468|36255468
36255469|10063825
36255470|10063826
36255471|36255471
36255472|10066068
36255473|10066069
36255474|10066070
36255475|10068141
36255476|10068145
36255477|10068146
36255478|10068443
36255479|10012577
36255480|36255480
36255481|10012585
36255482|10015716
36255483|10031767
36255484|10031768
36255485|10031769
36255486|10031770
36255487|10031771
36255488|10031772
36255489|10031773
36255490|10031774
36255491|10031775
36255492|10031776
36255493|10031782
36255494|10053639
36255495|10056488
36255496|36255496
36255497|10064386
36255498|10064413
36255499|10068520
36255500|10068521
36255501|10068527
36255502|36255502
36255503|36255503
36255504|36255504
36255505|10029201
36255506|36255506
36255507|36255507
36255508|10067090
36255509|36255509
36255510|10068543
36255511|36255511
36255512|10049945
36255513|10051172
36255514|10051175
36255515|10067794
36255516|10063824
36255517|36255517
36255518|10064398
36255519|10064399
36255520|10064400
36255521|10064401
36255522|10064402
36255523|10052257
36255524|10052259
36255525|10052261
36255526|36255526
36255527|10063933
36255528|10063934
36255529|10064397
36255530|10051827
36255531|36255531
36255532|10067136
36255533|10036326
36255534|36255534
36255535|36255535
36255536|36255536
36255537|10058071
36255538|36255538
36255539|36255539
36255540|36255540
36255541|10021370
36255542|10021371
36255543|10021372
36255544|10021373
36255545|10021374
36255546|10021375
36255547|10021376
36255548|10021377
36255549|10024151
36255550|10024152
36255551|10024153
36255552|10024154
36255553|10024155
36255554|10024156
36255555|10024157
36255556|10024158
36255557|36255557
36255558|10021357
36255559|10021358
36255560|10021359
36255561|10021360
36255562|10021361
36255563|10021362
36255564|10021363
36255565|10021364
36255566|10021365
36255567|10021366
36255568|10021367
36255569|10021368
36255570|10021389
36255571|10021390
36255572|10021391
36255573|10021392
36255574|10021393
36255575|10021394
36255576|10021395
36255577|10021396
36255578|10021397
36255579|10024140
36255580|10024141
36255581|10024142
36255582|10024143
36255583|10024144
36255584|10024145
36255585|10024146
36255586|10024147
36255587|10024148
36255588|10024149
36255589|10024169
36255590|10024170
36255591|10024171
36255592|10024172
36255593|10024173
36255594|10024174
36255595|10024175
36255596|10024176
36255597|10024177
36255598|10000226
36255599|10021388
36255600|10024168
36255601|36255601
36255602|36255602
36255603|10021379
36255604|10021380
36255605|10021381
36255606|10021382
36255607|10021383
36255608|10021384
36255609|10021385
36255610|10021386
36255611|10021387
36255612|10024160
36255613|10024161
36255614|10024162
36255615|10024163
36255616|10024164
36255617|10024165
36255618|10024166
36255619|10024167
36255620|10000216
36255621|10016103
36255622|10016104
36255623|10016105
36255624|10016106
36255625|10016107
36255626|10016108
36255627|10016109
36255628|10016110
36255629|10016111
36255630|10016112
36255631|10016113
36255632|10016114
36255633|36255633
36255634|36255634
36255635|10055290
36255636|36255636
36255637|10005974
36255638|10005975
36255639|10025367
36255640|10010155
36255641|10010156
36255642|36255642
36255643|10010172
36255644|10010173
36255645|10010174
36255646|10010175
36255647|10010176
36255648|10010177
36255649|10010178
36255650|10010179
36255651|10010191
36255652|36255652
36255653|36255653
36255654|36255654
36255655|36255655
36255656|10049929
36255657|10023514
36255658|10023516
36255659|36255659
36255660|10057299
36255661|36255661
36255662|10024847
36255663|10032397
36255664|10057300
36255665|36255665
36255666|36255666
36255667|10036263
36255668|10036384
36255669|10036385
36255670|10036386
36255671|10036387
36255672|10036388
36255673|36255673
36255674|10065990
36255675|10067487
36255676|10067682
36255677|36255677
36255678|36255678
36255679|10001285
36255680|10003073
36255681|36255681
36255682|10003075
36255683|10068160
36255684|10068741
36255685|36255685
36255686|36255686
36255687|36255687
36255688|10036279
36255689|36255689
36255690|10068152
36255691|36255691
36255692|36255692
36255693|36255693
36255694|10069047
36255695|10019221
36255696|10019230
36255697|10025001
36255698|10036240
36255699|10036270
36255700|10037982
36255701|36255701
36255702|36255702
36255703|10050228
36255704|10064880
36255705|36255705
36255706|10019223
36255707|10065663
36255708|36255708
36255709|36255709
36255710|36255710
36255711|36255711
36255712|36255712
36255713|10001527
36255714|10001528
36255715|10029908
36255716|10029909
36255717|10029910
36255718|10029911
36255719|10029912
36255720|10029913
36255721|36255721
36255722|10058066
36255723|36255723
36255724|36255724
36255725|10056429
36255726|36255726
36255727|36255727
36255728|36255728
36255729|10010170
36255730|36255730
36255731|10010188
36255732|10010189
36255733|10059681
36255734|10059682
36255735|36255735
36255736|36255736
36255737|36255737
36255738|10002242
36255739|36255739
36255740|36255740
36255741|10058068
36255742|10059066
36255743|10059680
36255744|10051339
36255745|10051365
36255746|36255746
36255747|10059601
36255748|36255748
36255749|10063578
36255750|36255750
36255751|10059401
36255752|36255752
36255753|36255753
36255754|36255754
36255755|10066616
36255756|10052258
36255757|36255757
36255758|10059270
36255759|36255759
36255760|10021179
36255761|10031539
36255762|10033021
36255763|36255763
36255764|10021545
36255765|36255765
36255766|10028873
36255767|10043892
36255768|36255768
36255769|36255769
36255770|10064903
36255771|10065619
36255772|36255772
36255773|36255773
36255774|10059246
36255775|36255775
36255776|10051110
36255777|10055289
36255778|10059356
36255779|36255779
36255780|10065620
36255781|36255781
36255782|10030859
36255783|36255783
36255784|10050107
36255785|10051536
36255786|10055298
36255787|10055310
36255788|36255788
36255789|10015132
36255790|36255790
36255791|10007937
36255792|10007940
36255793|10010154
36255794|10010157
36255795|10010158
36255796|10010159
36255797|10010161
36255798|10010167
36255799|10010169
36255800|10010192
36255801|10017942
36255802|10023931
36255803|10023947
36255804|10031766
36255805|10031799
36255806|10032200
36255807|10032297
36255808|10032552
36255809|10032553
36255810|10034632
36255811|10036262
36255812|10036265
36255813|10036278
36255814|10036391
36255815|10038671
36255816|10045683
36255817|10045990
36255818|10046535
36255819|10057238
36255820|10058018
36255821|36255821
36255822|10059602
36255823|10063101
36255824|10066748
36255825|10051609
36255826|36255826
36255827|10057754
36255828|10034713
36255829|10036280
36255830|10056569
36255831|36255831
36255832|10018857
36255833|10036281
36255834|10036283
36255835|10048835
36255836|10055370
36255837|36255837
36255838|10063193
36255839|10005125
36255840|10005127
36255841|10018994
36255842|10019573
36255843|10036277
36255844|10036282
36255845|10049468
36255846|10051014
36255847|36255847
36255848|10054113
36255849|10054709
36255850|10055320
36255851|10055322
36255852|10056503
36255853|10059020
36255854|10065748
36255855|10065749
36255856|10030119
36255857|10054499
36255858|36255858
36255859|10063647
36255860|36255860
36255861|10001277
36255862|10036275
36255863|10048548
36255864|36255864
36255865|36255865
36255866|36255866
36255867|10042071
36255868|10042072
36255869|36255869
36255870|10013409
36255871|10013410
36255872|10013411
36255873|10013412
36255874|10013413
36255875|10013414
36255876|10013415
36255877|10013416
36255878|10013417
36255879|10013418
36255880|10031385
36255881|10031794
36255882|10031795
36255883|10031796
36255884|10036289
36255885|10036291
36255886|10036409
36255887|10049753
36255888|10050227
36255889|36255889
36255890|10031798
36255891|10042610
36255892|10045682
36255893|10052620
36255894|36255894
36255895|10065824
36255896|10065825
36255897|10065826
36255898|10065827
36255899|10065828
36255900|10065829
36255901|10065830
36255902|10065831
36255903|10065832
36255904|10065834
36255905|10065840
36255906|10065841
36255907|10065842
36255908|10065843
36255909|10065844
36255910|10065845
36255911|10065846
36255912|10065847
36255913|10065848
36255914|10050235
36255915|10050631
36255916|36255916
36255917|10062888
36255918|10063067
36255919|10050632
36255920|10050635
36255921|10056679
36255922|10059269
36255923|36255923
36255924|36255924
36255925|10042619
36255926|10048452
36255927|10059058
36255928|10059071
36255929|10059072
36255930|10065669
36255931|36255931
36255932|36255932
36255933|10063046
36255934|10063047
36255935|36255935
36255936|10052095
36255937|36255937
36255938|36255938
36255939|36255939
36255940|36255940
36255941|10061142
36255942|36255942
36255943|10043099
36255944|10034423
36255945|36255945
36255946|10036770
36255947|10038579
36255948|36255948
36255949|10051117
36255950|36255950
36255951|10059076
36255952|10059815
36255953|10068524
36255954|10039334
36255955|10042636
36255956|36255956
36255957|36255957
36255958|10069030
36255959|36255959
36255960|36255960
36255961|36255961
36255962|36255962
36255963|10053210
36255964|36255964
36255965|10048040
36255966|36255966
36255967|10053914
36255968|10062838
36255969|10006376
36255970|36255970
36255971|36255971
36255972|36255972
36255973|10016117
36255974|10016118
36255975|10016119
36255976|10016120
36255977|10016121
36255978|36255978
36255979|10029907
36255980|10031382
36255981|10031384
36255982|10031791
36255983|10031792
36255984|10031793
36255985|36255985
36255986|36255986
36255987|36255987
36255988|36255988
36255989|36255989
36255990|36255990
36255991|36255991
36255992|10065788
36255993|36255993
36255994|10065886
36255995|10065887
36255996|10065888
36255997|10065897
36255998|36255998
36255999|36255999
36256000|36256000
36256001|36256001
36256002|36256002
36256003|10062505
36256004|36256004
36256005|10064691
36256006|10064695
36256007|10002093
36256008|10012808
36256009|10012809
36256010|10022861
36256011|10062864
36256012|36256012
36256013|10063489
36256014|10066822
36256015|10066823
36256016|10066824
36256017|10066825
36256018|10066826
36256019|10066830
36256020|10066831
36256021|36256021
36256022|36256022
36256023|10067811
36256024|36256024
36256025|10066827
36256026|10068523
36256027|36256027
36256028|36256028
36256029|36256029
36256030|36256030
36256031|36256031
36256032|10056750
36256033|10064114
36256034|36256034
36256035|10067827
36256036|36256036
36256037|10064717
36256038|36256038
36256039|36256039
36256040|10062548
36256041|10044321
36256042|36256042
36256043|10044323
36256044|10056366
36256045|36256045
36256046|36256046
36256047|36256047
36256048|36256048
36256049|36256049
36256050|10068082
36256051|10068083
36256052|10037767
36256053|10037768
36256054|36256054
36256055|36256055
36256056|36256056
36256057|10053211
36256058|10014562
36256059|36256059
36256060|10042615
36256061|10044544
36256062|36256062
36256063|36256063
36256064|10019613
36256065|36256065
36256066|10065974
36256067|36256067
36256068|10067445
36256069|10005066
36256070|10034384
36256071|10050509
36256072|36256072
36256073|36256073
36256074|10048747
36256075|10049279
36256076|10051366
36256077|10064680
36256078|36256078
36256079|10066235
36256080|10052036
36256081|36256081
36256082|36256082
36256083|36256083
36256084|36256084
36256085|36256085
36256086|36256086
36256087|10066865
36256088|10066866
36256089|36256089
36256090|36256090
36256091|10039302
36256092|10039306
36256093|10051977
36256094|36256094
36256095|10036408
36256096|36256096
36256097|10046473
36256098|36256098
36256099|10065802
36256100|10065803
36256101|10065814
36256102|10065815
36256103|36256103
36256104|36256104
36256105|10051940
36256106|36256106
36256107|10065822
36256108|10065882
36256109|10065883
36256110|10065884
36256111|10065885
36256112|36256112
36256113|36256113
36256114|10036318
36256115|36256115
36256116|10046860
36256117|36256117
36256118|10059078
36256119|10065114
36256120|36256120
36300000|10022891
36302161|10007512
36302162|10011822
36302163|10014706
36302164|10014938
36302165|10053098
36302166|10017971
36302167|10018851
36302168|10019809
36302169|10021505
36302170|10022893
36302171|10024580
36302172|10027432
36302173|10027529
36302174|10028387
36302175|10029295
36302176|10057164
36302177|10037000
36302178|10038362
36302179|10038592
36302180|10038668
36302181|10040879
36302182|10044260
36302183|10047843
36303098|10003801
36303099|10007566
36303100|10007570
36303101|10007574
36303102|10053104
36303103|10053103
36303104|10047044
36303105|10053105
36303106|10047078
36303107|10047110
36303108|10008816
36303109|10001339
36303110|10001355
36303111|10001373
36303112|10014693
36303113|10018034
36303114|10021110
36303115|10033954
36303116|10068275
36303117|10035089
36303118|10035090
36303119|10038589
36303120|10043692
36303121|10068274
36303122|10025368
36303123|10040768
36303124|10043891
36303125|10053100
36303126|10053102
36303127|10053101
36303128|10012981
36303129|10065878
36303130|10017963
36303131|10053099
36303132|10017962
36303133|10005460
36303134|10005570
36303135|10068276
36303136|10068277
36303137|10009728
36303138|10018846
36303139|10035523
36303140|10038148
36303141|10047938
36303142|10019807
36303143|10019808
36303144|10024689
36303145|10003828
36303146|10007873
36303147|10021421
36303148|10021477
36303149|10021504
36303150|10021507
36303151|10020126
36303152|10021404
36303153|10022892
36303154|10008651
36303155|10024624
36303156|10044657
36303157|10005536
36303158|10007217
36303159|10018812
36303160|10027434
36303161|10047598
36303162|10004000
36303163|10017545
36303164|10027530
36303165|10028431
36303166|10033903
36303167|10047490
36303168|10067225
36303169|10028385
36303170|10028386
36303171|10028394
36303172|10003784
36303173|10007949
36303174|10007950
36303175|10008183
36303176|10013994
36303177|10029285
36303178|10030864
36303179|10030866
36303180|10034592
36303181|10067226
36303182|10064463
36303183|10034989
36303184|10008431
36303185|10036998
36303186|10038454
36303187|10046512
36303188|10049179
36303189|10046569
36303190|10046570
36303191|10016462
36303192|10038601
36303193|10038602
36303194|10037385
36303195|10006472
36303196|10006476
36303197|10040862
36303198|10043411
36303199|10044261
36303200|10027637
36303201|10047834
36311779|10007586
36311780|10007587
36311781|10069168
36311782|10019311
36311783|10019312
36311784|10050641
36311785|10049785
36311786|10061739
36311787|10061808
36311788|10061807
36311789|10058470
36311790|10058479
36311791|10058478
36311792|10007575
36311793|10007576
36311794|10007577
36311795|10007578
36311796|10007579
36311797|10053438
36311798|10053440
36311799|10053439
36311800|10007594
36311801|10007595
36311802|10007596
36311803|10053441
36311804|10054017
36311805|10061027
36311806|10055014
36311807|10055063
36311808|10053046
36311809|10060858
36311810|10007651
36311811|10007652
36311812|10007977
36311813|10007978
36311814|10007979
36311815|10007980
36311816|10007981
36311817|10050906
36311818|10050905
36311819|10014113
36311820|10061593
36311821|10014115
36311822|10050527
36311823|10014331
36311824|10050528
36311825|10064144
36311826|10015652
36311827|10015653
36311828|10015654
36311829|10050901
36311830|10050900
36311831|10060065
36311832|10060089
36311833|10060088
36311834|10028211
36311835|10028212
36311836|10028213
36311837|10066954
36311838|10037325
36311839|10037326
36311840|10037327
36311841|10037329
36311842|10037331
36311843|10067283
36311844|10060199
36311845|10060237
36311846|10060236
36311847|10050241
36311848|10042245
36311849|10042246
36311850|10042248
36311851|10042250
36311852|10052700
36311853|10047237
36311854|10047238
36311855|10047239
36311856|10047240
36311857|10047241
36311858|10057921
36311859|10057922
36311860|10057923
36311861|10004779
36311862|10004780
36311863|10004781
36311864|10004842
36311865|10004843
36311866|10004844
36311867|10049185
36311868|10056459
36311869|10056463
36311870|10003200
36311871|10003201
36311872|10003202
36311873|10053451
36311874|10053453
36311875|10053452
36311876|10053445
36311877|10053447
36311878|10053497
36311879|10053499
36311880|10053498
36311881|10053446
36311882|10053442
36311883|10053444
36311884|10053443
36311885|10068336
36311886|10007646
36311887|10007815
36311888|10007816
36311889|10007817
36311890|10060804
36311891|10060806
36311892|10060805
36311893|10054082
36311894|10061501
36311895|10061514
36311896|10053448
36311897|10053450
36311898|10053449
36311899|10057526
36311900|10058317
36311901|10050998
36311902|10014362
36311903|10064209
36311904|10050384
36311905|10056962
36311906|10050383
36311907|10059215
36311908|10053656
36311909|10050656
36311910|10053657
36311911|10014374
36311912|10051177
36311913|10014375
36311914|10014376
36311915|10014377
36311916|10014378
36311917|10014379
36311918|10014380
36311919|10051158
36311920|10014385
36311921|10063748
36311922|10014386
36311923|10014387
36311924|10014388
36311925|10048883
36311926|10067652
36311927|10014389
36311928|10014390
36311929|10014391
36311930|10014392
36311931|10014393
36311932|10061117
36311933|10052333
36311934|10049224
36311935|10049225
36311936|10050380
36311937|10014394
36311938|10051159
36311939|10050382
36311940|10014395
36311941|10050381
36311942|10014396
36311943|10062314
36311944|10055032
36311945|10055068
36311946|10014363
36311947|10014368
36311948|10014369
36311949|10014370
36311950|10061116
36311951|10014372
36311952|10062311
36311953|10014373
36311954|10057999
36311955|10048741
36311956|10052464
36311957|10015644
36311958|10015645
36311959|10015646
36311960|10057622
36311961|10057624
36311962|10057623
36311963|10068479
36311964|10053929
36311965|10053931
36311966|10053899
36311967|10053900
36311968|10053930
36311969|10053926
36311970|10053928
36311971|10053897
36311972|10053898
36311973|10053927
36311974|10053932
36311975|10053934
36311976|10053901
36311977|10053902
36311978|10053933
36311979|10017648
36311980|10019299
36311981|10019300
36311982|10019301
36311983|10019303
36311984|10019304
36311985|10019306
36311986|10050312
36311987|10062995
36311988|10062993
36311989|10053938
36311990|10053940
36311991|10053905
36311992|10053906
36311993|10053939
36311994|10037466
36311995|10037469
36311996|10037478
36311997|10037480
36311998|10037482
36311999|10037483
36312000|10061488
36312001|10061475
36312002|10061487
36312003|10053935
36312004|10053937
36312005|10053903
36312006|10053904
36312007|10053936
36312008|10048815
36312009|10051409
36312010|10058364
36312011|10058393
36312012|10052663
36312013|10058410
36312014|10058409
36312015|10063943
36312016|10051832
36312017|10057895
36312018|10048777
36312019|10049431
36312020|10051833
36312021|10049432
36312022|10065565
36312023|10061637
36312024|10060956
36312025|10061638
36312026|10057452
36312027|10057517
36312028|10057516
36312029|10068866
36312030|10057775
36312031|10057794
36312032|10057795
36312033|10003148
36312034|10003149
36312035|10003150
36312036|10061658
36312037|10061659
36312038|10003194
36312039|10003195
36312040|10003196
36312041|10061682
36312042|10064582
36312043|10013047
36312044|10013048
36312045|10013049
36312046|10025215
36312047|10025216
36312048|10025217
36312049|10045384
36312050|10061604
36312051|10061605
36312052|10045412
36312053|10045413
36312054|10045414
36312055|10052677
36312056|10047208
36312057|10047209
36312058|10047210
36312059|10053463
36312060|10062762
36312061|10062760
36312062|10062761
36312063|10005727
36312064|10005728
36312065|10005729
36312066|10005730
36312067|10005731
36312068|10005732
36312069|10005733
36312070|10005734
36312071|10005735
36312072|10005736
36312073|10005737
36312074|10005739
36312075|10005741
36312076|10005748
36312077|10005750
36312078|10005754
36312079|10053352
36312080|10053354
36312081|10053356
36312082|10053355
36312083|10053353
36312084|10005756
36312085|10005757
36312086|10005758
36312087|10005760
36312088|10005761
36312089|10005762
36312090|10005764
36312091|10065130
36312092|10061189
36312093|10057457
36312094|10057522
36312095|10051013
36312096|10026982
36312097|10026983
36312098|10026985
36312099|10060196
36312100|10060233
36312101|10060231
36312102|10037324
36312103|10060232
36312104|10067771
36312105|10047103
36312106|10067285
36312107|10047104
36312108|10047105
36312109|10047106
36312110|10047107
36312111|10047108
36312112|10062172
36312113|10057458
36312114|10057523
36312115|10060091
36312116|10047234
36312117|10047235
36312118|10047236
36312119|10062176
36312120|10008811
36312121|10008817
36312122|10008818
36312123|10008821
36312124|10008822
36312125|10008823
36312126|10061766
36312127|10061767
36312128|10059882
36312129|10059887
36312130|10059886
36312131|10063296
36312132|10066931
36312133|10063477
36312134|10063479
36312135|10063478
36312136|10023302
36312137|10061522
36312138|10023304
36312139|10063264
36312140|10063263
36312141|10065665
36312142|10065675
36312143|10065674
36312144|10001649
36312145|10061625
36312146|10001651
36312147|10001653
36312148|10001655
36312149|10005293
36312150|10005294
36312151|10005295
36312152|10005296
36312153|10005297
36312154|10005445
36312155|10005446
36312156|10005447
36312157|10005448
36312158|10005449
36312159|10005455
36312160|10005456
36312161|10005457
36312162|10005458
36312163|10005459
36312164|10064799
36312165|10011199
36312166|10061790
36312167|10011201
36312168|10011203
36312169|10011205
36312170|10056629
36312171|10049482
36312172|10056642
36312173|10059774
36312174|10059757
36312175|10059756
36312176|10061460
36312177|10061466
36312178|10018406
36312179|10018407
36312180|10020534
36312181|10020535
36312182|10062009
36312183|10020537
36312184|10020539
36312185|10020541
36312186|10021684
36312187|10033315
36312188|10051591
36312189|10064589
36312190|10064588
36312191|10064591
36312192|10064590
36312193|10059838
36312194|10059840
36312195|10059839
36312196|10059842
36312197|10059843
36312198|10004724
36312199|10004725
36312200|10004726
36312201|10005411
36312202|10005412
36312203|10005413
36312204|10005414
36312205|10005415
36312206|10062277
36312207|10061747
36312208|10061748
36312209|10061034
36312210|10061749
36312211|10015060
36312212|10061845
36312213|10015062
36312214|10015064
36312215|10015066
36312216|10059217
36312217|10062193
36312218|10027444
36312219|10027445
36312220|10027447
36312221|10050925
36312222|10061874
36312223|10029750
36312224|10029752
36312225|10029754
36312226|10060859
36312227|10049097
36312228|10050833
36312229|10050836
36312230|10049528
36312231|10059689
36312232|10059701
36312233|10059700
36312234|10061210
36312235|10062735
36312236|10059590
36312237|10059596
36312238|10061951
36312239|10061952
36312240|10061503
36312241|10061938
36312242|10061939
36312243|10061507
36312244|10061508
36312245|10041328
36312246|10062140
36312247|10062141
36312248|10062149
36312249|10062150
36312250|10049501
36312251|10060987
36312252|10060988
36312253|10005386
36312254|10005387
36312255|10005389
36312256|10005390
36312257|10005391
36312258|10050751
36312259|10005544
36312260|10005545
36312261|10005546
36312262|10005547
36312263|10005548
36312264|10005550
36312265|10005551
36312266|10005552
36312267|10005605
36312268|10005606
36312269|10005613
36312270|10005614
36312271|10005615
36312272|10005772
36312273|10061725
36312274|10005774
36312275|10005775
36312276|10005776
36312277|10063179
36312278|10022474
36312279|10063265
36312280|10022476
36312281|10022478
36312282|10022480
36312283|10022493
36312284|10022494
36312285|10022495
36312286|10050969
36312287|10058612
36312288|10062736
36312289|10063242
36312290|10063241
36312291|10063403
36312292|10043763
36312293|10043764
36312294|10043765
36312295|10005699
36312296|10005700
36312297|10005702
36312298|10005703
36312299|10005704
36312300|10004836
36312301|10004837
36312302|10004838
36312303|10005450
36312304|10005451
36312305|10005452
36312306|10005453
36312307|10005454
36312308|10005531
36312309|10005532
36312310|10005533
36312311|10005534
36312312|10005535
36312313|10005560
36312314|10005561
36312315|10005562
36312316|10005563
36312317|10005564
36312318|10005571
36312319|10005572
36312320|10005573
36312321|10005574
36312322|10005575
36312323|10005646
36312324|10005647
36312325|10005648
36312326|10005649
36312327|10005650
36312328|10005777
36312329|10005778
36312330|10005779
36312331|10005780
36312332|10005781
36312333|10005829
36312334|10005830
36312335|10005832
36312336|10005833
36312337|10005834
36312338|10018519
36312339|10027515
36312340|10027516
36312341|10027517
36312342|10041343
36312343|10041344
36312344|10041345
36312345|10005331
36312346|10005332
36312347|10005334
36312348|10005335
36312349|10005336
36312350|10033329
36312351|10033330
36312352|10033332
36312353|10033333
36312354|10033334
36312355|10000005
36312356|10061608
36312357|10000007
36312358|10000009
36312359|10000011
36312360|10061633
36312361|10060955
36312362|10061634
36312363|10002265
36312364|10061635
36312365|10059964
36312366|10053809
36312367|10053808
36312368|10054029
36312369|10054028
36312370|10054026
36312371|10054012
36312372|10054084
36312373|10054027
36312374|10054083
36312375|10005684
36312376|10005685
36312377|10005687
36312378|10005688
36312379|10005689
36312380|10005811
36312381|10005812
36312382|10005814
36312383|10053787
36312384|10053789
36312385|10053786
36312386|10053785
36312387|10053788
36312388|10005815
36312389|10005816
36312390|10063538
36312391|10063537
36312392|10063535
36312393|10063476
36312394|10065596
36312395|10064798
36312396|10064797
36312397|10030227
36312398|10063266
36312399|10030229
36312400|10030231
36312401|10030233
36312402|10030234
36312403|10061883
36312404|10030236
36312405|10030237
36312406|10030238
36312407|10054053
36312408|10054055
36312409|10054054
36312410|10030253
36312411|10061885
36312412|10030255
36312413|10030257
36312414|10030259
36312415|10063267
36312416|10063268
36312417|10063269
36312418|10036572
36312419|10036573
36312420|10036574
36312421|10036575
36312422|10036576
36312423|10036577
36312424|10036578
36312425|10063291
36312426|10063270
36312427|10063271
36312428|10063272
36312429|10063273
36312430|10054056
36312431|10054058
36312432|10054057
36312433|10059686
36312434|10048980
36312435|10059654
36312436|10059660
36312437|10059659
36312438|10056469
36312439|10056480
36312440|10056481
36312441|10056470
36312442|10056482
36312443|10056479
36312444|10056483
36312445|10060325
36312446|10060311
36312447|10060310
36312448|10006817
36312449|10006818
36312450|10006819
36312451|10050742
36312452|10050747
36312453|10050748
36312454|10050749
36312455|10050746
36312456|10022917
36312457|10022918
36312458|10022920
36312459|10022922
36312460|10022924
36312461|10059913
36312462|10037001
36312463|10037002
36312464|10060292
36312465|10060307
36312466|10060306
36312467|10061136
36312468|10054025
36312469|10054011
36312470|10054010
36312471|10054024
36312472|10043729
36312473|10043730
36312474|10043731
36312475|10051424
36312476|10051423
36312477|10051421
36312478|10051420
36312479|10051422
36312480|10043813
36312481|10043814
36312482|10043816
36312483|10055157
36312484|10055158
36312485|10055162
36312486|10055163
36312487|10055159
36312488|10043818
36312489|10043820
36312490|10044591
36312491|10044592
36312492|10044594
36312493|10053792
36312494|10053794
36312495|10053791
36312496|10053790
36312497|10053793
36312498|10044596
36312499|10044598
36312500|10044599
36312501|10062215
36312502|10044601
36312503|10044602
36312504|10044603
36312505|10004888
36312506|10004889
36312507|10004890
36312508|10004506
36312509|10004507
36312510|10004509
36312511|10004511
36312512|10004513
36312513|10068709
36312514|10068708
36312515|10064508
36312516|10064507
36312517|10050286
36312518|10069154
36312519|10001641
36312520|10001642
36312521|10001643
36312522|10050691
36312523|10050717
36312524|10050716
36312525|10005467
36312526|10062635
36312527|10050999
36312528|10005471
36312529|10005472
36312530|10067537
36312531|10005474
36312532|10005475
36312533|10005476
36312534|10005477
36312535|10005478
36312536|10005468
36312537|10067760
36312538|10005470
36312539|10005479
36312540|10007547
36312541|10007548
36312542|10007549
36312543|10057951
36312544|10057952
36312545|10057945
36312546|10063274
36312547|10062246
36312548|10061576
36312549|10050397
36312550|10058268
36312551|10058266
36312552|10058269
36312553|10058267
36312554|10058945
36312555|10058946
36312556|10058936
36312557|10050289
36312558|10049521
36312559|10049530
36312560|10005278
36312561|10005279
36312562|10005281
36312563|10005282
36312564|10005283
36312565|10005298
36312566|10059571
36312567|10059569
36312568|10059570
36312569|10005310
36312570|10005626
36312571|10005627
36312572|10005629
36312573|10005630
36312574|10005631
36312575|10063470
36312576|10063472
36312577|10063474
36312578|10063473
36312579|10063471
36312580|10068838
36312581|10049537
36312582|10059903
36312583|10060797
36312584|10049483
36312585|10058434
36312586|10058450
36312587|10023656
36312588|10023657
36312589|10023658
36312590|10049540
36312591|10064934
36312592|10064935
36312593|10036935
36312594|10036936
36312595|10053546
36312596|10036938
36312597|10036939
36312598|10069026
36312599|10001775
36312600|10001776
36312601|10060746
36312602|10001778
36312603|10001779
36312604|10001958
36312605|10001959
36312606|10001963
36312607|10064845
36312608|10067078
36312609|10067079
36312610|10063358
36312611|10063356
36312612|10063357
36312613|10066447
36312614|10053107
36312615|10051137
36312616|10051139
36312617|10051136
36312618|10051138
36312619|10051140
36312620|10053278
36312621|10053108
36312622|10063652
36312623|10053279
36312624|10069151
36312625|10053139
36312626|10058370
36312627|10058398
36312628|10045399
36312629|10045400
36312630|10045401
36312631|10053140
36312632|10005326
36312633|10054822
36312634|10005327
36312635|10005328
36312636|10054886
36312637|10050642
36312638|10050673
36312639|10050672
36312640|10064750
36312641|10064751
36312642|10062516
36312643|10062517
36312644|10062518
36312645|10050659
36312646|10054821
36312647|10024573
36312648|10024574
36312649|10024575
36312650|10024576
36312651|10024577
36312652|10024578
36312653|10061898
36312654|10061899
36312655|10062646
36312656|10061900
36312657|10061901
36312658|10065250
36312659|10066838
36312660|10064794
36312661|10046609
36312662|10046610
36312663|10046611
36312664|10046612
36312665|10046613
36312666|10016086
36312667|10061878
36312668|10061879
36312669|10061880
36312670|10064830
36312671|10059536
36312672|10059527
36312673|10059537
36312674|10064829
36312675|10064828
36312676|10047961
36312677|10047962
36312678|10047963
36312679|10061936
36312680|10061937
36312681|10061612
36312682|10004111
36312683|10061686
36312684|10061687
36312685|10004115
36312686|10004116
36312687|10004117
36312688|10004118
36312689|10004119
36312690|10004120
36312691|10004121
36312692|10004122
36312693|10004123
36312694|10004124
36312695|10004125
36312696|10004126
36312697|10053475
36312698|10010007
36312699|10010008
36312700|10010011
36312701|10069012
36312702|10053876
36312703|10057798
36312704|10057800
36312705|10053715
36312706|10067016
36312707|10067020
36312708|10067021
36312709|10014809
36312710|10061860
36312711|10061861
36312712|10061839
36312713|10014810
36312714|10014811
36312715|10014816
36312716|10014817
36312717|10014818
36312718|10014819
36312719|10014820
36312720|10014821
36312721|10053067
36312722|10016774
36312723|10061945
36312724|10023693
36312725|10023694
36312726|10023695
36312727|10058641
36312728|10058642
36312729|10058643
36312730|10053061
36312731|10053057
36312732|10053058
36312733|10030222
36312734|10030223
36312735|10030224
36312736|10053059
36312737|10061904
36312738|10036786
36312739|10036787
36312740|10036788
36312741|10053284
36312742|10053286
36312743|10053285
36312744|10056619
36312745|10056621
36312746|10056620
36312747|10061955
36312748|10061956
36312749|10039426
36312750|10061502
36312751|10040669
36312752|10040670
36312753|10040671
36312754|10062144
36312755|10062145
36312756|10062146
36312757|10052038
36312758|10052039
36312759|10052040
36312760|10052955
36312761|10061583
36312762|10061582
36312763|10061584
36312764|10059691
36312765|10059705
36312766|10059704
36312767|10048210
36312768|10059707
36312769|10059706
36312770|10053474
36312771|10017782
36312772|10059529
36312773|10059522
36312774|10059530
36312775|10060024
36312776|10060041
36312777|10060040
36312778|10065439
36312779|10068611
36312780|10058036
36312781|10050703
36312782|10063566
36312783|10064173
36312784|10064172
36312785|10067181
36312786|10067180
36312787|10004727
36312788|10004728
36312789|10004729
36312790|10004759
36312791|10004760
36312792|10004761
36312793|10065076
36312794|10051449
36312795|10058371
36312796|10058399
36312797|10004788
36312798|10004789
36312799|10004790
36312800|10004808
36312801|10004809
36312802|10004810
36312803|10004833
36312804|10004834
36312805|10004835
36312806|10051470
36312807|10058374
36312808|10058402
36312809|10004848
36312810|10004849
36312811|10004850
36312812|10004859
36312813|10004860
36312814|10004861
36312815|10004865
36312816|10004866
36312817|10004867
36312818|10053281
36312819|10053283
36312820|10053282
36312821|10004879
36312822|10004880
36312823|10004881
36312824|10004891
36312825|10004892
36312826|10004893
36312827|10048814
36312828|10068883
36312829|10017793
36312830|10017794
36312831|10063688
36312832|10067855
36312833|10068261
36312834|10067301
36312835|10068255
36312836|10067300
36312837|10068263
36312838|10068262
36312839|10063062
36312840|10059524
36312841|10068624
36312842|10069000
36312843|10068999
36312844|10068998
36312845|10059532
36312846|10059525
36312847|10059533
36312848|10041202
36312849|10041203
36312850|10041204
36312851|10064196
36312852|10064198
36312853|10064197
36312854|10017411
36312855|10017412
36312856|10017413
36312857|10052239
36312858|10017414
36312859|10005565
36312860|10005566
36312861|10005567
36312862|10005568
36312863|10005569
36312864|10010929
36312865|10010931
36312866|10010933
36312867|10010934
36312868|10010936
36312869|10010938
36312870|10061786
36312871|10061089
36312872|10061090
36312873|10011412
36312874|10011413
36312875|10011414
36312876|10039033
36312877|10039035
36312878|10039036
36312879|10003505
36312880|10003506
36312881|10003507
36312882|10004737
36312883|10004738
36312884|10004739
36312885|10004797
36312886|10004798
36312887|10004799
36312888|10059221
36312889|10059227
36312890|10059226
36312891|10004885
36312892|10004886
36312893|10004887
36312894|10064561
36312895|10064564
36312896|10064563
36312897|10064560
36312898|10064559
36312899|10064562
36312900|10050922
36312901|10027118
36312902|10027119
36312903|10027120
36312904|10050935
36312905|10027131
36312906|10057477
36312907|10057528
36312908|10057527
36312909|10061949
36312910|10061950
36312911|10053502
36312912|10053504
36312913|10053503
36312914|10061504
36312915|10061506
36312916|10062142
36312917|10062143
36312918|10000630
36312919|10000631
36312920|10000635
36312921|10000636
36312922|10000637
36312923|10067642
36312924|10067648
36312925|10063923
36312926|10058748
36312927|10058745
36312928|10058746
36312929|10063922
36312930|10049013
36312931|10068229
36312932|10058747
36312933|10058749
36312934|10058750
36312935|10050640
36312936|10049547
36312937|10051115
36312938|10005136
36312939|10049227
36312940|10005139
36312941|10005140
36312942|10005141
36312943|10005517
36312944|10005518
36312945|10005520
36312946|10005521
36312947|10005522
36312948|10005817
36312949|10005818
36312950|10005820
36312951|10005821
36312952|10005822
36312953|10005823
36312954|10005824
36312955|10005826
36312956|10005827
36312957|10005828
36312958|10007192
36312959|10062702
36312960|10007194
36312961|10007195
36312962|10062658
36312963|10007198
36312964|10007200
36312965|10007201
36312966|10053627
36312967|10063576
36312968|10009668
36312969|10009669
36312970|10009673
36312971|10009675
36312972|10009676
36312973|10059744
36312974|10009744
36312975|10061770
36312976|10009746
36312977|10009748
36312978|10009750
36312979|10009752
36312980|10061771
36312981|10009754
36312982|10009756
36312983|10009758
36312984|10009759
36312985|10061772
36312986|10009761
36312987|10009763
36312988|10009765
36312989|10009766
36312990|10061773
36312991|10009768
36312992|10009770
36312993|10009772
36312994|10009773
36312995|10061774
36312996|10009775
36312997|10009776
36312998|10063218
36312999|10009777
36313000|10061775
36313001|10009779
36313002|10009780
36313003|10063219
36313004|10009781
36313005|10061776
36313006|10009783
36313007|10009784
36313008|10063220
36313009|10009785
36313010|10061777
36313011|10009787
36313012|10009788
36313013|10063221
36313014|10009736
36313015|10009743
36313016|10062725
36313017|10009751
36313018|10063556
36313019|10063557
36313020|10063558
36313021|10009790
36313022|10009791
36313023|10009794
36313024|10009799
36313025|10009800
36313026|10062652
36313027|10062651
36313028|10062650
36313029|10016574
36313030|10016577
36313031|10016579
36313032|10016581
36313033|10016583
36313034|10016575
36313035|10016584
36313036|10016585
36313037|10016588
36313038|10016589
36313039|10016591
36313040|10016592
36313041|10016603
36313042|10016604
36313043|10016606
36313044|10016607
36313045|10016610
36313046|10022591
36313047|10022592
36313048|10022594
36313049|10063351
36313050|10022595
36313051|10022596
36313052|10023278
36313053|10023279
36313054|10023281
36313055|10023282
36313056|10023283
36313057|10059684
36313058|10035489
36313059|10059980
36313060|10035490
36313061|10035491
36313062|10060824
36313063|10059620
36313064|10059619
36313065|10059618
36313066|10035493
36313067|10035495
36313068|10035496
36313069|10060192
36313070|10060220
36313071|10060219
36313072|10062723
36313073|10050416
36313074|10037005
36313075|10060230
36313076|10050417
36313077|10051736
36313078|10051120
36313079|10051735
36313080|10051737
36313081|10063245
36313082|10063246
36313083|10037047
36313084|10037048
36313085|10037050
36313086|10037051
36313087|10037052
36313088|10037056
36313089|10037057
36313090|10037062
36313091|10037063
36313092|10037064
36313093|10061918
36313094|10037066
36313095|10037068
36313096|10037070
36313097|10059775
36313098|10059759
36313099|10059758
36313100|10043539
36313101|10051319
36313102|10051389
36313103|10051390
36313104|10051391
36313105|10053970
36313106|10053972
36313107|10053969
36313108|10053968
36313109|10053971
36313110|10064607
36313111|10064606
36313112|10068983
36313113|10068986
36313114|10068987
36313115|10068984
36313116|10068985
36313117|10066358
36313118|10068989
36313119|10068981
36313120|10065374
36313121|10068982
36313122|10068988
36313123|10055165
36313124|10055170
36313125|10055169
36313126|10063061
36313127|10068793
36313128|10048681
36313129|10062275
36313130|10062274
36313131|10061700
36313132|10057136
36313133|10057107
36313134|10050648
36313135|10050671
36313136|10053796
36313137|10053795
36313138|10050670
36313139|10051293
36313140|10056290
36313141|10059023
36313142|10053076
36313143|10057755
36313144|10057756
36313145|10054836
36313146|10035467
36313147|10035468
36313148|10035470
36313149|10035472
36313150|10049184
36313151|10049186
36313152|10049188
36313153|10049187
36313154|10049408
36313155|10039662
36313156|10039664
36313157|10039666
36313158|10050829
36313159|10050539
36313160|10055071
36313161|10055053
36313162|10055052
36313163|10055070
36313164|10062235
36313165|10062083
36313166|10035514
36313167|10035515
36313168|10062236
36313169|10062084
36313170|10061601
36313171|10035517
36313172|10035518
36313173|10062085
36313174|10035525
36313175|10035526
36313176|10035528
36313177|10051608
36313178|10035530
36313179|10050927
36313180|10064807
36313181|10064806
36313182|10061684
36313183|10061539
36313184|10061540
36313185|10059906
36313186|10035538
36313187|10060221
36313188|10068486
36313189|10068488
36313190|10068487
36313191|10064782
36313192|10064785
36313193|10064784
36313194|10064783
36313195|10064786
36313196|10053771
36313197|10060822
36313198|10060832
36313199|10060838
36313200|10058506
36313201|10058508
36313202|10058505
36313203|10058485
36313204|10058507
36313205|10062270
36313206|10062268
36313207|10062724
36313208|10049472
36313209|10054721
36313210|10016858
36313211|10016859
36313212|10016860
36313213|10053626
36313214|10058539
36313215|10058521
36313216|10059900
36313217|10059902
36313218|10059901
36313219|10018837
36313220|10049221
36313221|10018838
36313222|10018840
36313223|10018842
36313224|10018876
36313225|10018877
36313226|10018878
36313227|10062734
36313228|10018881
36313229|10018882
36313230|10069103
36313231|10063247
36313232|10060044
36313233|10060045
36313234|10060046
36313235|10051600
36313236|10018894
36313237|10018895
36313238|10018896
36313239|10018879
36313240|10018884
36313241|10064791
36313242|10064790
36313243|10063002
36313244|10018885
36313245|10018886
36313246|10018888
36313247|10018890
36313248|10026989
36313249|10026990
36313250|10067730
36313251|10026991
36313252|10026992
36313253|10026994
36313254|10026995
36313255|10026996
36313256|10026997
36313257|10026999
36313258|10027000
36313259|10027002
36313260|10027004
36313261|10027006
36313262|10057116
36313263|10060195
36313264|10060227
36313265|10060229
36313266|10060228
36313267|10060226
36313268|10038160
36313269|10064662
36313270|10038147
36313271|10062748
36313272|10059915
36313273|10050761
36313274|10038150
36313275|10038151
36313276|10038153
36313277|10038155
36313278|10038157
36313279|10062055
36313280|10050764
36313281|10038161
36313282|10038162
36313283|10060122
36313284|10060135
36313285|10038163
36313286|10059907
36313287|10062100
36313288|10060197
36313289|10038165
36313290|10059947
36313291|10038167
36313292|10038168
36313293|10038169
36313294|10038170
36313295|10050768
36313296|10059916
36313297|10038171
36313298|10051168
36313299|10053923
36313300|10053921
36313301|10053920
36313302|10053922
36313303|10038787
36313304|10038788
36313305|10038790
36313306|10038792
36313307|10038794
36313308|10059917
36313309|10059919
36313310|10059921
36313311|10059920
36313312|10059918
36313313|10049536
36313314|10059966
36313315|10051313
36313316|10059998
36313317|10059477
36313318|10057950
36313319|10050759
36313320|10059468
36313321|10059130
36313322|10059129
36313323|10049695
36313324|10060978
36313325|10004167
36313326|10004169
36313327|10004170
36313328|10061706
36313329|10061689
36313330|10061690
36313331|10059471
36313332|10052219
36313333|10052220
36313334|10007838
36313335|10063293
36313336|10007839
36313337|10063294
36313338|10007842
36313339|10007843
36313340|10051121
36313341|10007845
36313342|10056283
36313343|10007847
36313344|10012784
36313345|10012785
36313346|10012787
36313347|10014941
36313348|10061125
36313349|10014943
36313350|10014945
36313351|10014946
36313352|10061707
36313353|10061843
36313354|10061844
36313355|10059464
36313356|10058133
36313357|10052221
36313358|10052222
36313359|10018678
36313360|10018681
36313361|10018683
36313362|10068913
36313363|10018685
36313364|10059462
36313365|10051605
36313366|10062045
36313367|10051164
36313368|10051163
36313369|10025251
36313370|10025252
36313371|10025256
36313372|10025258
36313373|10025260
36313374|10062046
36313375|10062047
36313376|10062048
36313377|10059905
36313378|10063337
36313379|10052231
36313380|10052232
36313381|10060758
36313382|10060759
36313383|10060760
36313384|10050964
36313385|10057773
36313386|10057771
36313387|10025392
36313388|10064665
36313389|10050965
36313390|10050984
36313391|10050765
36313392|10059469
36313393|10062649
36313394|10059463
36313395|10062200
36313396|10062201
36313397|10058771
36313398|10058772
36313399|10058752
36313400|10027876
36313401|10061293
36313402|10027878
36313403|10027880
36313404|10027882
36313405|10061708
36313406|10061294
36313407|10059473
36313408|10067238
36313409|10052229
36313410|10052230
36313411|10050924
36313412|10050961
36313413|10050766
36313414|10059472
36313415|10052225
36313416|10052226
36313417|10050966
36313418|10050986
36313419|10050985
36313420|10059470
36313421|10052227
36313422|10052228
36313423|10062772
36313424|10068498
36313425|10068500
36313426|10068499
36313427|10068495
36313428|10068497
36313429|10068496
36313430|10029377
36313431|10029360
36313432|10029361
36313433|10029362
36313434|10029363
36313435|10061313
36313436|10029366
36313437|10029368
36313438|10029370
36313439|10061886
36313440|10061867
36313441|10061868
36313442|10029374
36313443|10061709
36313444|10061869
36313445|10061870
36313446|10059467
36313447|10058134
36313448|10052223
36313449|10052224
36313450|10029378
36313451|10051006
36313452|10035230
36313453|10058024
36313454|10035231
36313455|10035232
36313456|10058773
36313457|10058774
36313458|10058753
36313459|10050968
36313460|10050987
36313461|10050767
36313462|10064605
36313463|10056383
36313464|10056368
36313465|10059741
36313466|10057284
36313467|10051318
36313468|10057264
36313469|10057283
36313470|10047937
36313471|10059478
36313472|10059479
36313473|10059480
36313474|10047939
36313475|10047940
36313476|10047942
36313477|10047943
36313478|10047944
36313479|10059908
36313480|10062137
36313481|10060798
36313482|10053436
36313483|10058365
36313484|10058394
36313485|10004791
36313486|10004792
36313487|10004793
36313488|10008598
36313489|10008599
36313490|10008600
36313491|10008621
36313492|10008622
36313493|10008623
36313494|10053371
36313495|10053373
36313496|10053372
36313497|10014802
36313498|10014803
36313499|10014804
36313500|10014806
36313501|10014807
36313502|10014808
36313503|10061946
36313504|10066195
36313505|10024707
36313506|10061947
36313507|10061948
36313508|10066085
36313509|10064146
36313510|10057851
36313511|10057850
36313512|10045427
36313513|10045428
36313514|10045429
36313515|10056534
36313516|10056536
36313517|10056535
36313518|10059898
36313519|10060796
36313520|10000028
36313521|10001546
36313522|10001547
36313523|10001549
36313524|10001551
36313525|10001552
36313526|10050287
36313527|10001942
36313528|10001945
36313529|10001946
36313530|10001947
36313531|10003476
36313532|10003477
36313533|10003479
36313534|10003481
36313535|10003482
36313536|10062933
36313537|10062934
36313538|10051345
36313539|10051344
36313540|10051343
36313541|10058528
36313542|10004684
36313543|10067718
36313544|10004685
36313545|10004686
36313546|10053113
36313547|10005362
36313548|10058477
36313549|10049869
36313550|10005364
36313551|10005367
36313552|10005369
36313553|10005370
36313554|10005371
36313555|10005428
36313556|10005429
36313557|10005430
36313558|10005431
36313559|10005432
36313560|10006407
36313561|10006408
36313562|10006409
36313563|10068287
36313564|10052014
36313565|10059697
36313566|10059710
36313567|10059712
36313568|10059711
36313569|10059709
36313570|10017687
36313571|10017688
36313572|10017690
36313573|10017693
36313574|10017694
36313575|10051333
36313576|10019621
36313577|10019622
36313578|10019623
36313579|10019625
36313580|10060026
36313581|10068997
36313582|10060793
36313583|10062685
36313584|10060794
36313585|10060795
36313586|10068358
36313587|10060744
36313588|10060745
36313589|10021209
36313590|10059216
36313591|10052215
36313592|10024275
36313593|10060105
36313594|10024690
36313595|10060106
36313596|10064712
36313597|10066869
36313598|10067337
36313599|10064936
36313600|10059962
36313601|10064558
36313602|10054888
36313603|10062688
36313604|10054795
36313605|10054889
36313606|10065678
36313607|10056614
36313608|10050792
36313609|10059223
36313610|10053124
36313611|10053125
36313612|10059501
36313613|10059504
36313614|10059503
36313615|10059502
36313616|10059505
36313617|10059729
36313618|10059730
36313619|10059728
36313620|10060213
36313621|10060277
36313622|10060276
36313623|10060214
36313624|10060282
36313625|10060281
36313626|10068810
36313627|10068799
36313628|10068798
36313629|10049523
36313630|10057137
36313631|10057108
36313632|10063038
36313633|10065513
36313634|10050692
36313635|10053816
36313636|10053815
36313637|10053814
36313638|10068224
36313639|10068227
36313640|10068226
36313641|10068225
36313642|10050516
36313643|10049439
36313644|10058542
36313645|10058541
36313646|10058529
36313647|10049411
36313648|10064865
36313649|10002795
36313650|10002798
36313651|10002799
36313652|10065515
36313653|10050552
36313654|10060139
36313655|10060138
36313656|10060137
36313657|10060136
36313658|10002807
36313659|10064726
36313660|10002809
36313661|10060055
36313662|10058341
36313663|10058342
36313664|10048678
36313665|10060974
36313666|10060973
36313667|10060972
36313668|10066403
36313669|10066405
36313670|10066404
36313671|10007628
36313672|10007629
36313673|10007630
36313674|10050523
36313675|10009853
36313676|10009854
36313677|10061131
36313678|10061109
36313679|10061110
36313680|10050418
36313681|10059695
36313682|10059708
36313683|10053833
36313684|10022851
36313685|10022852
36313686|10022853
36313687|10022855
36313688|10059939
36313689|10024061
36313690|10024062
36313691|10033993
36313692|10033994
36313693|10033995
36313694|10033996
36313695|10039079
36313696|10057961
36313697|10057962
36313698|10048574
36313699|10039080
36313700|10060198
36313701|10060235
36313702|10060234
36313703|10041227
36313704|10041228
36313705|10041229
36313706|10049539
36313707|10049248
36313708|10051414
36313709|10049249
36313710|10051415
36313711|10049073
36313712|10051418
36313713|10049250
36313714|10051419
36313715|10051416
36313716|10051417
36313717|10007262
36313718|10007266
36313719|10007267
36313720|10064496
36313721|10064095
36313722|10050737
36313723|10063060
36313724|10068470
36313725|10068471
36313726|10053837
36313727|10053834
36313728|10053838
36313729|10053836
36313730|10053835
36313731|10062006
36313732|10067937
36313733|10069022
36313734|10052331
36313735|10060123
36313736|10060141
36313737|10060140
36313738|10050704
36313739|10058012
36313740|10036972
36313741|10036975
36313742|10058022
36313743|10059212
36313744|10049526
36313745|10048621
36313746|10062216
36313747|10059981
36313748|10059983
36313749|10059982
36313750|10063997
36313751|10062730
36313752|10061055
36313753|10051552
36313754|10051554
36313755|10051556
36313756|10051555
36313757|10051557
36313758|10050962
36313759|10050981
36313760|10010126
36313761|10050963
36313762|10050983
36313763|10050982
36313764|10061047
36313765|10061048
36313766|10061049
36313767|10061056
36313768|10010133
36313769|10010134
36313770|10060021
36313771|10060705
36313772|10060704
36313773|10063320
36313774|10068214
36313775|10068213
36313776|10022536
36313777|10060023
36313778|10022538
36313779|10063321
36313780|10063323
36313781|10063322
36313782|10066315
36313783|10044353
36313784|10062876
36313785|10059219
36313786|10053111
36313787|10053112
36313788|10005583
36313789|10005584
36313790|10005585
36313791|10005586
36313792|10005587
36313793|10067535
36313794|10063243
36313795|10063244
36313796|10005588
36313797|10005589
36313798|10005590
36313799|10005591
36313800|10005592
36313801|10005593
36313802|10005594
36313803|10005595
36313804|10005596
36313805|10005597
36313806|10005598
36313807|10005599
36313808|10005600
36313809|10005601
36313810|10005602
36313811|10011476
36313812|10011477
36313813|10011478
36313814|10021496
36313815|10021497
36313816|10021499
36313817|10021500
36313818|10021501
36313819|10060083
36313820|10060867
36313821|10060085
36313822|10060084
36313823|10060866
36313824|10027864
36313825|10037787
36313826|10037788
36313827|10037789
36313828|10053462
36313829|10056362
36313830|10056352
36313831|10049525
36313832|10060979
36313833|10061425
36313834|10061426
36313835|10061429
36313836|10061427
36313837|10065514
36313838|10008413
36313839|10011480
36313840|10066932
36313841|10065605
36313842|10065248
36313843|10066929
36313844|10066928
36313845|10062011
36313846|10063326
36313847|10064650
36313848|10062297
36313849|10061214
36313850|10062502
36313851|10058032
36313852|10064664
36313853|10064663
36313854|10048774
36313855|10058063
36313856|10064981
36313857|10064980
36313858|10064982
36313859|10058280
36313860|10058278
36313861|10053797
36313862|10063240
36313863|10063343
36313864|10063342
36313865|10040929
36313866|10060888
36313867|10040934
36313868|10056605
36313869|10050117
36313870|10004720
36313871|10055056
36313872|10058367
36313873|10058396
36313874|10004800
36313875|10004801
36313876|10004871
36313877|10004872
36313878|10059655
36313879|10059665
36313880|10059664
36313881|10011734
36313882|10061420
36313883|10061421
36313884|10061804
36313885|10059523
36313886|10059531
36313887|10062005
36313888|10062059
36313889|10062058
36313890|10056458
36313891|10056461
36313892|10056462
36313893|10059656
36313894|10062205
36313895|10028893
36313896|10028894
36313897|10068056
36313898|10041208
36313899|10041209
36313900|10041210
36313901|10064808
36313902|10010234
36313903|10010235
36313904|10010236
36313905|10014123
36313906|10014124
36313907|10014805
36313908|10061838
36313909|10061840
36313910|10065149
36313911|10056612
36313912|10056611
36313913|10068979
36313914|10021966
36313915|10029815
36313916|10029816
36313917|10029823
36313918|10058644
36313919|10057208
36313920|10036220
36313921|10036221
36313922|10036222
36313923|10061478
36313924|10061929
36313925|10061930
36313926|10051727
36313927|10061498
36313928|10061499
36313929|10039526
36313930|10039527
36313931|10039528
36313932|10061505
36313933|10059696
36313934|10062152
36313935|10062153
36313936|10050728
36313937|10040722
36313938|10040723
36313939|10040724
36313940|10050499
36313941|10043420
36313942|10043421
36313943|10043422
36313944|10045434
36313945|10061606
36313946|10061607
36313947|10051726
36313948|10062151
36313949|10048064
36313950|10048065
36313951|10048067
36313952|10063911
36313953|10063907
36313954|10053464
36313955|10050735
36313956|10061726
36313957|10061016
36313958|10050540
36313959|10061816
36313960|10064248
36313961|10060020
36313962|10063089
36313963|10056669
36313964|10065440
36313965|10062026
36313966|10061253
36313967|10059938
36313968|10023547
36313969|10023550
36313970|10054052
36313971|10061905
36313972|10049170
36313973|10064834
36313974|10050967
36313975|10049673
36313976|10067620
36313977|10039892
36313978|10067659
36313979|10067658
36313980|10067657
36313981|10057925
36313982|10005422
36313983|10005423
36313984|10005424
36313985|10005425
36313986|10005426
36313987|10064793
36313988|10064234
36313989|10064233
36313990|10051598
36313991|10020050
36313992|10020051
36313993|10020060
36313994|10020061
36313995|10020062
36313996|10064237
36313997|10064236
36313998|10059693
36313999|10052338
36314000|10049030
36314001|10054020
36314002|10054023
36314003|10054021
36314004|10054009
36314005|10054022
36314006|10024900
36314007|10024901
36314008|10024909
36314009|10024910
36314010|10024911
36314011|10063984
36314012|10064235
36314013|10063967
36314014|10058632
36314015|10058633
36314016|10058631
36314017|10058630
36314018|10058634
36314019|10047351
36314020|10047352
36314021|10047360
36314022|10047361
36314023|10047362
36314024|10056630
36314025|10002984
36314026|10002985
36314027|10002986
36314028|10002988
36314029|10002990
36314030|10002991
36314031|10061654
36314032|10002993
36314033|10002994
36314034|10002995
36314035|10002996
36314036|10002997
36314037|10002998
36314038|10003000
36314039|10003002
36314040|10050733
36314041|10065516
36314042|10064002
36314043|10064003
36314044|10067986
36314045|10063145
36314046|10056644
36314047|10056646
36314048|10056645
36314049|10056643
36314050|10059952
36314051|10007667
36314052|10007668
36314053|10007669
36314054|10007670
36314055|10062727
36314056|10067237
36314057|10065365
36314058|10017349
36314059|10065512
36314060|10065511
36314061|10024587
36314062|10024588
36314063|10024591
36314064|10024592
36314065|10024593
36314066|10064796
36314067|10063986
36314068|10063987
36314069|10064800
36314070|10005836
36314071|10005837
36314072|10005838
36314073|10005839
36314074|10005840
36314075|10000456
36314076|10000457
36314077|10000458
36314078|10068417
36314079|10068420
36314080|10068419
36314081|10068418
36314082|10002522
36314083|10002523
36314084|10002526
36314085|10002528
36314086|10002530
36314087|10059961
36314088|10063336
36314089|10059994
36314090|10059993
36314091|10060915
36314092|10060912
36314093|10005537
36314094|10005539
36314095|10005540
36314096|10005632
36314097|10005633
36314098|10005634
36314099|10005635
36314100|10005636
36314101|10061724
36314102|10005705
36314103|10005706
36314104|10005708
36314105|10005709
36314106|10007220
36314107|10064156
36314108|10007223
36314109|10007225
36314110|10007228
36314111|10059883
36314112|10059167
36314113|10059165
36314114|10059168
36314115|10033316
36314116|10033317
36314117|10033318
36314118|10051197
36314119|10033320
36314120|10033322
36314121|10034180
36314122|10058982
36314123|10034181
36314124|10034183
36314125|10058983
36314126|10035766
36314127|10062087
36314128|10035768
36314129|10035769
36314130|10035770
36314131|10065413
36314132|10060064
36314133|10060087
36314134|10060086
36314135|10068421
36314136|10068424
36314137|10068423
36314138|10068422
36314139|10068425
36314140|10068428
36314141|10068427
36314142|10068426
36314143|10068474
36314144|10061346
36314145|10062071
36314146|10062072
36314147|10062073
36314148|10061357
36314149|10065367
36314150|10060022
36314151|10060037
36314152|10060039
36314153|10060038
36314154|10060036
36314155|10005553
36314156|10005554
36314157|10005555
36314158|10005556
36314159|10049803
36314160|10005557
36314161|10005558
36314162|10007218
36314163|10064424
36314164|10017393
36314165|10017394
36314166|10017395
36314167|10017396
36314168|10063255
36314169|10063256
36314170|10063257
36314171|10017606
36314172|10017607
36314173|10017608
36314174|10017609
36314175|10018428
36314176|10018431
36314177|10018432
36314178|10018433
36314179|10018435
36314180|10018471
36314181|10018480
36314182|10018482
36314183|10018484
36314184|10018485
36314185|10052986
36314186|10056561
36314187|10056568
36314188|10064232
36314189|10046644
36314190|10057157
36314191|10057158
36314192|10057106
36314193|10049524
36314194|10050744
36314195|10019149
36314196|10019150
36314197|10019152
36314198|10019154
36314199|10027494
36314200|10027499
36314201|10027500
36314202|10036176
36314203|10050928
36314204|10064168
36314205|10059910
36314206|10059912
36314207|10059942
36314208|10059941
36314209|10059911
36314210|10065290
36314211|10046625
36314212|10046626
36314213|10046627
36314214|10046658
36314215|10046659
36314216|10050342
36314217|10058616
36314218|10059972
36314219|10058615
36314220|10051183
36314221|10058611
36314222|10050734
36314223|10053410
36314224|10053413
36314225|10053412
36314226|10053411
36314227|10062681
36314228|10062768
36314229|10062683
36314230|10062682
36314231|10062769
36314232|10062994
36314233|10049735
36314234|10049734
36314235|10049733
36314236|10049736
36314237|10057593
36314238|10057600
36314239|10057595
36314240|10057594
36314241|10057598
36314242|10005784
36314243|10005785
36314244|10005786
36314245|10005787
36314246|10005788
36314247|10005858
36314248|10061727
36314249|10005860
36314250|10005861
36314251|10005862
36314252|10053406
36314253|10053408
36314254|10053407
36314255|10053405
36314256|10053409
36314257|10011710
36314258|10064638
36314259|10064604
36314260|10064603
36314261|10064639
36314262|10053117
36314263|10011779
36314264|10053118
36314265|10053115
36314266|10053116
36314267|10068858
36314268|10053401
36314269|10053403
36314270|10053402
36314271|10053400
36314272|10053404
36314273|10060757
36314274|10060033
36314275|10053120
36314276|10020366
36314277|10053121
36314278|10058417
36314279|10058419
36314280|10058421
36314281|10058420
36314282|10058418
36314283|10063208
36314284|10068092
36314285|10068091
36314286|10063207
36314287|10068857
36314288|10057975
36314289|10057976
36314290|10057978
36314291|10057977
36314292|10057980
36314293|10062191
36314294|10061286
36314295|10062192
36314296|10067803
36314297|10050929
36314298|10058613
36314299|10058609
36314300|10059922
36314301|10048473
36314302|10061433
36314303|10068174
36314304|10053839
36314305|10058624
36314306|10058614
36314307|10058610
36314308|10057159
36314309|10057118
36314310|10059222
36314311|10057596
36314312|10057597
36314313|10059897
36314314|10053811
36314315|10053810
36314316|10059936
36314317|10053813
36314318|10053812
36314319|10005524
36314320|10005525
36314321|10005527
36314322|10005528
36314323|10005529
36314324|10007674
36314325|10061743
36314326|10007676
36314327|10007677
36314328|10007678
36314329|10058770
36314330|10058796
36314331|10058769
36314332|10058758
36314333|10058757
36314334|10050712
36314335|10062183
36314336|10062184
36314337|10062185
36314338|10062186
36314339|10058766
36314340|10058740
36314341|10058739
36314342|10047602
36314343|10062187
36314344|10047605
36314345|10047606
36314346|10047607
36314347|10047608
36314348|10047610
36314349|10047611
36314350|10058767
36314351|10058742
36314352|10058741
36314353|10047613
36314354|10047614
36314355|10047616
36314356|10047618
36314357|10047619
36314358|10047620
36314359|10061413
36314360|10047622
36314361|10047624
36314362|10047625
36314363|10050713
36314364|10062188
36314365|10062189
36314366|10062134
36314367|10058765
36314368|10058738
36314369|10050971
36314370|10058768
36314371|10058744
36314372|10058743
36314373|10061667
36314374|10061668
36314375|10061669
36314376|10061670
36314377|10061671
36314378|10061672
36314379|10061673
36314380|10061674
36314381|10060977
36314382|10061675
36314383|10059960
36314384|10061676
36314385|10061677
36314386|10060857
36314387|10061678
36314388|10061679
36314389|10061680
36314390|10061681
36314391|10063298
36314392|10063304
36314393|10059548
36314394|10059549
36314395|10058586
36314396|10058587
36314397|10058588
36314398|10068074
36314399|10065004
36314400|10059421
36314401|10059731
36314402|10059733
36314403|10059732
36314404|10059768
36314405|10059735
36314406|10059734
36314407|10061792
36314408|10061793
36314409|10059959
36314410|10068743
36314411|10068745
36314412|10068744
36314413|10049487
36314414|10064052
36314415|10059776
36314416|10059761
36314417|10059763
36314418|10059762
36314419|10059760
36314420|10063297
36314421|10018654
36314422|10018655
36314423|10018656
36314424|10063592
36314425|10063594
36314426|10063593
36314427|10062036
36314428|10062669
36314429|10053429
36314430|10053428
36314431|10053427
36314432|10062670
36314433|10062671
36314434|10064635
36314435|10064634
36314436|10064628
36314437|10062111
36314438|10067138
36314439|10067139
36314440|10067140
36314441|10067006
36314442|10067005
36314443|10067004
36314444|10061375
36314445|10042893
36314446|10051322
36314447|10051317
36314448|10060293
36314449|10060309
36314450|10060308
36314451|10060303
36314452|10067939
36314453|10067938
36314454|10068725
36314455|10051795
36314456|10051794
36314457|10051793
36314458|10051796
36314459|10059736
36314460|10059738
36314461|10059737
36314462|10068337
36314463|10068343
36314464|10063305
36314465|10059423
36314466|10058777
36314467|10058778
36314468|10058779
36314469|10061960
36314470|10061961
36314471|10063090
36314472|10068706
36314473|10053852
36314474|10067872
36314475|10058172
36314476|10058776
36314477|10058775
36314478|10054883
36314479|10054884
36314480|10054814
36314481|10061162
36314482|10017548
36314483|10017549
36314484|10002791
36314485|10002792
36314486|10002793
36314487|10002794
36314488|10059687
36314489|10059699
36314490|10059698
36314491|10005344
36314492|10005485
36314493|10005486
36314494|10005488
36314495|10011527
36314496|10011528
36314497|10011529
36314498|10069159
36314499|10069161
36314500|10069160
36314501|10011411
36314502|10061447
36314503|10011621
36314504|10011622
36314505|10011623
36314506|10061448
36314507|10061449
36314508|10011629
36314509|10011630
36314510|10011631
36314511|10011632
36314512|10011633
36314513|10011634
36314514|10011635
36314515|10011636
36314516|10011637
36314517|10011638
36314518|10011639
36314519|10011640
36314520|10011641
36314521|10011642
36314522|10011643
36314523|10053075
36314524|10067936
36314525|10067935
36314526|10027644
36314527|10059672
36314528|10059647
36314529|10059646
36314530|10050408
36314531|10050410
36314532|10050411
36314533|10050409
36314534|10062163
36314535|10050419
36314536|10051612
36314537|10000461
36314538|10000462
36314539|10000463
36314540|10061796
36314541|10061797
36314542|10063050
36314543|10028429
36314544|10028430
36314545|10028432
36314546|10028433
36314547|10063233
36314548|10028434
36314549|10028435
36314550|10028436
36314551|10028437
36314552|10028438
36314553|10028439
36314554|10044726
36314555|10044727
36314556|10044728
36314557|10066073
36314558|10068283
36314559|10068284
36314560|10066074
36314561|10059954
36314562|10059985
36314563|10059984
36314564|10064864
36314565|10050921
36314566|10063194
36314567|10064943
36314568|10063195
36314569|10060124
36314570|10033901
36314571|10033902
36314572|10060812
36314573|10033904
36314574|10033905
36314575|10033906
36314576|10033907
36314577|10033908
36314578|10033909
36314579|10059992
36314580|10068096
36314581|10059422
36314582|10036447
36314583|10036448
36314584|10036449
36314585|10064541
36314586|10064540
36314587|10064546
36314588|10050941
36314589|10056299
36314590|10056278
36314591|10063055
36314592|10053820
36314593|10053832
36314594|10052020
36314595|10052022
36314596|10052021
36314597|10052023
36314598|10052025
36314599|10052024
36314600|10052026
36314601|10052028
36314602|10052027
36314603|10049826
36314604|10049829
36314605|10049828
36314606|10049827
36314607|10061794
36314608|10061795
36314609|10061800
36314610|10061801
36314611|10058589
36314612|10058590
36314613|10058574
36314614|10050524
36314615|10060189
36314616|10050525
36314617|10050526
36314618|10050541
36314619|10061805
36314620|10061806
36314621|10051622
36314622|10051620
36314623|10058591
36314624|10058592
36314625|10058575
36314626|10052056
36314627|10058593
36314628|10058576
36314629|10053817
36314630|10053818
36314631|10052324
36314632|10052363
36314633|10050681
36314634|10067926
36314635|10064545
36314636|10049031
36314637|10066370
36314638|10066369
36314639|10066368
36314640|10058937
36314641|10058761
36314642|10058762
36314643|10058736
36314644|10058763
36314645|10058764
36314646|10058737
36314647|10020185
36314648|10020186
36314649|10020187
36314650|10020188
36314651|10067158
36314652|10064547
36314653|10064548
36314654|10064549
36314655|10019721
36314656|10019722
36314657|10019723
36314658|10019724
36314659|10019725
36314660|10058751
36314661|10057398
36314662|10068815
36314663|10060027
36314664|10060048
36314665|10060047
36314666|10068380
36314667|10068379
36314668|10019732
36314669|10019733
36314670|10019734
36314671|10019735
36314672|10019736
36314673|10063414
36314674|10063411
36314675|10051160
36314676|10052328
36314677|10050914
36314678|10052297
36314679|10052329
36314680|10019738
36314681|10050529
36314682|10050542
36314683|10019742
36314684|10065002
36314685|10068415
36314686|10019748
36314687|10068378
36314688|10068727
36314689|10068377
36314690|10019749
36314691|10019750
36314692|10019745
36314693|10019746
36314694|10019747
36314695|10057394
36314696|10065001
36314697|10068416
36314698|10059541
36314699|10059542
36314700|10059540
36314701|10059538
36314702|10059539
36314703|10059528
36314704|10058437
36314705|10058451
36314706|10058436
36314707|10068787
36314708|10057992
36314709|10057994
36314710|10057993
36314711|10057995
36314712|10057985
36314713|10060028
36314714|10060050
36314715|10060049
36314716|10061999
36314717|10063307
36314718|10062596
36314719|10062595
36314720|10062583
36314721|10060114
36314722|10060828
36314723|10060827
36314724|10064542
36314725|10064543
36314726|10064328
36314727|10060063
36314728|10060079
36314729|10060078
36314730|10068794
36314731|10068795
36314732|10060066
36314733|10027012
36314734|10027013
36314735|10027920
36314736|10027921
36314737|10027922
36314738|10059638
36314739|10059645
36314740|10059644
36314741|10060125
36314742|10060147
36314743|10060146
36314744|10060193
36314745|10060223
36314746|10060222
36314747|10068562
36314748|10068564
36314749|10068563
36314750|10063459
36314751|10063460
36314752|10063458
36314753|10039257
36314754|10039258
36314755|10039259
36314756|10039262
36314757|10050535
36314758|10050536
36314759|10067924
36314760|10063144
36314761|10067922
36314762|10063306
36314763|10062178
36314764|10062179
36314765|10062180
36314766|10063111
36314767|10062358
36314768|10062362
36314769|10059424
36314770|10062181
36314771|10062182
36314772|10058584
36314773|10058585
36314774|10058573
36314775|10061410
36314776|10058583
36314777|10058572
36314778|10060244
36314779|10047495
36314780|10047496
36314781|10047499
36314782|10047500
36314783|10060713
36314784|10047501
36314785|10047502
36314786|10068813
36314787|10068812
36314788|10069052
36314789|10069053
36314790|10068278
36314791|10069045
36314792|10066812
36314793|10069044
36314794|10069046
36314795|10065263
36314796|10066811
36314797|10053951
36314798|10053953
36314799|10053955
36314800|10053954
36314801|10053952
36314802|10050926
36314803|10050940
36314804|10050939
36314805|10062291
36314806|10062292
36314807|10062293
36314808|10062294
36314809|10062364
36314810|10059653
36314811|10059658
36314812|10059657
36314813|10003508
36314814|10003509
36314815|10003510
36314816|10003517
36314817|10003518
36314818|10003519
36314819|10004721
36314820|10004722
36314821|10004723
36314822|10004735
36314823|10004736
36314824|10004740
36314825|10004750
36314826|10004751
36314827|10004752
36314828|10051412
36314829|10057684
36314830|10057685
36314831|10051453
36314832|10058372
36314833|10058400
36314834|10004802
36314835|10004803
36314836|10004804
36314837|10051454
36314838|10058373
36314839|10058401
36314840|10053847
36314841|10063367
36314842|10063369
36314843|10057112
36314844|10063365
36314845|10057111
36314846|10063364
36314847|10050769
36314848|10003278
36314849|10003279
36314850|10003280
36314851|10003411
36314852|10003412
36314853|10003414
36314854|10050973
36314855|10068789
36314856|10049470
36314857|10057864
36314858|10006009
36314859|10061941
36314860|10061942
36314861|10053232
36314862|10065094
36314863|10065095
36314864|10016018
36314865|10016019
36314866|10016020
36314867|10040779
36314868|10040780
36314869|10040781
36314870|10040964
36314871|10040965
36314872|10040966
36314873|10041604
36314874|10041605
36314875|10041606
36314876|10063568
36314877|10061585
36314878|10061586
36314879|10061587
36314880|10048159
36314881|10048160
36314882|10048161
36314883|10059884
36314884|10059889
36314885|10059940
36314886|10028625
36314887|10059888
36314888|10028626
36314889|10028630
36314890|10028631
36314891|10059534
36314892|10059526
36314893|10059535
36314894|10063366
36314895|10057113
36314896|10063368
36314897|10057114
36314898|10000525
36314899|10000526
36314900|10000527
36314901|10003760
36314902|10003761
36314903|10003762
36314904|10014398
36314905|10014399
36314906|10014400
36314907|10063567
36314908|10063643
36314909|10039190
36314910|10039191
36314911|10039194
36314912|10045214
36314913|10045215
36314914|10045216
36314915|10047389
36314916|10047390
36314917|10047391
36314918|10047877
36314919|10047878
36314920|10047882
36314921|10004741
36314922|10004742
36314923|10004743
36314924|10004876
36314925|10004877
36314926|10004878
36314927|10052905
36314928|10052906
36314929|10052907
36314930|10061943
36314931|10061944
36314932|10057964
36314933|10057968
36314934|10057967
36314935|10054003
36314936|10014119
36314937|10014120
36314938|10014121
36314939|10048844
36314940|10029817
36314941|10029818
36314942|10029819
36314943|10061500
36314944|10057563
36314945|10057565
36314946|10057564
36314947|10045441
36314948|10045442
36314949|10045444
36314950|10059953
36314951|10059976
36314952|10059979
36314953|10059978
36314954|10059977
36314955|10011520
36314956|10011521
36314957|10060853
36314958|10011522
36314959|10011523
36314960|10011530
36314961|10011531
36314962|10011532
36314963|10011535
36314964|10011536
36314965|10011537
36314966|10050763
36314967|10011538
36314968|10011539
36314969|10011540
36314970|10011541
36314971|10064339
36314972|10064338
36314973|10059772
36314974|10059749
36314975|10059751
36314976|10011542
36314977|10011543
36314978|10011544
36314979|10011545
36314980|10059750
36314981|10059748
36314982|10011547
36314983|10011548
36314984|10011549
36314985|10011550
36314986|10053799
36314987|10053800
36314988|10053798
36314989|10053802
36314990|10053801
36314991|10064742
36314992|10064741
36314993|10059773
36314994|10059753
36314995|10059755
36314996|10059754
36314997|10059752
36314998|10011555
36314999|10053804
36315000|10053803
36315001|10011556
36315002|10011557
36315003|10011558
36315004|10011560
36315005|10011562
36315006|10011563
36315007|10011564
36315008|10011565
36315009|10011566
36315010|10011567
36315011|10064740
36315012|10064739
36315013|10059213
36315014|10061798
36315015|10011569
36315016|10011570
36315017|10011571
36315018|10011572
36315019|10011573
36315020|10011574
36315021|10011575
36315022|10011576
36315023|10011581
36315024|10011582
36315025|10011583
36315026|10011584
36315027|10011585
36315028|10059690
36315029|10059703
36315030|10059702
36315031|10061098
36315032|10053806
36315033|10053805
36315034|10061099
36315035|10061100
36315036|10038173
36315037|10048213
36315038|10053273
36315039|10053275
36315040|10053274
36315041|10033755
36315042|10033756
36315043|10033757
36315044|10059956
36315045|10049144
36315046|10067804
36315047|10067942
36315048|10049507
36315049|10049509
36315050|10049508
36315051|10068404
36315052|10068403
36315053|10053689
36315054|10053691
36315055|10053690
36315056|10007947
36315057|10061464
36315058|10011169
36315059|10050189
36315060|10014407
36315061|10014408
36315062|10014409
36315063|10014430
36315064|10014431
36315065|10014432
36315066|10050127
36315067|10050116
36315068|10058476
36315069|10058466
36315070|10058465
36315071|10057871
36315072|10057872
36315073|10067075
36315074|10067077
36315075|10067076
36315076|10065078
36315077|10065079
36315078|10065080
36315079|10024999
36315080|10025000
36315081|10025002
36315082|10064511
36315083|10064512
36315084|10065527
36315085|10065531
36315086|10065529
36315087|10065528
36315088|10053318
36315089|10029175
36315090|10029176
36315091|10029191
36315092|10029192
36315093|10029193
36315094|10029352
36315095|10066956
36315096|10034104
36315097|10034591
36315098|10061465
36315099|10066039
36315100|10036216
36315101|10050120
36315102|10053471
36315103|10053473
36315104|10053472
36315105|10068273
36315106|10068272
36315107|10061558
36315108|10061567
36315109|10061568
36315110|10053319
36315111|10053320
36315112|10053321
36315113|10051611
36315114|10049464
36315115|10058559
36315116|10058560
36315117|10058561
36315118|10068013
36315119|10068015
36315120|10068014
36315121|10068012
36315122|10058849
36315123|10058866
36315124|10058865
36315125|10059098
36315126|10059101
36315127|10059100
36315128|10047547
36315129|10047549
36315130|10047550
36315131|10002443
36315132|10002444
36315133|10002445
36315134|10010055
36315135|10010056
36315136|10010057
36315137|10010058
36315138|10010059
36315139|10059298
36315140|10059297
36315141|10057421
36315142|10057512
36315143|10057511
36315144|10011042
36315145|10011047
36315146|10011720
36315147|10014449
36315148|10014450
36315149|10014451
36315150|10014455
36315151|10014456
36315152|10014457
36315153|10022804
36315154|10068517
36315155|10022806
36315156|10060950
36315157|10060951
36315158|10060952
36315159|10023363
36315160|10025419
36315161|10026792
36315162|10029255
36315163|10029256
36315164|10029257
36315165|10061887
36315166|10030078
36315167|10061881
36315168|10030082
36315169|10030083
36315170|10030084
36315171|10048543
36315172|10048544
36315173|10048545
36315174|10030930
36315175|10057513
36315176|10057567
36315177|10030955
36315178|10030956
36315179|10030957
36315180|10037524
36315181|10037525
36315182|10037528
36315183|10038866
36315184|10061463
36315185|10050989
36315186|10057956
36315187|10057957
36315188|10067126
36315189|10041031
36315190|10041033
36315191|10041034
36315192|10044059
36315193|10044060
36315194|10044061
36315195|10045416
36315196|10045417
36315197|10045418
36315198|10047533
36315199|10047534
36315200|10047535
36315201|10047536
36315202|10047537
36315203|10047566
36315204|10047567
36315205|10047568
36315206|10057434
36315207|10057515
36315208|10057514
36315209|10047584
36315210|10047585
36315211|10004763
36315212|10004764
36315213|10004765
36315214|10004766
36315215|10004767
36315216|10004768
36315217|10004862
36315218|10004863
36315219|10004864
36315220|10004868
36315221|10004869
36315222|10004870
36315223|10017519
36315224|10017520
36315225|10017521
36315226|10018554
36315227|10018555
36315228|10018556
36315229|10033759
36315230|10033760
36315231|10033761
36315232|10059661
36315233|10059663
36315234|10059662
36315235|10004845
36315236|10004846
36315237|10004847
36315238|10065423
36315239|10065424
36315240|10065425
36315241|10065432
36315242|10065426
36315243|10053336
36315244|10053338
36315245|10053337
36315246|10057676
36315247|10064479
36315248|10064480
36315249|10064481
36315250|10062925
36315251|10062927
36315252|10062926
36315253|10065734
36315254|10062552
36315255|10056850
36315256|10002944
36315257|10056849
36315258|10005891
36315259|10056822
36315260|10056810
36315261|10056811
36315262|10056812
36315263|10056813
36315264|10056821
36315265|10005894
36315266|10005895
36315267|10005897
36315268|10050311
36315269|10005906
36315270|10005910
36315271|10063488
36315272|10005911
36315273|10064779
36315274|10064780
36315275|10062285
36315276|10062484
36315277|10050316
36315278|10056828
36315279|10056827
36315280|10058379
36315281|10058380
36315282|10058407
36315283|10056807
36315284|10056848
36315285|10056847
36315286|10067961
36315287|10067962
36315288|10053069
36315289|10056846
36315290|10056845
36315291|10057472
36315292|10068978
36315293|10068977
36315294|10068976
36315295|10058912
36315296|10058911
36315297|10058910
36315298|10062557
36315299|10062556
36315300|10050317
36315301|10056830
36315302|10056829
36315303|10060025
36315304|10060043
36315305|10060042
36315306|10057870
36315307|10051233
36315308|10065288
36315309|10060080
36315310|10060082
36315311|10060081
36315312|10054755
36315313|10054756
36315314|10054754
36315315|10063043
36315316|10024704
36315317|10057470
36315318|10053047
36315319|10056844
36315320|10056843
36315321|10052900
36315322|10065437
36315323|10050318
36315324|10056832
36315325|10056831
36315326|10065026
36315327|10065025
36315328|10050320
36315329|10056836
36315330|10056835
36315331|10053978
36315332|10056854
36315333|10056853
36315334|10050319
36315335|10056834
36315336|10056833
36315337|10048929
36315338|10056826
36315339|10056825
36315340|10050533
36315341|10064258
36315342|10051720
36315343|10051721
36315344|10051722
36315345|10053478
36315346|10053480
36315347|10053479
36315348|10034986
36315349|10062078
36315350|10062079
36315351|10058356
36315352|10050424
36315353|10056840
36315354|10056839
36315355|10050321
36315356|10055025
36315357|10055064
36315358|10051874
36315359|10048892
36315360|10056824
36315361|10056823
36315362|10038709
36315363|10038710
36315364|10038712
36315365|10049428
36315366|10067513
36315367|10057471
36315368|10068016
36315369|10053359
36315370|10056852
36315371|10056851
36315372|10052684
36315373|10056842
36315374|10056841
36315375|10064259
36315376|10063644
36315377|10064863
36315378|10047890
36315379|10056814
36315380|10047895
36315381|10047899
36315382|10056817
36315383|10002484
36315384|10002485
36315385|10002486
36315386|10002488
36315387|10002490
36315388|10002491
36315389|10002492
36315390|10002493
36315391|10002495
36315392|10002497
36315393|10063302
36315394|10060029
36315395|10060052
36315396|10060051
36315397|10063303
36315398|10038555
36315399|10038556
36315400|10038557
36315401|10038559
36315402|10038561
36315403|10052099
36315404|10049529
36315405|10059770
36315406|10059740
36315407|10059739
36315408|10001562
36315409|10001563
36315410|10001565
36315411|10001567
36315412|10001569
36315413|10001772
36315414|10001773
36315415|10001780
36315416|10001781
36315417|10001782
36315418|10001783
36315419|10001784
36315420|10001785
36315421|10001787
36315422|10001789
36315423|10064018
36315424|10068400
36315425|10064019
36315426|10001792
36315427|10001793
36315428|10001794
36315429|10001796
36315430|10001798
36315431|10059544
36315432|10059543
36315433|10051844
36315434|10051842
36315435|10051843
36315436|10051845
36315437|10001803
36315438|10001804
36315439|10001805
36315440|10001808
36315441|10001810
36315442|10001812
36315443|10001814
36315444|10001815
36315445|10063258
36315446|10063262
36315447|10063260
36315448|10063259
36315449|10063261
36315450|10065911
36315451|10065910
36315452|10065913
36315453|10065912
36315454|10064139
36315455|10050745
36315456|10061693
36315457|10004494
36315458|10004496
36315459|10004498
36315460|10061694
36315461|10004500
36315462|10004501
36315463|10004503
36315464|10059561
36315465|10059562
36315466|10059546
36315467|10059545
36315468|10059563
36315469|10005285
36315470|10005286
36315471|10005287
36315472|10005288
36315473|10005289
36315474|10064001
36315475|10063999
36315476|10056705
36315477|10056707
36315478|10056680
36315479|10056665
36315480|10056706
36315481|10068766
36315482|10059141
36315483|10006824
36315484|10068559
36315485|10049220
36315486|10006825
36315487|10006826
36315488|10008015
36315489|10008016
36315490|10008017
36315491|10050646
36315492|10008216
36315493|10008217
36315494|10008219
36315495|10008221
36315496|10069021
36315497|10014458
36315498|10014459
36315499|10061836
36315500|10014467
36315501|10014468
36315502|10014469
36315503|10065124
36315504|10065123
36315505|10064167
36315506|10064166
36315507|10018342
36315508|10065125
36315509|10058001
36315510|10018350
36315511|10064425
36315512|10021464
36315513|10065509
36315514|10025388
36315515|10059415
36315516|10059416
36315517|10059418
36315518|10059417
36315519|10060127
36315520|10060151
36315521|10060150
36315522|10036508
36315523|10065126
36315524|10048436
36315525|10048791
36315526|10064051
36315527|10067081
36315528|10066813
36315529|10065264
36315530|10036989
36315531|10036990
36315532|10036992
36315533|10036994
36315534|10036996
36315535|10056243
36315536|10056247
36315537|10050537
36315538|10037012
36315539|10037014
36315540|10037016
36315541|10037017
36315542|10049527
36315543|10049520
36315544|10064649
36315545|10064802
36315546|10050310
36315547|10064803
36315548|10067402
36315549|10043667
36315550|10043668
36315551|10052216
36315552|10052217
36315553|10043669
36315554|10059145
36315555|10059148
36315556|10059146
36315557|10059144
36315558|10059147
36315559|10046635
36315560|10046636
36315561|10046637
36315562|10048269
36315563|10048271
36315564|10048272
36315565|10048273
36315566|10050665
36315567|10005461
36315568|10005462
36315569|10005463
36315570|10005464
36315571|10005466
36315572|10005480
36315573|10005481
36315574|10005482
36315575|10005483
36315576|10005484
36315577|10005845
36315578|10005846
36315579|10005850
36315580|10005851
36315581|10059899
36315582|10059937
36315583|10050760
36315584|10005857
36315585|10059771
36315586|10059743
36315587|10059742
36315588|10011353
36315589|10011354
36315590|10011355
36315591|10011356
36315592|10011357
36315593|10011371
36315594|10068447
36315595|10011372
36315596|10011364
36315597|10011374
36315598|10049696
36315599|10055003
36315600|10050757
36315601|10064988
36315602|10064989
36315603|10058037
36315604|10018355
36315605|10018356
36315606|10018358
36315607|10018359
36315608|10018361
36315609|10022868
36315610|10022869
36315611|10022870
36315612|10022871
36315613|10022873
36315614|10029425
36315615|10064772
36315616|10051274
36315617|10051275
36315618|10051276
36315619|10061490
36315620|10061480
36315621|10061491
36315622|10046358
36315623|10046360
36315624|10053542
36315625|10053544
36315626|10053545
36315627|10053541
36315628|10053543
36315629|10053537
36315630|10053539
36315631|10053536
36315632|10053538
36315633|10053540
36315634|10061440
36315635|10061441
36315636|10061432
36315637|10047149
36315638|10047150
36315639|10047151
36315640|10001575
36315641|10001581
36315642|10001582
36315643|10005863
36315644|10018868
36315645|10018870
36315646|10007880
36315647|10053114
36315648|10011510
36315649|10011512
36315650|10058391
36315651|10058392
36315652|10058363
36315653|10053119
36315654|10053186
36315655|10018436
36315656|10018474
36315657|10018478
36315658|10059228
36315659|10018907
36315660|10018909
36315661|10057143
36315662|10059220
36315663|10060799
36315664|10051469
36315665|10056702
36315666|10056666
36315667|10037018
36315668|10037033
36315669|10053123
36315670|10050676
36315671|10048546
36315672|10038182
36315673|10041438
36315674|10041439
36315675|10050772
36315676|10050773
36315677|10041440
36315678|10056701
36315679|10056700
36315680|10050710
36315681|10046361
36315682|10046362
36315683|10046364
36315684|10046366
36315685|10046533
36315686|10067533
36315687|10067534
36315688|10065297
36315689|10056615
36315690|10046547
36315691|10061980
36315692|10049821
36315693|10068860
36315694|10064416
36315695|10064415
36315696|10046614
36315697|10062226
36315698|10061578
36315699|10050520
36315700|10051234
36315701|10050278
36315702|10064748
36315703|10064417
36315704|10050774
36315705|10050775
36315706|10050413
36315707|10050795
36315708|10050970
36315709|10057138
36315710|10064423
36315711|10064422
36315712|10059311
36315713|10059300
36315714|10051323
36315715|10051321
36315716|10051325
36315717|10046660
36315718|10062231
36315719|10046662
36315720|10046663
36315721|10046664
36315722|10050957
36315723|10049510
36315724|10062232
36315725|10046671
36315726|10046672
36315727|10046673
36315728|10057121
36315729|10057142
36315730|10057141
36315731|10057139
36315732|10057120
36315733|10057140
36315734|10063173
36315735|10063169
36315736|10063168
36315737|10046680
36315738|10050663
36315739|10047965
36315740|10047967
36315741|10034791
36315742|10034792
36315743|10034793
36315744|10034795
36315745|10034797
36315746|10048906
36315747|10060194
36315748|10060225
36315749|10060224
36315750|10050832
36315751|10067759
36315752|10067758
36315753|10059894
36315754|10059895
36315755|10059896
36315756|10052685
36315757|10004730
36315758|10004731
36315759|10004732
36315760|10004782
36315761|10004783
36315762|10004784
36315763|10004897
36315764|10004898
36315765|10004899
36315766|10059263
36315767|10059261
36315768|10059264
36315769|10003203
36315770|10003204
36315771|10003205
36315772|10061940
36315773|10054004
36315774|10011804
36315775|10011805
36315776|10011806
36315777|10011814
36315778|10011815
36315779|10011816
36315780|10068700
36315781|10037593
36315782|10037594
36315783|10037595
36315784|10057397
36315785|10057509
36315786|10057508
36315787|10038520
36315788|10061953
36315789|10061954
36315790|10045406
36315791|10045407
36315792|10045408
36315793|10045421
36315794|10045422
36315795|10045423
36315796|10046413
36315797|10046414
36315798|10046415
36315799|10050126
36315800|10046558
36315801|10062138
36315802|10062139
36315803|10065096
36315804|10065097
36315805|10065098
36315806|10047211
36315807|10047212
36315808|10047213
36315809|10052476
36315810|10052477
36315811|10021931
36315812|10062020
36315813|10062021
36315814|10053866
36315815|10038176
36315816|10038179
36315817|10038180
36315818|10068482
36315819|10068483
36315820|10062238
36315821|10039931
36315822|10062159
36315823|10039933
36315824|10039934
36315825|10039935
36315826|10039936
36315827|10062160
36315828|10039938
36315829|10039940
36315830|10039942
36315831|10039943
36315832|10039944
36315833|10039946
36315834|10039948
36315835|10041476
36315836|10041477
36315837|10041478
36315838|10041479
36315839|10041480
36315840|10041481
36315841|10041482
36315842|10041483
36315843|10041484
36315844|10041498
36315845|10041501
36315846|10041502
36315847|10041503
36315848|10041504
36315849|10041506
36315850|10041507
36315851|10047956
36315852|10047959
36315853|10047960
36315854|10034784
36315855|10062074
36315856|10034786
36315857|10034788
36315858|10034790
36315859|10053864
36315860|10003514
36315861|10003515
36315862|10003516
36315863|10003527
36315864|10003528
36315865|10003529
36315866|10004744
36315867|10004745
36315868|10004746
36315869|10004753
36315870|10004754
36315871|10004755
36315872|10048536
36315873|10048537
36315874|10048538
36315875|10004769
36315876|10004770
36315877|10004771
36315878|10004772
36315879|10004773
36315880|10004774
36315881|10051426
36315882|10058369
36315883|10058397
36315884|10004830
36315885|10004831
36315886|10004832
36315887|10004839
36315888|10004840
36315889|10004841
36315890|10065916
36315891|10004857
36315892|10048535
36315893|10004858
36315894|10055057
36315895|10058375
36315896|10058403
36315897|10004882
36315898|10004883
36315899|10004884
36315900|10061697
36315901|10058376
36315902|10058404
36315903|10004900
36315904|10004901
36315905|10004902
36315906|10004903
36315907|10004904
36315908|10004905
36315909|10041205
36315910|10041206
36315911|10041207
36315912|10041214
36315913|10064247
36315914|10067042
36315915|10067044
36315916|10067043
36315917|10067041
36315918|10001964
36315919|10001965
36315920|10001966
36315921|10010069
36315922|10064457
36315923|10067765
36315924|10016389
36315925|10016390
36315926|10016391
36315927|10051743
36315928|10066265
36315929|10021167
36315930|10021168
36315931|10021169
36315932|10050125
36315933|10026735
36315934|10026736
36315935|10026737
36315936|10066293
36315937|10069054
36315938|10069057
36315939|10069056
36315940|10057117
36315941|10052604
36315942|10039468
36315943|10039469
36315944|10039470
36315945|10043349
36315946|10062147
36315947|10062148
36315948|10045409
36315949|10045410
36315950|10045411
36315951|10052602
36315952|10067168
36315953|10052041
36315954|10052042
36315955|10052043
36315956|10045431
36315957|10045432
36315958|10045433
36315959|10045438
36315960|10045439
36315961|10045440
36315962|10058847
36315963|10058848
36315964|10058864
36315965|10052601
36315966|10064876
36315967|10068853
36315968|10067661
36315969|10067662
36315970|10065906
36315971|10065099
36315972|10055051
36315973|10067663
36315974|10067665
36315975|10067664
36315976|10067666
36315977|10015696
36315978|10015697
36315979|10015698
36315980|10015700
36315981|10015702
36315982|10016984
36315983|10016985
36315984|10016987
36315985|10016989
36315986|10016990
36315987|10017504
36315988|10017505
36315989|10017507
36315990|10017508
36315991|10017510
36315992|10022445
36315993|10022446
36315994|10022448
36315995|10022450
36315996|10022452
36315997|10026958
36315998|10026959
36315999|10026961
36316000|10026963
36316001|10026965
36316002|10034192
36316003|10034193
36316004|10034195
36316005|10034196
36316006|10034197
36316007|10053709
36316008|10053711
36316009|10053710
36316010|10059914
36316011|10061602
36316012|10061922
36316013|10059943
36316014|10061923
36316015|10053264
36316016|10053266
36316017|10053265
36316018|10041629
36316019|10041630
36316020|10041631
36316021|10044097
36316022|10044098
36316023|10044100
36316024|10052463
36316025|10044102
36316026|10047579
36316027|10047580
36316028|10047582
36316029|10047583
36316030|10050777
36316031|10003522
36316032|10003523
36316033|10003524
36316034|10003530
36316035|10003531
36316036|10003532
36316037|10004747
36316038|10004748
36316039|10004749
36316040|10051413
36316041|10058366
36316042|10058395
36316043|10004785
36316044|10004786
36316045|10004787
36316046|10004794
36316047|10004795
36316048|10004796
36316049|10004851
36316050|10004852
36316051|10004853
36316052|10004854
36316053|10004855
36316054|10004856
36316055|10064045
36316056|10004894
36316057|10004895
36316058|10004896
36316059|10051514
36316060|10058377
36316061|10058405
36316062|10049413
36316063|10063078
36316064|10063077
36316065|10052972
36316066|10058378
36316067|10058406
36316068|10062307
36316069|10057443
36316070|10033849
36316071|10033850
36316072|10033851
36316073|10068055
36316074|10060991
36316075|10060989
36316076|10060990
36316077|10056460
36316078|10056464
36316079|10002440
36316080|10002441
36316081|10002442
36316082|10006465
36316083|10006466
36316084|10006467
36316085|10006479
36316086|10006480
36316087|10006481
36316088|10008498
36316089|10008499
36316090|10008500
36316091|10053875
36316092|10057799
36316093|10057801
36316094|10023888
36316095|10023889
36316096|10023890
36316097|10027083
36316098|10027084
36316099|10027085
36316100|10055050
36316101|10058638
36316102|10058639
36316103|10058640
36316104|10064393
36316105|10035627
36316106|10053344
36316107|10052694
36316108|10065708
36316109|10052962
36316110|10047264
36316111|10047265
36316112|10047266
36316113|10004873
36316114|10004874
36316115|10004875
36316116|10060090
36316117|10060940
36316118|10060944
36316119|10060941
36316120|10060942
36316121|10060943
36316122|10061443
36316123|10061438
36316124|10061439
36316125|10061442
36316126|10060317
36316127|10061642
36316128|10061643
36316129|10061644
36316130|10060318
36316131|10060320
36316132|10060321
36316133|10060319
36316134|10059466
36316135|10064937
36316136|10054807
36316137|10056327
36316138|10057857
36316139|10057856
36316140|10056282
36316141|10061645
36316142|10050938
36316143|10050937
36316144|10060312
36316145|10061646
36316146|10061647
36316147|10061648
36316148|10061649
36316149|10061650
36316150|10060142
36316151|10060144
36316152|10060145
36316153|10063686
36316154|10060143
36316155|10059973
36316156|10059974
36316157|10059975
36316158|10005373
36316159|10005374
36316160|10005375
36316161|10005376
36316162|10005377
36316163|10061028
36316164|10061740
36316165|10061741
36316166|10050846
36316167|10050845
36316168|10061742
36316169|10061754
36316170|10061755
36316171|10061756
36316172|10063226
36316173|10063222
36316174|10061757
36316175|10068475
36316176|10049463
36316177|10059641
36316178|10053399
36316179|10049994
36316180|10061823
36316181|10061132
36316182|10061133
36316183|10013717
36316184|10013718
36316185|10061824
36316186|10013722
36316187|10061134
36316188|10013744
36316189|10013745
36316190|10019101
36316191|10019102
36316192|10019103
36316193|10062013
36316194|10062014
36316195|10062015
36316196|10060240
36316197|10060242
36316198|10060243
36316199|10060241
36316200|10063227
36316201|10063223
36316202|10063228
36316203|10063229
36316204|10063224
36316205|10063230
36316206|10059963
36316207|10059995
36316208|10061701
36316209|10060013
36316210|10062897
36316211|10005318
36316212|10005319
36316213|10005320
36316214|10005321
36316215|10005322
36316216|10005337
36316217|10005338
36316218|10005339
36316219|10005340
36316220|10005342
36316221|10005343
36316222|10005353
36316223|10005354
36316224|10005355
36316225|10005356
36316226|10005378
36316227|10005379
36316228|10005380
36316229|10005381
36316230|10005382
36316231|10005383
36316232|10005384
36316233|10005385
36316234|10061012
36316235|10061712
36316236|10061713
36316237|10061714
36316238|10005406
36316239|10005407
36316240|10005408
36316241|10005409
36316242|10005410
36316243|10005512
36316244|10005513
36316245|10005514
36316246|10005515
36316247|10005516
36316248|10064419
36316249|10063217
36316250|10061717
36316251|10061718
36316252|10061719
36316253|10059692
36316254|10005622
36316255|10005623
36316256|10005624
36316257|10005625
36316258|10005639
36316259|10005640
36316260|10005641
36316261|10005642
36316262|10005643
36316263|10060067
36316264|10060093
36316265|10060092
36316266|10005663
36316267|10005664
36316268|10005665
36316269|10005666
36316270|10056566
36316271|10056567
36316272|10056552
36316273|10007239
36316274|10007241
36316275|10007243
36316276|10007245
36316277|10050837
36316278|10052016
36316279|10050895
36316280|10049177
36316281|10016816
36316282|10059745
36316283|10059747
36316284|10059746
36316285|10024084
36316286|10024086
36316287|10024088
36316288|10024090
36316289|10026743
36316290|10026744
36316291|10026746
36316292|10026748
36316293|10063231
36316294|10063225
36316295|10063232
36316296|10054135
36316297|10056703
36316298|10054176
36316299|10064827
36316300|10042485
36316301|10042487
36316302|10042489
36316303|10061384
36316304|10061382
36316305|10061383
36316306|10056564
36316307|10056565
36316308|10056551
36316309|10059572
36316310|10059573
36316311|10059554
36316312|10059955
36316313|10059986
36316314|10051400
36316315|10059574
36316316|10059575
36316317|10059555
36316318|10059576
36316319|10059577
36316320|10059556
36316321|10059578
36316322|10059579
36316323|10059557
36316324|10059580
36316325|10059581
36316326|10059558
36316327|10062227
36316328|10062228
36316329|10065660
36316330|10065662
36316331|10065661
36316332|10064418
36316333|10060068
36316334|10060095
36316335|10060094
36316336|10005357
36316337|10005358
36316338|10005359
36316339|10005360
36316340|10005361
36316341|10005392
36316342|10005393
36316343|10005395
36316344|10005396
36316345|10005397
36316346|10005416
36316347|10005417
36316348|10005419
36316349|10005420
36316350|10005421
36316351|10005433
36316352|10005434
36316353|10005435
36316354|10005436
36316355|10005439
36316356|10005440
36316357|10005442
36316358|10005443
36316359|10005444
36316360|10005489
36316361|10005490
36316362|10005491
36316363|10005492
36316364|10005616
36316365|10005617
36316366|10005619
36316367|10005620
36316368|10005621
36316369|10005651
36316370|10005652
36316371|10005654
36316372|10005655
36316373|10005656
36316374|10005717
36316375|10054823
36316376|10049471
36316377|10050196
36316378|10054887
36316379|10005721
36316380|10005722
36316381|10005724
36316382|10005725
36316383|10005726
36316384|10005793
36316385|10005794
36316386|10005796
36316387|10005797
36316388|10005798
36316389|10005799
36316390|10005800
36316391|10005802
36316392|10005803
36316393|10005804
36316394|10005864
36316395|10005865
36316396|10005867
36316397|10005868
36316398|10005869
36316399|10060900
36316400|10060896
36316401|10060898
36316402|10060899
36316403|10060897
36316404|10063641
36316405|10063642
36316406|10022960
36316407|10022961
36316408|10022963
36316409|10022965
36316410|10022967
36316411|10053226
36316412|10057966
36316413|10057965
36316414|10040246
36316415|10040247
36316416|10040249
36316417|10040250
36316418|10040251
36316419|10064792
36316420|10064795
36316421|10064831
36316422|10068025
36316423|10068027
36316424|10068026
36316425|10044354
36316426|10062214
36316427|10044356
36316428|10044357
36316429|10044358
36316430|10051007
36316431|10050770
36316432|10050771
36316433|10050933
36316434|10050538
36316435|10049820
36316436|10052300
36316437|10059564
36316438|10059565
36316439|10059550
36316440|10059566
36316441|10059567
36316442|10059551
36316443|10060294
36316444|10060314
36316445|10060316
36316446|10060315
36316447|10060313
36316448|10061013
36316449|10061014
36316450|10061715
36316451|10061716
36316452|10061015
36316453|10005693
36316454|10005694
36316455|10005696
36316456|10005697
36316457|10005698
36316458|10031140
36316459|10031141
36316460|10031142
36316461|10062256
36316462|10062257
36316463|10062258
36316464|10062259
36316465|10062260
36316466|10050709
36316467|10062229
36316468|10046631
36316469|10061579
36316470|10057265
36316471|10062230
36316472|10046652
36316473|10046653
36316474|10046654
36316475|10060917
36316476|10047689
36316477|10047690
36316478|10050951
36356121|36356121
36356122|10007588
36356123|10012759
36356124|10016789
36356125|10017492
36356126|10019295
36356127|10042956
36356128|10042958
36356129|10045508
36356130|10050130
36356131|10050565
36356132|10050566
36356133|10050567
36356134|10050568
36356135|10050569
36356136|10050570
36356137|10050571
36356138|10050572
36356139|10050573
36356140|10057907
36356141|36356141
36356142|10017502
36356143|10017503
36356144|10019296
36356145|10028283
36356146|36356146
36356147|10000149
36356148|10019309
36356149|36356149
36356150|10031435
36356151|10050042
36356152|10050131
36356153|10050132
36356154|10050134
36356155|10050135
36356156|10050136
36356157|10050137
36356158|10050138
36356159|10050139
36356160|10058004
36356161|36356161
36356162|36356162
36356163|36356163
36356164|10007546
36356165|36356165
36356166|36356166
36356167|36356167
36356168|36356168
36356169|36356169
36356170|36356170
36356171|36356171
36356172|36356172
36356173|36356173
36356174|10009169
36356175|36356175
36356176|10009171
36356177|36356177
36356178|10009172
36356179|36356179
36356180|36356180
36356181|36356181
36356182|36356182
36356183|36356183
36356184|36356184
36356185|36356185
36356186|36356186
36356187|10007608
36356188|10042219
36356189|36356189
36356190|36356190
36356191|36356191
36356192|36356192
36356193|36356193
36356194|36356194
36356195|10007653
36356196|10029690
36356197|10029705
36356198|10032319
36356199|36356199
36356200|36356200
36356201|36356201
36356202|36356202
36356203|10011695
36356204|36356204
36356205|10011694
36356206|10036641
36356207|36356207
36356208|10011696
36356209|36356209
36356210|36356210
36356211|36356211
36356212|10014116
36356213|10053094
36356214|10053367
36356215|10053368
36356216|10055061
36356217|10055062
36356218|10058249
36356219|10058250
36356220|10014114
36356221|10014117
36356222|36356222
36356223|36356223
36356224|10014118
36356225|36356225
36356226|10069170
36356227|36356227
36356228|10024118
36356229|36356229
36356230|10053222
36356231|36356231
36356232|36356232
36356233|36356233
36356234|36356234
36356235|36356235
36356236|36356236
36356237|36356237
36356238|36356238
36356239|36356239
36356240|10067415
36356241|10007524
36356242|10028145
36356243|36356243
36356244|10007525
36356245|10028146
36356246|10028147
36356247|36356247
36356248|10007526
36356249|10028148
36356250|36356250
36356251|36356251
36356252|10034170
36356253|36356253
36356254|36356254
36356255|10034171
36356256|36356256
36356257|10037330
36356258|10051210
36356259|10057894
36356260|10059871
36356261|10034173
36356262|10037328
36356263|36356263
36356264|10037341
36356265|10058005
36356266|10034172
36356267|36356267
36356268|36356268
36356269|36356269
36356270|36356270
36356271|36356271
36356272|36356272
36356273|10050242
36356274|36356274
36356275|36356275
36356276|10042249
36356277|10042247
36356278|36356278
36356279|10029778
36356280|36356280
36356281|36356281
36356282|10023238
36356283|36356283
36356284|36356284
36356285|10023239
36356286|36356286
36356287|10020079
36356288|10023240
36356289|10023242
36356290|10037820
36356291|36356291
36356292|10023241
36356293|10023270
36356294|36356294
36356295|10050313
36356296|36356296
36356297|10057937
36356298|10057939
36356299|10057940
36356300|36356300
36356301|10057930
36356302|10057932
36356303|36356303
36356304|10057931
36356305|10057933
36356306|36356306
36356307|10007523
36356308|10057909
36356309|36356309
36356310|36356310
36356311|36356311
36356312|10030674
36356313|10034465
36356314|10043486
36356315|36356315
36356316|10030675
36356317|10034466
36356318|10043487
36356319|36356319
36356320|10030676
36356321|10034467
36356322|10043488
36356323|36356323
36356324|10034472
36356325|36356325
36356326|10034473
36356327|36356327
36356328|10002434
36356329|10002447
36356330|36356330
36356331|10011066
36356332|10011069
36356333|10002435
36356334|36356334
36356335|10011067
36356336|10002436
36356337|36356337
36356338|10011068
36356339|36356339
36356340|36356340
36356341|36356341
36356342|36356342
36356343|10056257
36356344|10056258
36356345|10056448
36356346|36356346
36356347|10024117
36356348|10024121
36356349|10024122
36356350|10047307
36356351|36356351
36356352|10047308
36356353|36356353
36356354|10047309
36356355|36356355
36356356|36356356
36356357|36356357
36356358|10056260
36356359|36356359
36356360|36356360
36356361|36356361
36356362|36356362
36356363|10007527
36356364|36356364
36356365|10048606
36356366|10054343
36356367|10007528
36356368|36356368
36356369|10054342
36356370|10054344
36356371|10007529
36356372|36356372
36356373|10054345
36356374|10054355
36356375|36356375
36356376|10060808
36356377|10066201
36356378|36356378
36356379|10060810
36356380|10069074
36356381|36356381
36356382|10060809
36356383|10069073
36356384|10028603
36356385|10039548
36356386|10043399
36356387|10043400
36356388|10051084
36356389|10054081
36356390|36356390
36356391|10062351
36356392|10039549
36356393|10043401
36356394|36356394
36356395|10039550
36356396|10043402
36356397|36356397
36356398|36356398
36356399|36356399
36356400|36356400
36356401|36356401
36356402|36356402
36356403|10058329
36356404|36356404
36356405|10051005
36356406|10014084
36356407|10014332
36356408|36356408
36356409|36356409
36356410|10033337
36356411|36356411
36356412|10050388
36356413|10057503
36356414|36356414
36356415|10057504
36356416|36356416
36356417|36356417
36356418|10036470
36356419|36356419
36356420|36356420
36356421|10036471
36356422|10036473
36356423|10053655
36356424|36356424
36356425|36356425
36356426|10036472
36356427|10036474
36356428|36356428
36356429|10051188
36356430|10067844
36356431|10067845
36356432|10067846
36356433|36356433
36356434|10036629
36356435|10036630
36356436|10037691
36356437|36356437
36356438|36356438
36356439|10037693
36356440|36356440
36356441|10052344
36356442|10057505
36356443|10057506
36356444|10057559
36356445|10057638
36356446|10068481
36356447|36356447
36356448|10037696
36356449|36356449
36356450|10036886
36356451|10037694
36356452|10037695
36356453|10037697
36356454|10037698
36356455|10037699
36356456|36356456
36356457|10057908
36356458|10014381
36356459|36356459
36356460|10037701
36356461|10037707
36356462|36356462
36356463|10014382
36356464|36356464
36356465|10037702
36356466|10014383
36356467|36356467
36356468|10024802
36356469|10036887
36356470|10037700
36356471|10037703
36356472|10037705
36356473|10053698
36356474|10054581
36356475|10067573
36356476|10011981
36356477|10014384
36356478|36356478
36356479|10037704
36356480|10037706
36356481|10040598
36356482|10056195
36356483|36356483
36356484|36356484
36356485|36356485
36356486|10041890
36356487|10057497
36356488|10057498
36356489|36356489
36356490|10050799
36356491|36356491
36356492|10041886
36356493|10041891
36356494|10041892
36356495|36356495
36356496|10041887
36356497|10041893
36356498|10041894
36356499|36356499
36356500|10041889
36356501|10041895
36356502|10050179
36356503|10057502
36356504|36356504
36356505|36356505
36356506|36356506
36356507|36356507
36356508|36356508
36356509|36356509
36356510|10042962
36356511|10042964
36356512|10042965
36356513|10047850
36356514|36356514
36356515|36356515
36356516|36356516
36356517|10022886
36356518|10042963
36356519|10042966
36356520|10042967
36356521|10042968
36356522|10058100
36356523|10067847
36356524|36356524
36356525|36356525
36356526|10042969
36356527|36356527
36356528|36356528
36356529|36356529
36356530|10000126
36356531|10000129
36356532|10013215
36356533|10014085
36356534|10014086
36356535|10014087
36356536|10014088
36356537|10014090
36356538|10014091
36356539|10014094
36356540|10014095
36356541|10014333
36356542|10014334
36356543|10014336
36356544|36356544
36356545|10014364
36356546|10014365
36356547|10014366
36356548|10014367
36356549|10029670
36356550|10048508
36356551|36356551
36356552|10020357
36356553|10067834
36356554|36356554
36356555|10020358
36356556|36356556
36356557|10020359
36356558|10008396
36356559|10014371
36356560|36356560
36356561|36356561
36356562|36356562
36356563|10014092
36356564|10014093
36356565|10014335
36356566|36356566
36356567|10014397
36356568|10029761
36356569|10029762
36356570|10029763
36356571|10045279
36356572|10045281
36356573|10057913
36356574|10052487
36356575|36356575
36356576|36356576
36356577|36356577
36356578|10052509
36356579|10004553
36356580|10015638
36356581|10015641
36356582|36356582
36356583|10044555
36356584|10015639
36356585|10015642
36356586|36356586
36356587|10015640
36356588|10015643
36356589|36356589
36356590|36356590
36356591|10037687
36356592|10051002
36356593|36356593
36356594|10057636
36356595|10058099
36356596|10068480
36356597|36356597
36356598|36356598
36356599|36356599
36356600|36356600
36356601|36356601
36356602|36356602
36356603|36356603
36356604|36356604
36356605|36356605
36356606|36356606
36356607|36356607
36356608|36356608
36356609|36356609
36356610|36356610
36356611|36356611
36356612|36356612
36356613|36356613
36356614|36356614
36356615|10050133
36356616|36356616
36356617|10037485
36356618|36356618
36356619|36356619
36356620|10019305
36356621|10024925
36356622|10037471
36356623|10037486
36356624|10037487
36356625|10037488
36356626|10037489
36356627|10037491
36356628|10041044
36356629|10019302
36356630|36356630
36356631|10019310
36356632|10019322
36356633|10020081
36356634|10037474
36356635|10037484
36356636|10037490
36356637|10037733
36356638|36356638
36356639|10019323
36356640|10022994
36356641|10037475
36356642|10037476
36356643|36356643
36356644|10029775
36356645|10037477
36356646|36356646
36356647|36356647
36356648|36356648
36356649|36356649
36356650|36356650
36356651|36356651
36356652|36356652
36356653|36356653
36356654|10004964
36356655|10007182
36356656|10009922
36356657|10011126
36356658|10016676
36356659|10035074
36356660|10035510
36356661|36356661
36356662|10037467
36356663|10037468
36356664|10037492
36356665|10037498
36356666|10037501
36356667|10037502
36356668|10037503
36356669|10037505
36356670|10043501
36356671|10044669
36356672|10047845
36356673|36356673
36356674|10067686
36356675|10067687
36356676|36356676
36356677|10037472
36356678|10037473
36356679|10037495
36356680|10037497
36356681|10045507
36356682|10048695
36356683|10048717
36356684|36356684
36356685|10037479
36356686|36356686
36356687|10037494
36356688|10037470
36356689|10037481
36356690|36356690
36356691|36356691
36356692|36356692
36356693|10002033
36356694|10037493
36356695|10057499
36356696|36356696
36356697|36356697
36356698|36356698
36356699|10037752
36356700|36356700
36356701|36356701
36356702|36356702
36356703|36356703
36356704|36356704
36356705|36356705
36356706|36356706
36356707|36356707
36356708|36356708
36356709|10004733
36356710|36356710
36356711|10004734
36356712|36356712
36356713|10051831
36356714|36356714
36356715|36356715
36356716|10050105
36356717|36356717
36356718|36356718
36356719|10050112
36356720|10063187
36356721|36356721
36356722|36356722
36356723|36356723
36356724|36356724
36356725|10002437
36356726|10002446
36356727|10050062
36356728|10057784
36356729|10057788
36356730|36356730
36356731|10063983
36356732|10065324
36356733|10002438
36356734|10016813
36356735|10057807
36356736|10057822
36356737|36356737
36356738|10065323
36356739|10002439
36356740|10016814
36356741|10057808
36356742|10057821
36356743|36356743
36356744|10065325
36356745|36356745
36356746|10057779
36356747|36356747
36356748|10057802
36356749|36356749
36356750|10057803
36356751|10050644
36356752|36356752
36356753|10002928
36356754|10002929
36356755|10002932
36356756|10002935
36356757|10002936
36356758|10003077
36356759|10003080
36356760|10044437
36356761|36356761
36356762|10002930
36356763|10002933
36356764|10002937
36356765|10003078
36356766|36356766
36356767|10002931
36356768|10002934
36356769|10002938
36356770|10003079
36356771|36356771
36356772|36356772
36356773|10007812
36356774|10054356
36356775|10055638
36356776|36356776
36356777|10007813
36356778|10054357
36356779|10055639
36356780|36356780
36356781|10003151
36356782|10007814
36356783|10054358
36356784|10055640
36356785|10050290
36356786|36356786
36356787|10049533
36356788|36356788
36356789|10002431
36356790|36356790
36356791|10007680
36356792|10007683
36356793|10007685
36356794|10002432
36356795|36356795
36356796|10007681
36356797|10002433
36356798|36356798
36356799|10007682
36356800|36356800
36356801|36356801
36356802|36356802
36356803|36356803
36356804|36356804
36356805|36356805
36356806|10025218
36356807|36356807
36356808|36356808
36356809|36356809
36356810|10045387
36356811|10045385
36356812|10045388
36356813|36356813
36356814|10045386
36356815|10045389
36356816|36356816
36356817|10013594
36356818|10013595
36356819|10013596
36356820|36356820
36356821|10045415
36356822|10052965
36356823|10053017
36356824|10059713
36356825|10065105
36356826|10067292
36356827|10067293
36356828|10069014
36356829|10069016
36356830|10010018
36356831|10010053
36356832|10013597
36356833|36356833
36356834|10013598
36356835|36356835
36356836|10066278
36356837|36356837
36356838|10024098
36356839|10034903
36356840|36356840
36356841|10047214
36356842|36356842
36356843|36356843
36356844|36356844
36356845|10053495
36356846|36356846
36356847|36356847
36356848|36356848
36356849|36356849
36356850|10006063
36356851|36356851
36356852|36356852
36356853|36356853
36356854|36356854
36356855|36356855
36356856|36356856
36356857|10003146
36356858|10003169
36356859|36356859
36356860|10005743
36356861|10005744
36356862|10005745
36356863|10006064
36356864|10006065
36356865|10013644
36356866|10013645
36356867|10016174
36356868|10024982
36356869|10026987
36356870|10026988
36356871|10029716
36356872|10036638
36356873|10067050
36356874|36356874
36356875|10011866
36356876|10012751
36356877|36356877
36356878|36356878
36356879|10005740
36356880|10011867
36356881|10012752
36356882|10012755
36356883|10012760
36356884|10005738
36356885|36356885
36356886|10011868
36356887|10012753
36356888|10012756
36356889|10012761
36356890|36356890
36356891|10012754
36356892|10012757
36356893|36356893
36356894|10005749
36356895|10003168
36356896|10003170
36356897|36356897
36356898|10005755
36356899|10006067
36356900|10014474
36356901|10014475
36356902|10021655
36356903|10036639
36356904|10036640
36356905|10037806
36356906|10037808
36356907|10039196
36356908|10039197
36356909|10067049
36356910|36356910
36356911|10006066
36356912|36356912
36356913|36356913
36356914|36356914
36356915|36356915
36356916|36356916
36356917|36356917
36356918|10039506
36356919|10042955
36356920|36356920
36356921|36356921
36356922|10005763
36356923|10039507
36356924|10042959
36356925|10005759
36356926|36356926
36356927|10039508
36356928|10042960
36356929|36356929
36356930|10023501
36356931|10023503
36356932|10033772
36356933|10036213
36356934|10036214
36356935|10037504
36356936|36356936
36356937|10023502
36356938|36356938
36356939|10042961
36356940|36356940
36356941|10050743
36356942|10057557
36356943|36356943
36356944|36356944
36356945|10057555
36356946|36356946
36356947|10057556
36356948|36356948
36356949|36356949
36356950|10026813
36356951|36356951
36356952|10026814
36356953|10026981
36356954|36356954
36356955|10026986
36356956|10026815
36356957|10026984
36356958|36356958
36356959|36356959
36356960|10060208
36356961|36356961
36356962|10060264
36356963|36356963
36356964|36356964
36356965|36356965
36356966|10060263
36356967|36356967
36356968|10037333
36356969|10044113
36356970|36356970
36356971|36356971
36356972|10037335
36356973|10044115
36356974|36356974
36356975|10047098
36356976|10047101
36356977|36356977
36356978|10011978
36356979|10044119
36356980|10047099
36356981|36356981
36356982|10021687
36356983|10044120
36356984|10047100
36356985|36356985
36356986|10044121
36356987|10047102
36356988|36356988
36356989|10052678
36356990|36356990
36356991|10065141
36356992|36356992
36356993|36356993
36356994|36356994
36356995|10060119
36356996|36356996
36356997|36356997
36356998|10047242
36356999|10060111
36357000|10036652
36357001|36357001
36357002|10047243
36357003|10060110
36357004|10047244
36357005|36357005
36357006|36357006
36357007|10008812
36357008|36357008
36357009|10008819
36357010|10029679
36357011|10034877
36357012|10008383
36357013|10008813
36357014|36357014
36357015|10008820
36357016|36357016
36357017|36357017
36357018|36357018
36357019|10008825
36357020|36357020
36357021|10008826
36357022|36357022
36357023|36357023
36357024|36357024
36357025|36357025
36357026|36357026
36357027|36357027
36357028|10066941
36357029|10066942
36357030|36357030
36357031|36357031
36357032|36357032
36357033|36357033
36357034|10023306
36357035|10023300
36357036|10023301
36357037|10023303
36357038|36357038
36357039|36357039
36357040|10023305
36357041|36357041
36357042|36357042
36357043|10042767
36357044|36357044
36357045|10042768
36357046|36357046
36357047|10029779
36357048|10042769
36357049|36357049
36357050|36357050
36357051|10046514
36357052|10001650
36357053|36357053
36357054|36357054
36357055|10001654
36357056|10001652
36357057|36357057
36357058|10046515
36357059|36357059
36357060|10001644
36357061|36357061
36357062|10035171
36357063|10040126
36357064|36357064
36357065|10035172
36357066|10040127
36357067|10001645
36357068|10001648
36357069|36357069
36357070|10035173
36357071|10040128
36357072|10001646
36357073|10001647
36357074|36357074
36357075|10035174
36357076|10040129
36357077|36357077
36357078|10035175
36357079|10040130
36357080|36357080
36357081|10011177
36357082|10035251
36357083|10040206
36357084|36357084
36357085|10011178
36357086|10035252
36357087|10040207
36357088|36357088
36357089|10011179
36357090|10011182
36357091|10035253
36357092|10040208
36357093|36357093
36357094|10011180
36357095|10011181
36357096|10035254
36357097|10040209
36357098|36357098
36357099|10011183
36357100|10035255
36357101|10040210
36357102|36357102
36357103|10011195
36357104|10020518
36357105|10035261
36357106|10040216
36357107|36357107
36357108|10011196
36357109|10011197
36357110|10013526
36357111|10020517
36357112|10020519
36357113|10035262
36357114|10040217
36357115|36357115
36357116|10011198
36357117|10011208
36357118|10020520
36357119|10035263
36357120|10040218
36357121|36357121
36357122|10011206
36357123|10011207
36357124|10020521
36357125|10035264
36357126|10040219
36357127|36357127
36357128|10011209
36357129|10020522
36357130|10035265
36357131|10040220
36357132|36357132
36357133|36357133
36357134|10046538
36357135|10011200
36357136|36357136
36357137|36357137
36357138|10011204
36357139|10011202
36357140|36357140
36357141|36357141
36357142|36357142
36357143|36357143
36357144|10049552
36357145|36357145
36357146|36357146
36357147|36357147
36357148|36357148
36357149|10018408
36357150|36357150
36357151|10018405
36357152|10018409
36357153|36357153
36357154|36357154
36357155|10018410
36357156|10018412
36357157|10018413
36357158|36357158
36357159|10018411
36357160|36357160
36357161|36357161
36357162|10020536
36357163|36357163
36357164|36357164
36357165|10020540
36357166|10000012
36357167|10020538
36357168|36357168
36357169|36357169
36357170|10000015
36357171|10000016
36357172|10000017
36357173|10020542
36357174|36357174
36357175|10033328
36357176|10000003
36357177|10000004
36357178|36357178
36357179|36357179
36357180|10051618
36357181|36357181
36357182|36357182
36357183|36357183
36357184|36357184
36357185|36357185
36357186|36357186
36357187|36357187
36357188|10064029
36357189|36357189
36357190|10064028
36357191|36357191
36357192|10001350
36357193|36357193
36357194|10001351
36357195|36357195
36357196|10001352
36357197|36357197
36357198|36357198
36357199|10007789
36357200|10035217
36357201|10040178
36357202|10059715
36357203|10059716
36357204|36357204
36357205|10007790
36357206|10007795
36357207|10007807
36357208|10035218
36357209|10040179
36357210|36357210
36357211|10007791
36357212|10007796
36357213|10007799
36357214|10035219
36357215|10040180
36357216|36357216
36357217|10007792
36357218|10007793
36357219|10007797
36357220|10007798
36357221|10035220
36357222|10040181
36357223|36357223
36357224|10007794
36357225|10007800
36357226|10035221
36357227|10040182
36357228|10050678
36357229|10050679
36357230|10050683
36357231|36357231
36357232|10007801
36357233|36357233
36357234|10007802
36357235|10007805
36357236|36357236
36357237|10007803
36357238|10007804
36357239|10007808
36357240|10046534
36357241|36357241
36357242|10007806
36357243|36357243
36357244|36357244
36357245|10015061
36357246|36357246
36357247|36357247
36357248|10015065
36357249|10015063
36357250|36357250
36357251|36357251
36357252|36357252
36357253|10027443
36357254|36357254
36357255|36357255
36357256|10027446
36357257|10027441
36357258|36357258
36357259|10046546
36357260|36357260
36357261|36357261
36357262|10029749
36357263|36357263
36357264|36357264
36357265|10029753
36357266|10029751
36357267|36357267
36357268|10040348
36357269|36357269
36357270|36357270
36357271|36357271
36357272|36357272
36357273|36357273
36357274|36357274
36357275|36357275
36357276|10059720
36357277|10014703
36357278|10029706
36357279|36357279
36357280|10014704
36357281|36357281
36357282|10001847
36357283|10001848
36357284|10020381
36357285|10020385
36357286|10020386
36357287|10020387
36357288|10021407
36357289|36357289
36357290|36357290
36357291|10062740
36357292|36357292
36357293|10065521
36357294|10052165
36357295|10052205
36357296|36357296
36357297|10063248
36357298|10065520
36357299|10039553
36357300|36357300
36357301|10039554
36357302|36357302
36357303|10001338
36357304|10001372
36357305|10001380
36357306|10027437
36357307|10039523
36357308|10039536
36357309|36357309
36357310|10039524
36357311|10039537
36357312|36357312
36357313|10039525
36357314|10039538
36357315|36357315
36357316|10033960
36357317|10039552
36357318|36357318
36357319|10027485
36357320|10039573
36357321|10043701
36357322|10043766
36357323|36357323
36357324|10034339
36357325|10039561
36357326|36357326
36357327|10039562
36357328|36357328
36357329|10039563
36357330|36357330
36357331|10039574
36357332|36357332
36357333|10039575
36357334|36357334
36357335|36357335
36357336|36357336
36357337|36357337
36357338|36357338
36357339|10006940
36357340|10035207
36357341|10040167
36357342|36357342
36357343|10005388
36357344|10035208
36357345|10040168
36357346|36357346
36357347|10006941
36357348|10006944
36357349|10035209
36357350|10040169
36357351|36357351
36357352|10006942
36357353|10006943
36357354|10006947
36357355|10035210
36357356|10040170
36357357|36357357
36357358|10006945
36357359|10035211
36357360|10040171
36357361|36357361
36357362|10050754
36357363|36357363
36357364|10040259
36357365|36357365
36357366|10017848
36357367|10017849
36357368|10040260
36357369|36357369
36357370|10017850
36357371|36357371
36357372|10018396
36357373|10035298
36357374|10040261
36357375|36357375
36357376|10005549
36357377|10018397
36357378|10035299
36357379|10040262
36357380|36357380
36357381|10018398
36357382|10018401
36357383|10035300
36357384|10040263
36357385|36357385
36357386|10018399
36357387|10018400
36357388|10035301
36357389|10040264
36357390|36357390
36357391|10018402
36357392|10035302
36357393|10040265
36357394|36357394
36357395|10022468
36357396|10035332
36357397|10040303
36357398|10066859
36357399|36357399
36357400|10005607
36357401|10022469
36357402|10022470
36357403|10035333
36357404|10040304
36357405|36357405
36357406|10022473
36357407|10022487
36357408|36357408
36357409|10022483
36357410|10022486
36357411|10022496
36357412|10035334
36357413|10040305
36357414|36357414
36357415|10022488
36357416|10035335
36357417|10040306
36357418|36357418
36357419|10036815
36357420|10005773
36357421|10036816
36357422|36357422
36357423|36357423
36357424|10036817
36357425|10036820
36357426|36357426
36357427|10036818
36357428|10036819
36357429|36357429
36357430|10036821
36357431|36357431
36357432|10005608
36357433|36357433
36357434|10005609
36357435|10022475
36357436|10061720
36357437|36357437
36357438|10005610
36357439|36357439
36357440|10022479
36357441|10005611
36357442|10022477
36357443|36357443
36357444|10005612
36357445|36357445
36357446|36357446
36357447|36357447
36357448|36357448
36357449|36357449
36357450|36357450
36357451|36357451
36357452|10062741
36357453|36357453
36357454|36357454
36357455|36357455
36357456|36357456
36357457|36357457
36357458|36357458
36357459|36357459
36357460|10033931
36357461|10033933
36357462|10033952
36357463|10035392
36357464|10037266
36357465|10040360
36357466|36357466
36357467|10005701
36357468|10033934
36357469|10033953
36357470|10035393
36357471|10037267
36357472|10040361
36357473|36357473
36357474|10033935
36357475|10033938
36357476|10033955
36357477|10035394
36357478|10037270
36357479|10040362
36357480|10053221
36357481|36357481
36357482|10033936
36357483|10033937
36357484|10033956
36357485|10035395
36357486|10037268
36357487|10037269
36357488|10040363
36357489|10051145
36357490|36357490
36357491|10033939
36357492|10033957
36357493|10035396
36357494|10037271
36357495|10040364
36357496|36357496
36357497|10033946
36357498|36357498
36357499|10033947
36357500|36357500
36357501|10033948
36357502|10000607
36357503|10001393
36357504|10001395
36357505|10005284
36357506|36357506
36357507|10011184
36357508|10011189
36357509|10035256
36357510|10040211
36357511|10000608
36357512|10001394
36357513|10001396
36357514|36357514
36357515|10011185
36357516|10035257
36357517|10040212
36357518|10043383
36357519|10000609
36357520|10000610
36357521|10001397
36357522|36357522
36357523|10011186
36357524|10011190
36357525|10011193
36357526|10035258
36357527|10040213
36357528|10000611
36357529|10001398
36357530|36357530
36357531|10011187
36357532|10011191
36357533|10011192
36357534|10035259
36357535|10040214
36357536|10000612
36357537|36357537
36357538|10011188
36357539|10011194
36357540|10035260
36357541|10040215
36357542|36357542
36357543|10016911
36357544|10016937
36357545|10017399
36357546|10018525
36357547|10018528
36357548|10035293
36357549|10040253
36357550|36357550
36357551|10016912
36357552|10016938
36357553|10017400
36357554|10018529
36357555|10035294
36357556|10040254
36357557|36357557
36357558|10016913
36357559|10016914
36357560|10016917
36357561|10016939
36357562|10016942
36357563|10017401
36357564|10018526
36357565|10018530
36357566|10035295
36357567|10040255
36357568|36357568
36357569|10016915
36357570|10016918
36357571|10016940
36357572|10016941
36357573|10017402
36357574|10017403
36357575|10018527
36357576|10018531
36357577|10035296
36357578|10040256
36357579|36357579
36357580|10016916
36357581|10016943
36357582|10017404
36357583|10035297
36357584|10040257
36357585|36357585
36357586|10018514
36357587|10018520
36357588|10035308
36357589|10040276
36357590|10054713
36357591|36357591
36357592|10018521
36357593|10018548
36357594|10035309
36357595|10040277
36357596|10054714
36357597|36357597
36357598|10018522
36357599|10018541
36357600|10018546
36357601|10018549
36357602|10018552
36357603|10035087
36357604|10054718
36357605|36357605
36357606|10018517
36357607|10018523
36357608|10018542
36357609|10018547
36357610|10018550
36357611|10018551
36357612|10035088
36357613|10054719
36357614|36357614
36357615|10018518
36357616|10018524
36357617|10018553
36357618|10035310
36357619|10040278
36357620|10054715
36357621|36357621
36357622|10018222
36357623|10018747
36357624|10035311
36357625|10040279
36357626|10041330
36357627|10041331
36357628|10041335
36357629|10042034
36357630|36357630
36357631|10018223
36357632|10018748
36357633|10035312
36357634|10040280
36357635|10041332
36357636|10041336
36357637|10041337
36357638|36357638
36357639|10018224
36357640|10018225
36357641|10018749
36357642|10035313
36357643|10040281
36357644|10041333
36357645|10041338
36357646|10041341
36357647|10054848
36357648|36357648
36357649|10018226
36357650|10018227
36357651|10018750
36357652|10018752
36357653|10018754
36357654|10035314
36357655|10040282
36357656|10041334
36357657|10041339
36357658|10041340
36357659|36357659
36357660|10018228
36357661|10018753
36357662|10035315
36357663|10040283
36357664|10041342
36357665|36357665
36357666|10018536
36357667|10021205
36357668|10022604
36357669|10024411
36357670|10025155
36357671|10035355
36357672|10040329
36357673|36357673
36357674|10024412
36357675|10025151
36357676|10025156
36357677|10035356
36357678|10040330
36357679|36357679
36357680|10018532
36357681|10018537
36357682|10018538
36357683|10024413
36357684|10024414
36357685|10024415
36357686|10025145
36357687|10025148
36357688|10025150
36357689|10025152
36357690|10025157
36357691|10025160
36357692|10035357
36357693|10040331
36357694|36357694
36357695|10018513
36357696|10018533
36357697|10018534
36357698|10018539
36357699|10018540
36357700|10024416
36357701|10024417
36357702|10025146
36357703|10025149
36357704|10025153
36357705|10025158
36357706|10025159
36357707|10035358
36357708|10040332
36357709|36357709
36357710|10018511
36357711|10018512
36357712|10018535
36357713|10024418
36357714|10025147
36357715|10025154
36357716|10025161
36357717|10035359
36357718|10040333
36357719|36357719
36357720|10035412
36357721|10036822
36357722|10040381
36357723|36357723
36357724|10035413
36357725|10036823
36357726|10040382
36357727|36357727
36357728|10035414
36357729|10036761
36357730|10036824
36357731|10036827
36357732|10036829
36357733|10040383
36357734|36357734
36357735|10021675
36357736|10035415
36357737|10036762
36357738|10036825
36357739|10036826
36357740|10036828
36357741|10040384
36357742|36357742
36357743|10035416
36357744|10036830
36357745|10040385
36357746|36357746
36357747|10035448
36357748|10040414
36357749|10043768
36357750|10043805
36357751|10043808
36357752|10044712
36357753|36357753
36357754|10005831
36357755|10035449
36357756|10040415
36357757|36357757
36357758|10011980
36357759|10035450
36357760|10040416
36357761|10043767
36357762|10043769
36357763|10043806
36357764|10043809
36357765|10043812
36357766|10044713
36357767|10044714
36357768|10044715
36357769|36357769
36357770|10021690
36357771|10035451
36357772|10040417
36357773|10043770
36357774|10043807
36357775|10043810
36357776|10043811
36357777|10044716
36357778|10044717
36357779|10044718
36357780|10048453
36357781|36357781
36357782|10035452
36357783|10040418
36357784|10043771
36357785|36357785
36357786|10018545
36357787|10027509
36357788|36357788
36357789|10027510
36357790|36357790
36357791|10027511
36357792|36357792
36357793|10018755
36357794|36357794
36357795|10018756
36357796|36357796
36357797|10018757
36357798|36357798
36357799|10001265
36357800|10002775
36357801|36357801
36357802|10035184
36357803|10040140
36357804|10047146
36357805|10001266
36357806|36357806
36357807|10005333
36357808|10035185
36357809|10040141
36357810|10047147
36357811|10047148
36357812|10001267
36357813|10001268
36357814|10002777
36357815|36357815
36357816|10035186
36357817|10040142
36357818|10047152
36357819|10047156
36357820|10001272
36357821|10001273
36357822|10002779
36357823|36357823
36357824|10035187
36357825|10040143
36357826|10047154
36357827|10047155
36357828|10001274
36357829|10002780
36357830|36357830
36357831|10035188
36357832|10040144
36357833|10047157
36357834|36357834
36357835|36357835
36357836|10033331
36357837|36357837
36357838|36357838
36357839|36357839
36357840|36357840
36357841|10000006
36357842|36357842
36357843|36357843
36357844|10000010
36357845|10000008
36357846|36357846
36357847|10023393
36357848|36357848
36357849|10050288
36357850|36357850
36357851|10002266
36357852|10025509
36357853|36357853
36357854|10002267
36357855|10002270
36357856|36357856
36357857|36357857
36357858|10002268
36357859|10002269
36357860|10002271
36357861|36357861
36357862|36357862
36357863|36357863
36357864|36357864
36357865|10005579
36357866|10005718
36357867|36357867
36357868|10066032
36357869|10005580
36357870|36357870
36357871|10066036
36357872|10005719
36357873|10018543
36357874|10035134
36357875|10035135
36357876|10035405
36357877|10040373
36357878|36357878
36357879|10058294
36357880|10058295
36357881|10066034
36357882|10005720
36357883|10018544
36357884|10035136
36357885|10035406
36357886|10040374
36357887|36357887
36357888|10058219
36357889|10058220
36357890|10066033
36357891|10005581
36357892|36357892
36357893|10066037
36357894|36357894
36357895|10054087
36357896|10066035
36357897|36357897
36357898|10054086
36357899|10066974
36357900|36357900
36357901|10015514
36357902|10030244
36357903|10035377
36357904|10040352
36357905|10054335
36357906|10054551
36357907|10054624
36357908|10005510
36357909|36357909
36357910|10005686
36357911|10015515
36357912|10030245
36357913|10035378
36357914|10040353
36357915|10054552
36357916|10054625
36357917|36357917
36357918|10015516
36357919|10015519
36357920|10015520
36357921|10030246
36357922|10030249
36357923|10035379
36357924|10040354
36357925|10054336
36357926|10054553
36357927|10054626
36357928|36357928
36357929|10015518
36357930|10015521
36357931|10030248
36357932|10035380
36357933|10040355
36357934|10054337
36357935|10054554
36357936|10054627
36357937|36357937
36357938|10030250
36357939|10035381
36357940|10040356
36357941|10054338
36357942|10054514
36357943|10054555
36357944|10054628
36357945|36357945
36357946|10035433
36357947|10040409
36357948|10043364
36357949|36357949
36357950|10005813
36357951|10035434
36357952|10040410
36357953|10043365
36357954|10043366
36357955|36357955
36357956|10035435
36357957|10040411
36357958|10043367
36357959|10043368
36357960|10043371
36357961|36357961
36357962|36357962
36357963|36357963
36357964|36357964
36357965|36357965
36357966|36357966
36357967|10035436
36357968|10040412
36357969|10043369
36357970|10043370
36357971|36357971
36357972|10035437
36357973|10040413
36357974|10043372
36357975|10052310
36357976|10055043
36357977|10059553
36357978|36357978
36357979|10052309
36357980|10055044
36357981|10059552
36357982|36357982
36357983|10059568
36357984|36357984
36357985|36357985
36357986|36357986
36357987|36357987
36357988|36357988
36357989|10005508
36357990|10005678
36357991|10015499
36357992|36357992
36357993|10035374
36357994|10040349
36357995|10054548
36357996|10054621
36357997|10005679
36357998|10005680
36357999|10030228
36358000|10035375
36358001|10040350
36358002|10054332
36358003|10054508
36358004|10054549
36358005|10054622
36358006|36358006
36358007|10005681
36358008|10015501
36358009|36358009
36358010|10030232
36358011|10054333
36358012|10054509
36358013|10063280
36358014|10063287
36358015|10005509
36358016|10005682
36358017|10015500
36358018|10030230
36358019|36358019
36358020|10054510
36358021|10063279
36358022|10063286
36358023|10005683
36358024|10015502
36358025|36358025
36358026|10035376
36358027|10040351
36358028|10054334
36358029|10054550
36358030|10054623
36358031|10015504
36358032|10015509
36358033|36358033
36358034|10030239
36358035|10015505
36358036|10015510
36358037|10030235
36358038|10030240
36358039|36358039
36358040|10061884
36358041|10015507
36358042|10015512
36358043|36358043
36358044|10030241
36358045|10054511
36358046|10054513
36358047|10063253
36358048|10063278
36358049|10015506
36358050|10015511
36358051|36358051
36358052|10030242
36358053|10054512
36358054|10054707
36358055|10063252
36358056|10063277
36358057|10015508
36358058|10015513
36358059|36358059
36358060|10030243
36358061|36358061
36358062|10054060
36358063|36358063
36358064|10054062
36358065|36358065
36358066|10054061
36358067|10015522
36358068|36358068
36358069|10015523
36358070|10030254
36358071|36358071
36358072|10015525
36358073|36358073
36358074|10030258
36358075|10054517
36358076|10015524
36358077|10030256
36358078|36358078
36358079|10054518
36358080|10015526
36358081|36358081
36358082|10059224
36358083|10059230
36358084|36358084
36358085|10063281
36358086|10054103
36358087|10054104
36358088|36358088
36358089|10063282
36358090|10063285
36358091|10063289
36358092|10053807
36358093|10053826
36358094|36358094
36358095|10063283
36358096|10063284
36358097|10063288
36358098|36358098
36358099|10016196
36358100|10016197
36358101|36358101
36358102|10028897
36358103|36358103
36358104|10036215
36358105|36358105
36358106|36358106
36358107|36358107
36358108|36358108
36358109|10005766
36358110|10036795
36358111|36358111
36358112|10005767
36358113|10005768
36358114|36358114
36358115|10005769
36358116|10051146
36358117|36358117
36358118|10005770
36358119|36358119
36358120|10005771
36358121|36358121
36358122|36358122
36358123|36358123
36358124|36358124
36358125|36358125
36358126|36358126
36358127|10054603
36358128|36358128
36358129|10049531
36358130|10049532
36358131|36358131
36358132|36358132
36358133|36358133
36358134|10066025
36358135|36358135
36358136|10066028
36358137|36358137
36358138|10066029
36358139|36358139
36358140|10066026
36358141|36358141
36358142|10066030
36358143|36358143
36358144|10066027
36358145|36358145
36358146|10066031
36358147|10048437
36358148|36358148
36358149|10060342
36358150|10060343
36358151|36358151
36358152|10060327
36358153|10060331
36358154|36358154
36358155|10060326
36358156|10060330
36358157|10063461
36358158|10069094
36358159|10004216
36358160|36358160
36358161|10004217
36358162|36358162
36358163|10006820
36358164|10022905
36358165|10056728
36358166|10004218
36358167|36358167
36358168|10022906
36358169|10056735
36358170|36358170
36358171|36358171
36358172|36358172
36358173|36358173
36358174|36358174
36358175|36358175
36358176|36358176
36358177|10022919
36358178|10022903
36358179|10022909
36358180|10022911
36358181|10022915
36358182|36358182
36358183|10022923
36358184|10022925
36358185|10048520
36358186|10056729
36358187|10056730
36358188|10022904
36358189|10022910
36358190|10022912
36358191|10022916
36358192|10022921
36358193|36358193
36358194|10043685
36358195|10048521
36358196|10056736
36358197|10056737
36358198|36358198
36358199|36358199
36358200|10059946
36358201|10022913
36358202|10034177
36358203|36358203
36358204|10037003
36358205|10037021
36358206|10037023
36358207|10037024
36358208|10022914
36358209|10034178
36358210|36358210
36358211|10037004
36358212|10037022
36358213|10037025
36358214|10037026
36358215|36358215
36358216|10060322
36358217|36358217
36358218|10060324
36358219|36358219
36358220|10060323
36358221|36358221
36358222|36358222
36358223|36358223
36358224|36358224
36358225|36358225
36358226|10043386
36358227|36358227
36358228|10043732
36358229|10029704
36358230|10043726
36358231|36358231
36358232|10043733
36358233|10063161
36358234|10029780
36358235|10043728
36358236|36358236
36358237|10043734
36358238|10043162
36358239|10043695
36358240|36358240
36358241|10060295
36358242|10043696
36358243|36358243
36358244|10043697
36358245|36358245
36358246|10060329
36358247|10043698
36358248|36358248
36358249|10060328
36358250|10043699
36358251|36358251
36358252|10043060
36358253|36358253
36358254|10040408
36358255|10043061
36358256|36358256
36358257|10043815
36358258|10043062
36358259|36358259
36358260|10043819
36358261|10017355
36358262|36358262
36358263|10017356
36358264|36358264
36358265|10017358
36358266|10051883
36358267|10051884
36358268|36358268
36358269|10017357
36358270|10051881
36358271|10051882
36358272|36358272
36358273|10017359
36358274|36358274
36358275|10043063
36358276|10043817
36358277|36358277
36358278|36358278
36358279|10043051
36358280|36358280
36358281|10000024
36358282|10040407
36358283|36358283
36358284|10044593
36358285|10000025
36358286|10043052
36358287|36358287
36358288|10044597
36358289|10017350
36358290|36358290
36358291|10017351
36358292|36358292
36358293|10017353
36358294|36358294
36358295|10017352
36358296|36358296
36358297|10017354
36358298|36358298
36358299|10000026
36358300|10043053
36358301|10044595
36358302|36358302
36358303|10044670
36358304|10043054
36358305|36358305
36358306|10043055
36358307|10043059
36358308|36358308
36358309|10043056
36358310|10044600
36358311|36358311
36358312|10043057
36358313|36358313
36358314|10043058
36358315|36358315
36358316|36358316
36358317|36358317
36358318|10043735
36358319|36358319
36358320|10043736
36358321|36358321
36358322|10043737
36358323|36358323
36358324|36358324
36358325|10004508
36358326|36358326
36358327|10004512
36358328|10004510
36358329|36358329
36358330|10028681
36358331|36358331
36358332|36358332
36358333|36358333
36358334|36358334
36358335|36358335
36358336|36358336
36358337|36358337
36358338|36358338
36358339|36358339
36358340|36358340
36358341|36358341
36358342|36358342
36358343|36358343
36358344|36358344
36358345|10009218
36358346|10011265
36358347|10011334
36358348|10011347
36358349|10035267
36358350|10040222
36358351|36358351
36358352|36358352
36358353|10062636
36358354|36358354
36358355|10009220
36358356|10009222
36358357|10009223
36358358|10011269
36358359|10011271
36358360|10011337
36358361|10011350
36358362|10035270
36358363|10040225
36358364|36358364
36358365|10005473
36358366|10035271
36358367|10040226
36358368|10067542
36358369|36358369
36358370|36358370
36358371|10009224
36358372|10011272
36358373|10011338
36358374|10011339
36358375|10035272
36358376|10040227
36358377|36358377
36358378|10009225
36358379|10011273
36358380|10011340
36358381|10035273
36358382|10040228
36358383|36358383
36358384|10011341
36358385|36358385
36358386|10058135
36358387|36358387
36358388|10011342
36358389|36358389
36358390|10005469
36358391|10035268
36358392|10040223
36358393|10067941
36358394|10005465
36358395|10011266
36358396|10011348
36358397|36358397
36358398|36358398
36358399|10009219
36358400|10011267
36358401|10011268
36358402|10011335
36358403|10011336
36358404|10011349
36358405|10011352
36358406|10034937
36358407|10035269
36358408|10040224
36358409|10056732
36358410|36358410
36358411|10009221
36358412|10011270
36358413|10011343
36358414|10011344
36358415|10011351
36358416|10035274
36358417|10040229
36358418|36358418
36358419|10007550
36358420|36358420
36358421|10007551
36358422|10007552
36358423|10007553
36358424|10058166
36358425|36358425
36358426|36358426
36358427|36358427
36358428|36358428
36358429|10052539
36358430|36358430
36358431|10063290
36358432|10040774
36358433|36358433
36358434|10050950
36358435|10054917
36358436|36358436
36358437|36358437
36358438|10054916
36358439|10007612
36358440|36358440
36358441|10050391
36358442|36358442
36358443|10007613
36358444|36358444
36358445|10054918
36358446|36358446
36358447|36358447
36358448|36358448
36358449|36358449
36358450|10058967
36358451|36358451
36358452|36358452
36358453|36358453
36358454|10000466
36358455|10000467
36358456|36358456
36358457|10035161
36358458|10040116
36358459|10068710
36358460|10000468
36358461|36358461
36358462|10005280
36358463|10035162
36358464|10040117
36358465|10000469
36358466|10000472
36358467|36358467
36358468|10035163
36358469|10040118
36358470|10000470
36358471|10000471
36358472|10000477
36358473|10000478
36358474|36358474
36358475|10034926
36358476|10035164
36358477|10040119
36358478|10000473
36358479|36358479
36358480|10035165
36358481|10040120
36358482|10001668
36358483|10001670
36358484|10001674
36358485|10001770
36358486|36358486
36358487|10005299
36358488|10005300
36358489|10005304
36358490|10005311
36358491|10005315
36358492|10035176
36358493|10035177
36358494|10035179
36358495|10039481
36358496|10040131
36358497|10040132
36358498|10040135
36358499|10059585
36358500|10066852
36358501|10049228
36358502|36358502
36358503|10059583
36358504|10005301
36358505|10005305
36358506|10005307
36358507|10005312
36358508|36358508
36358509|10059582
36358510|10066808
36358511|10001544
36358512|10001669
36358513|10001673
36358514|10001675
36358515|10001677
36358516|10001678
36358517|10001679
36358518|10001771
36358519|10005302
36358520|10005306
36358521|10005308
36358522|10005313
36358523|10005316
36358524|10034927
36358525|10039482
36358526|10040133
36358527|36358527
36358528|10059584
36358529|10066809
36358530|10001676
36358531|10005303
36358532|10005309
36358533|36358533
36358534|10005314
36358535|10005317
36358536|10035178
36358537|10040134
36358538|10059586
36358539|10066810
36358540|36358540
36358541|10005637
36358542|10023653
36358543|10024048
36358544|10035341
36358545|10040312
36358546|10040321
36358547|36358547
36358548|10005628
36358549|10035342
36358550|10040313
36358551|10054908
36358552|36358552
36358553|10058625
36358554|10058626
36358555|10058627
36358556|10058628
36358557|10058629
36358558|10059787
36358559|36358559
36358560|10012176
36358561|10023654
36358562|10023677
36358563|10023678
36358564|10023679
36358565|10024049
36358566|10024050
36358567|10024051
36358568|10024052
36358569|10035349
36358570|10040320
36358571|10040322
36358572|10051144
36358573|10053488
36358574|10053489
36358575|10058617
36358576|10058618
36358577|10058619
36358578|36358578
36358579|10005638
36358580|10023655
36358581|10035343
36358582|10040314
36358583|36358583
36358584|36358584
36358585|36358585
36358586|36358586
36358587|36358587
36358588|36358588
36358589|36358589
36358590|36358590
36358591|36358591
36358592|36358592
36358593|36358593
36358594|36358594
36358595|36358595
36358596|36358596
36358597|10024053
36358598|10046545
36358599|36358599
36358600|36358600
36358601|36358601
36358602|36358602
36358603|10033689
36358604|36358604
36358605|36358605
36358606|10036937
36358607|10000476
36358608|36358608
36358609|10000474
36358610|10000475
36358611|10033688
36358612|36358612
36358613|36358613
36358614|36358614
36358615|10001456
36358616|36358616
36358617|10001820
36358618|10001829
36358619|10060508
36358620|36358620
36358621|10001777
36358622|10001830
36358623|36358623
36358624|10060748
36358625|36358625
36358626|10001821
36358627|10001831
36358628|10056899
36358629|10060509
36358630|36358630
36358631|10001822
36358632|10001832
36358633|10060510
36358634|36358634
36358635|10001960
36358636|10001961
36358637|10001962
36358638|36358638
36358639|10001969
36358640|10029673
36358641|36358641
36358642|36358642
36358643|36358643
36358644|36358644
36358645|36358645
36358646|36358646
36358647|36358647
36358648|36358648
36358649|10066449
36358650|36358650
36358651|10054732
36358652|36358652
36358653|10054383
36358654|36358654
36358655|10054384
36358656|10054962
36358657|10054984
36358658|36358658
36358659|10054385
36358660|36358660
36358661|10054387
36358662|36358662
36358663|10054388
36358664|10052852
36358665|36358665
36358666|10067153
36358667|36358667
36358668|10054737
36358669|36358669
36358670|36358670
36358671|36358671
36358672|36358672
36358673|10054738
36358674|36358674
36358675|10058411
36358676|36358676
36358677|10058412
36358678|10002666
36358679|10045390
36358680|10045391
36358681|10045393
36358682|36358682
36358683|10045402
36358684|10064953
36358685|10064959
36358686|10045392
36358687|10045394
36358688|36358688
36358689|10045403
36358690|10045395
36358691|10045396
36358692|36358692
36358693|10045404
36358694|36358694
36358695|10054739
36358696|36358696
36358697|36358697
36358698|10035181
36358699|10040137
36358700|10053907
36358701|10053908
36358702|10053911
36358703|10058311
36358704|36358704
36358705|36358705
36358706|10002017
36358707|36358707
36358708|10035182
36358709|10040138
36358710|10053881
36358711|10053910
36358712|10053913
36358713|10058313
36358714|10002015
36358715|36358715
36358716|10002018
36358717|36358717
36358718|10035183
36358719|10040139
36358720|10053880
36358721|10053909
36358722|10053912
36358723|10058312
36358724|36358724
36358725|36358725
36358726|36358726
36358727|36358727
36358728|36358728
36358729|36358729
36358730|10062359
36358731|36358731
36358732|10062360
36358733|36358733
36358734|10062361
36358735|36358735
36358736|36358736
36358737|36358737
36358738|36358738
36358739|36358739
36358740|36358740
36358741|36358741
36358742|36358742
36358743|36358743
36358744|10059214
36358745|36358745
36358746|10033621
36358747|36358747
36358748|10033583
36358749|10033597
36358750|10033622
36358751|10048485
36358752|10061329
36358753|36358753
36358754|10033584
36358755|10033598
36358756|10033623
36358757|10048486
36358758|36358758
36358759|10033624
36358760|36358760
36358761|36358761
36358762|36358762
36358763|36358763
36358764|36358764
36358765|36358765
36358766|36358766
36358767|36358767
36358768|36358768
36358769|36358769
36358770|10016293
36358771|10016093
36358772|10016297
36358773|10050532
36358774|10058085
36358775|36358775
36358776|10016094
36358777|10016298
36358778|10016830
36358779|10050544
36358780|10058091
36358781|36358781
36358782|10016095
36358783|10016299
36358784|10016831
36358785|10030010
36358786|10048766
36358787|10058090
36358788|36358788
36358789|36358789
36358790|36358790
36358791|36358791
36358792|10064837
36358793|10064838
36358794|36358794
36358795|36358795
36358796|36358796
36358797|36358797
36358798|36358798
36358799|36358799
36358800|10062306
36358801|10000091
36358802|10039532
36358803|36358803
36358804|10000093
36358805|10039534
36358806|36358806
36358807|10050402
36358808|36358808
36358809|10001525
36358810|36358810
36358811|10004112
36358812|10004113
36358813|36358813
36358814|10004114
36358815|36358815
36358816|36358816
36358817|36358817
36358818|36358818
36358819|36358819
36358820|36358820
36358821|36358821
36358822|36358822
36358823|36358823
36358824|36358824
36358825|36358825
36358826|36358826
36358827|36358827
36358828|36358828
36358829|36358829
36358830|36358830
36358831|36358831
36358832|36358832
36358833|10069015
36358834|36358834
36358835|10057791
36358836|10057823
36358837|36358837
36358838|10057826
36358839|10057827
36358840|36358840
36358841|10057830
36358842|10057831
36358843|36358843
36358844|10053744
36358845|36358845
36358846|36358846
36358847|36358847
36358848|36358848
36358849|36358849
36358850|36358850
36358851|10014812
36358852|10023707
36358853|10023801
36358854|36358854
36358855|10010009
36358856|36358856
36358857|10023708
36358858|10010010
36358859|36358859
36358860|10023709
36358861|10013869
36358862|36358862
36358863|10041095
36358864|36358864
36358865|10041096
36358866|36358866
36358867|10041097
36358868|36358868
36358869|10018047
36358870|10046277
36358871|36358871
36358872|10046278
36358873|10065714
36358874|36358874
36358875|10046279
36358876|36358876
36358877|36358877
36358878|10053051
36358879|36358879
36358880|36358880
36358881|10065020
36358882|10065029
36358883|36358883
36358884|36358884
36358885|36358885
36358886|10058645
36358887|36358887
36358888|36358888
36358889|36358889
36358890|10055471
36358891|36358891
36358892|10059893
36358893|36358893
36358894|10062481
36358895|10015466
36358896|36358896
36358897|10015467
36358898|36358898
36358899|10015468
36358900|36358900
36358901|36358901
36358902|10051471
36358903|36358903
36358904|36358904
36358905|10053514
36358906|36358906
36358907|36358907
36358908|36358908
36358909|36358909
36358910|36358910
36358911|10053455
36358912|36358912
36358913|10053457
36358914|36358914
36358915|10053456
36358916|36358916
36358917|10039559
36358918|36358918
36358919|10039560
36358920|36358920
36358921|36358921
36358922|10039427
36358923|10039558
36358924|10054067
36358925|10000092
36358926|10029666
36358927|10039533
36358928|36358928
36358929|36358929
36358930|36358930
36358931|36358931
36358932|10039567
36358933|36358933
36358934|10039568
36358935|36358935
36358936|10039569
36358937|36358937
36358938|36358938
36358939|36358939
36358940|36358940
36358941|36358941
36358942|10053393
36358943|10063372
36358944|10012982
36358945|10012985
36358946|10018020
36358947|10018246
36358948|10024949
36358949|10024952
36358950|10046280
36358951|10046287
36358952|10048079
36358953|10048085
36358954|10048101
36358955|10048135
36358956|10048183
36358957|36358957
36358958|10012983
36358959|10012986
36358960|10018021
36358961|10018247
36358962|10024950
36358963|10024953
36358964|10029683
36358965|10046281
36358966|10046288
36358967|10048080
36358968|10048086
36358969|10048102
36358970|10048136
36358971|10048184
36358972|36358972
36358973|10012984
36358974|10012987
36358975|10018022
36358976|10018248
36358977|10024951
36358978|10024954
36358979|10046282
36358980|10046289
36358981|10048081
36358982|10048087
36358983|10048103
36358984|10048137
36358985|10048185
36358986|36358986
36358987|36358987
36358988|10059714
36358989|10064350
36358990|36358990
36358991|36358991
36358992|10046285
36358993|10046286
36358994|36358994
36358995|10066187
36358996|36358996
36358997|36358997
36358998|36358998
36358999|36358999
36359000|36359000
36359001|36359001
36359002|36359002
36359003|36359003
36359004|10063486
36359005|36359005
36359006|10063465
36359007|10017749
36359008|36359008
36359009|36359009
36359010|36359010
36359011|36359011
36359012|36359012
36359013|10055470
36359014|36359014
36359015|10063574
36359016|10064187
36359017|10064188
36359018|36359018
36359019|10064186
36359020|36359020
36359021|10064185
36359022|36359022
36359023|36359023
36359024|10002121
36359025|10002849
36359026|36359026
36359027|10002122
36359028|36359028
36359029|10002123
36359030|36359030
36359031|36359031
36359032|10009940
36359033|10009986
36359034|36359034
36359035|10004762
36359036|10009941
36359037|10009987
36359038|36359038
36359039|10009942
36359040|10009988
36359041|36359041
36359042|36359042
36359043|36359043
36359044|36359044
36359045|36359045
36359046|10004819
36359047|10024543
36359048|36359048
36359049|10024544
36359050|36359050
36359051|10024545
36359052|36359052
36359053|10015361
36359054|10030147
36359055|10055491
36359056|10065134
36359057|10065157
36359058|10004775
36359059|36359059
36359060|10030148
36359061|10055461
36359062|10004776
36359063|36359063
36359064|10030149
36359065|10055462
36359066|10004823
36359067|36359067
36359068|10033524
36359069|36359069
36359070|10033525
36359071|36359071
36359072|10033526
36359073|36359073
36359074|36359074
36359075|36359075
36359076|36359076
36359077|10034656
36359078|36359078
36359079|10034657
36359080|36359080
36359081|10034658
36359082|36359082
36359083|10038032
36359084|10038101
36359085|36359085
36359086|10038033
36359087|36359087
36359088|10038034
36359089|10004826
36359090|36359090
36359091|10039391
36359092|36359092
36359093|10039392
36359094|36359094
36359095|10039393
36359096|36359096
36359097|10053886
36359098|36359098
36359099|36359099
36359100|10004777
36359101|10004828
36359102|36359102
36359103|10017754
36359104|10017806
36359105|10042078
36359106|10004778
36359107|36359107
36359108|10017755
36359109|36359109
36359110|10017756
36359111|10004829
36359112|36359112
36359113|10043936
36359114|36359114
36359115|10043937
36359116|36359116
36359117|10043938
36359118|36359118
36359119|36359119
36359120|36359120
36359121|36359121
36359122|36359122
36359123|10064811
36359124|36359124
36359125|36359125
36359126|36359126
36359127|36359127
36359128|10068257
36359129|10068258
36359130|10068259
36359131|10068260
36359132|10068264
36359133|10068265
36359134|36359134
36359135|10067305
36359136|10067306
36359137|10067307
36359138|10067308
36359139|10067309
36359140|10067312
36359141|10067313
36359142|10067314
36359143|36359143
36359144|36359144
36359145|36359145
36359146|36359146
36359147|10033749
36359148|10033752
36359149|36359149
36359150|10033750
36359151|10033753
36359152|36359152
36359153|36359153
36359154|36359154
36359155|36359155
36359156|36359156
36359157|36359157
36359158|36359158
36359159|10006528
36359160|36359160
36359161|10006529
36359162|36359162
36359163|10006530
36359164|36359164
36359165|36359165
36359166|36359166
36359167|36359167
36359168|10007835
36359169|10010135
36359170|10016270
36359171|36359171
36359172|10010136
36359173|10010137
36359174|36359174
36359175|10067929
36359176|36359176
36359177|10017415
36359178|36359178
36359179|10010138
36359180|36359180
36359181|10067928
36359182|36359182
36359183|36359183
36359184|36359184
36359185|36359185
36359186|36359186
36359187|10005841
36359188|10002785
36359189|36359189
36359190|10010942
36359191|10013039
36359192|36359192
36359193|10010932
36359194|10013041
36359195|10013042
36359196|10010930
36359197|36359197
36359198|10010943
36359199|10013040
36359200|10013043
36359201|10002786
36359202|36359202
36359203|10010944
36359204|10021710
36359205|36359205
36359206|10010937
36359207|10010945
36359208|10021712
36359209|10010935
36359210|36359210
36359211|10010946
36359212|10021711
36359213|10021713
36359214|10049624
36359215|36359215
36359216|10010939
36359217|10049626
36359218|36359218
36359219|10049625
36359220|10049627
36359221|36359221
36359222|36359222
36359223|36359223
36359224|36359224
36359225|36359225
36359226|10039034
36359227|10039017
36359228|36359228
36359229|10039043
36359230|10039018
36359231|36359231
36359232|10039044
36359233|36359233
36359234|10005981
36359235|10005982
36359236|10026844
36359237|36359237
36359238|36359238
36359239|36359239
36359240|10004815
36359241|10005983
36359242|10005988
36359243|10005989
36359244|10026845
36359245|10026855
36359246|36359246
36359247|10005984
36359248|36359248
36359249|10005985
36359250|36359250
36359251|10004818
36359252|10004822
36359253|10008283
36359254|10025173
36359255|10025176
36359256|10068490
36359257|36359257
36359258|10008284
36359259|10025174
36359260|10025177
36359261|36359261
36359262|10008285
36359263|10025175
36359264|10025178
36359265|36359265
36359266|36359266
36359267|36359267
36359268|36359268
36359269|10043679
36359270|36359270
36359271|10043680
36359272|36359272
36359273|10043681
36359274|36359274
36359275|36359275
36359276|36359276
36359277|36359277
36359278|36359278
36359279|36359279
36359280|36359280
36359281|36359281
36359282|36359282
36359283|36359283
36359284|36359284
36359285|10027126
36359286|36359286
36359287|10027133
36359288|36359288
36359289|36359289
36359290|10064566
36359291|36359291
36359292|10039546
36359293|36359293
36359294|10039547
36359295|36359295
36359296|36359296
36359297|10053523
36359298|36359298
36359299|36359299
36359300|10025366
36359301|10039545
36359302|36359302
36359303|10039564
36359304|10041639
36359305|36359305
36359306|10039565
36359307|36359307
36359308|10039566
36359309|36359309
36359310|36359310
36359311|10003064
36359312|10034085
36359313|36359313
36359314|10000632
36359315|36359315
36359316|10000634
36359317|36359317
36359318|10003066
36359319|10003067
36359320|10034094
36359321|10037276
36359322|10000633
36359323|36359323
36359324|10003065
36359325|36359325
36359326|36359326
36359327|36359327
36359328|36359328
36359329|36359329
36359330|36359330
36359331|36359331
36359332|36359332
36359333|10049545
36359334|10049546
36359335|36359335
36359336|36359336
36359337|36359337
36359338|36359338
36359339|36359339
36359340|10003590
36359341|10005341
36359342|36359342
36359343|36359343
36359344|36359344
36359345|36359345
36359346|36359346
36359347|10005138
36359348|36359348
36359349|10019026
36359350|10060644
36359351|10005137
36359352|36359352
36359353|36359353
36359354|10016595
36359355|10035289
36359356|36359356
36359357|10005519
36359358|10035290
36359359|36359359
36359360|10011976
36359361|10016596
36359362|10016598
36359363|10016600
36359364|36359364
36359365|10016597
36359366|10016599
36359367|10021673
36359368|10035291
36359369|36359369
36359370|10035292
36359371|36359371
36359372|10035438
36359373|10043531
36359374|36359374
36359375|10005819
36359376|10035439
36359377|36359377
36359378|10035440
36359379|10043536
36359380|36359380
36359381|10035441
36359382|10043537
36359383|36359383
36359384|10035442
36359385|10043538
36359386|36359386
36359387|10035443
36359388|10043597
36359389|36359389
36359390|10005825
36359391|10035444
36359392|36359392
36359393|10035445
36359394|10043598
36359395|36359395
36359396|10035446
36359397|10043599
36359398|36359398
36359399|10035447
36359400|10043600
36359401|36359401
36359402|10007193
36359403|10007203
36359404|10007204
36359405|10007205
36359406|10038638
36359407|36359407
36359408|36359408
36359409|10017325
36359410|10021658
36359411|10036212
36359412|10039295
36359413|36359413
36359414|10007206
36359415|10007202
36359416|10020012
36359417|10060212
36359418|36359418
36359419|10062894
36359420|36359420
36359421|10007199
36359422|36359422
36359423|10034694
36359424|36359424
36359425|36359425
36359426|36359426
36359427|36359427
36359428|36359428
36359429|10009670
36359430|36359430
36359431|10009674
36359432|36359432
36359433|10038953
36359434|10009671
36359435|10009672
36359436|36359436
36359437|10038952
36359438|36359438
36359439|10008794
36359440|36359440
36359441|10009745
36359442|36359442
36359443|36359443
36359444|10009749
36359445|10009747
36359446|36359446
36359447|36359447
36359448|36359448
36359449|10009753
36359450|36359450
36359451|36359451
36359452|10009757
36359453|10009755
36359454|36359454
36359455|36359455
36359456|36359456
36359457|10009760
36359458|36359458
36359459|36359459
36359460|10009764
36359461|10009762
36359462|36359462
36359463|36359463
36359464|10002789
36359465|36359465
36359466|10060464
36359467|10009767
36359468|36359468
36359469|36359469
36359470|10009771
36359471|10009769
36359472|36359472
36359473|36359473
36359474|36359474
36359475|10009774
36359476|36359476
36359477|36359477
36359478|36359478
36359479|36359479
36359480|36359480
36359481|10009778
36359482|36359482
36359483|36359483
36359484|36359484
36359485|36359485
36359486|36359486
36359487|10009782
36359488|36359488
36359489|36359489
36359490|36359490
36359491|36359491
36359492|36359492
36359493|10009786
36359494|36359494
36359495|36359495
36359496|36359496
36359497|36359497
36359498|36359498
36359499|10009789
36359500|36359500
36359501|36359501
36359502|36359502
36359503|36359503
36359504|10000122
36359505|36359505
36359506|36359506
36359507|10009679
36359508|36359508
36359509|10063009
36359510|36359510
36359511|10009795
36359512|36359512
36359513|10009796
36359514|10002760
36359515|10002761
36359516|10009682
36359517|10009683
36359518|10009684
36359519|10009793
36359520|10009797
36359521|36359521
36359522|10021653
36359523|10024095
36359524|10043862
36359525|10002759
36359526|10009680
36359527|10009681
36359528|10009685
36359529|10009792
36359530|10009798
36359531|36359531
36359532|10011956
36359533|10043863
36359534|10060201
36359535|36359535
36359536|36359536
36359537|36359537
36359538|36359538
36359539|36359539
36359540|10017327
36359541|36359541
36359542|10016578
36359543|10016580
36359544|36359544
36359545|10016582
36359546|36359546
36359547|36359547
36359548|10016576
36359549|36359549
36359550|10016271
36359551|36359551
36359552|10016594
36359553|10017405
36359554|10016586
36359555|10016587
36359556|36359556
36359557|10040244
36359558|36359558
36359559|36359559
36359560|36359560
36359561|36359561
36359562|36359562
36359563|10016605
36359564|36359564
36359565|36359565
36359566|10016611
36359567|36359567
36359568|10004190
36359569|10022400
36359570|36359570
36359571|10062456
36359572|36359572
36359573|10022593
36359574|10062457
36359575|10011970
36359576|10022401
36359577|36359577
36359578|10062458
36359579|36359579
36359580|10063352
36359581|10022402
36359582|36359582
36359583|10037818
36359584|10045483
36359585|10062459
36359586|36359586
36359587|10062460
36359588|36359588
36359589|10023322
36359590|36359590
36359591|10023280
36359592|36359592
36359593|36359593
36359594|10023324
36359595|36359595
36359596|10023323
36359597|10016601
36359598|36359598
36359599|10016602
36359600|36359600
36359601|36359601
36359602|10060015
36359603|10001790
36359604|10002782
36359605|10016608
36359606|36359606
36359607|10036722
36359608|10001791
36359609|10002783
36359610|10016609
36359611|36359611
36359612|10036723
36359613|36359613
36359614|36359614
36359615|36359615
36359616|36359616
36359617|36359617
36359618|10035492
36359619|10035494
36359620|36359620
36359621|36359621
36359622|36359622
36359623|36359623
36359624|36359624
36359625|36359625
36359626|10062742
36359627|10062743
36359628|36359628
36359629|10060202
36359630|36359630
36359631|10060248
36359632|36359632
36359633|10060249
36359634|36359634
36359635|10060203
36359636|10060204
36359637|10060205
36359638|36359638
36359639|10060250
36359640|10060256
36359641|36359641
36359642|10060253
36359643|10060255
36359644|10060259
36359645|36359645
36359646|10060252
36359647|10060254
36359648|10060258
36359649|36359649
36359650|10060251
36359651|10060257
36359652|36359652
36359653|36359653
36359654|10009738
36359655|10037038
36359656|10037040
36359657|36359657
36359658|10009739
36359659|10037039
36359660|36359660
36359661|10037049
36359662|10009740
36359663|10037041
36359664|10037043
36359665|10037044
36359666|36359666
36359667|10009741
36359668|10037042
36359669|10037046
36359670|36359670
36359671|10009742
36359672|36359672
36359673|10037053
36359674|10036764
36359675|36359675
36359676|10050988
36359677|10050993
36359678|10050994
36359679|36359679
36359680|10037058
36359681|36359681
36359682|10037060
36359683|10037061
36359684|36359684
36359685|10037260
36359686|10037261
36359687|10037262
36359688|10048700
36359689|10062510
36359690|10037054
36359691|36359691
36359692|10037065
36359693|36359693
36359694|10037055
36359695|36359695
36359696|10037069
36359697|10037067
36359698|36359698
36359699|10037059
36359700|36359700
36359701|10062511
36359702|36359702
36359703|36359703
36359704|36359704
36359705|10043163
36359706|10043532
36359707|36359707
36359708|36359708
36359709|10051393
36359710|10043533
36359711|36359711
36359712|10043534
36359713|36359713
36359714|10043535
36359715|36359715
36359716|36359716
36359717|36359717
36359718|36359718
36359719|36359719
36359720|36359720
36359721|36359721
36359722|36359722
36359723|36359723
36359724|36359724
36359725|36359725
36359726|36359726
36359727|36359727
36359728|36359728
36359729|36359729
36359730|36359730
36359731|36359731
36359732|10068996
36359733|36359733
36359734|36359734
36359735|36359735
36359736|36359736
36359737|36359737
36359738|36359738
36359739|36359739
36359740|36359740
36359741|36359741
36359742|36359742
36359743|10050518
36359744|36359744
36359745|36359745
36359746|36359746
36359747|36359747
36359748|36359748
36359749|36359749
36359750|36359750
36359751|36359751
36359752|10035471
36359753|36359753
36359754|36359754
36359755|10056324
36359756|36359756
36359757|36359757
36359758|10057762
36359759|36359759
36359760|10057760
36359761|36359761
36359762|10057761
36359763|36359763
36359764|10054871
36359765|36359765
36359766|36359766
36359767|10035469
36359768|36359768
36359769|36359769
36359770|10015258
36359771|10015477
36359772|36359772
36359773|10015259
36359774|10015260
36359775|10015478
36359776|36359776
36359777|10015261
36359778|10015265
36359779|10015272
36359780|10015479
36359781|10015481
36359782|10015484
36359783|10039901
36359784|10039903
36359785|36359785
36359786|10005792
36359787|10014485
36359788|10015256
36359789|10015257
36359790|10015262
36359791|10015263
36359792|10015264
36359793|10015273
36359794|10015480
36359795|10015483
36359796|10037813
36359797|10037927
36359798|10037928
36359799|10039902
36359800|10039904
36359801|36359801
36359802|10015266
36359803|10015482
36359804|10029766
36359805|36359805
36359806|36359806
36359807|36359807
36359808|10039665
36359809|10039663
36359810|36359810
36359811|10050828
36359812|36359812
36359813|10062504
36359814|36359814
36359815|36359815
36359816|36359816
36359817|36359817
36359818|36359818
36359819|36359819
36359820|10001291
36359821|10035513
36359822|36359822
36359823|36359823
36359824|10035516
36359825|10035541
36359826|36359826
36359827|10035542
36359828|36359828
36359829|10050826
36359830|36359830
36359831|10001487
36359832|10035519
36359833|36359833
36359834|36359834
36359835|10035520
36359836|36359836
36359837|10035521
36359838|10035522
36359839|36359839
36359840|36359840
36359841|10043544
36359842|36359842
36359843|10035527
36359844|10043545
36359845|10051237
36359846|10058422
36359847|10024922
36359848|36359848
36359849|10035529
36359850|10035545
36359851|10038213
36359852|10043546
36359853|10021671
36359854|10021674
36359855|10035547
36359856|36359856
36359857|10056923
36359858|36359858
36359859|10043547
36359860|36359860
36359861|36359861
36359862|36359862
36359863|36359863
36359864|10000166
36359865|10035535
36359866|10037727
36359867|36359867
36359868|10035536
36359869|36359869
36359870|36359870
36359871|10003756
36359872|36359872
36359873|10035539
36359874|10035546
36359875|36359875
36359876|36359876
36359877|36359877
36359878|36359878
36359879|36359879
36359880|36359880
36359881|36359881
36359882|36359882
36359883|36359883
36359884|36359884
36359885|36359885
36359886|10060835
36359887|36359887
36359888|36359888
36359889|10053106
36359890|36359890
36359891|36359891
36359892|36359892
36359893|36359893
36359894|36359894
36359895|36359895
36359896|36359896
36359897|36359897
36359898|10062729
36359899|10062738
36359900|36359900
36359901|36359901
36359902|10054733
36359903|10062728
36359904|10062737
36359905|36359905
36359906|10054734
36359907|36359907
36359908|10054735
36359909|10063254
36359910|10063275
36359911|36359911
36359912|10054736
36359913|10051751
36359914|10051752
36359915|36359915
36359916|10053628
36359917|36359917
36359918|10058543
36359919|36359919
36359920|10058544
36359921|36359921
36359922|36359922
36359923|36359923
36359924|36359924
36359925|10019422
36359926|10033355
36359927|10034185
36359928|36359928
36359929|10057763
36359930|36359930
36359931|10018841
36359932|10018843
36359933|10019423
36359934|10033356
36359935|10034186
36359936|10048638
36359937|10060546
36359938|10060547
36359939|10060548
36359940|10018839
36359941|36359941
36359942|10018844
36359943|10019424
36359944|10033357
36359945|10034187
36359946|10060545
36359947|10060600
36359948|36359948
36359949|10019425
36359950|10033358
36359951|10034188
36359952|10018811
36359953|36359953
36359954|10019384
36359955|10019481
36359956|36359956
36359957|10055592
36359958|36359958
36359959|10055593
36359960|36359960
36359961|10062739
36359962|36359962
36359963|10055594
36359964|36359964
36359965|10055595
36359966|36359966
36359967|10069110
36359968|36359968
36359969|10063276
36359970|36359970
36359971|10060062
36359972|36359972
36359973|10060057
36359974|36359974
36359975|10060056
36359976|36359976
36359977|10055603
36359978|36359978
36359979|10055605
36359980|36359980
36359981|10055606
36359982|10018893
36359983|36359983
36359984|10055604
36359985|10055607
36359986|36359986
36359987|10018880
36359988|10018891
36359989|10018892
36359990|10019482
36359991|10055602
36359992|10011964
36359993|36359993
36359994|10018889
36359995|10019171
36359996|10019483
36359997|10039370
36359998|10048633
36359999|10048753
36360000|10055600
36360001|10056184
36360002|36360002
36360003|10064818
36360004|36360004
36360005|10064817
36360006|36360006
36360007|10063011
36360008|36360008
36360009|10019484
36360010|36360010
36360011|10018887
36360012|36360012
36360013|10055598
36360014|10055599
36360015|36360015
36360016|10055601
36360017|10026971
36360018|36360018
36360019|10027007
36360020|10055615
36360021|10055624
36360022|10026974
36360023|36360023
36360024|10055616
36360025|36360025
36360026|10067841
36360027|36360027
36360028|10026993
36360029|10055617
36360030|10055619
36360031|36360031
36360032|10055618
36360033|36360033
36360034|10055620
36360035|10026972
36360036|36360036
36360037|10026998
36360038|10055621
36360039|10056188
36360040|36360040
36360041|10055622
36360042|10026973
36360043|36360043
36360044|10055623
36360045|10026976
36360046|36360046
36360047|10027008
36360048|10026977
36360049|36360049
36360050|10027001
36360051|10027009
36360052|36360052
36360053|10027005
36360054|10051858
36360055|10027003
36360056|36360056
36360057|10051859
36360058|36360058
36360059|10027010
36360060|36360060
36360061|36360061
36360062|36360062
36360063|36360063
36360064|36360064
36360065|36360065
36360066|36360066
36360067|36360067
36360068|10015254
36360069|36360069
36360070|36360070
36360071|10038149
36360072|36360072
36360073|36360073
36360074|10064030
36360075|10037922
36360076|36360076
36360077|10037923
36360078|36360078
36360079|10038152
36360080|10011977
36360081|10037926
36360082|36360082
36360083|10038156
36360084|10050782
36360085|10037924
36360086|10038154
36360087|36360087
36360088|10050783
36360089|10037925
36360090|36360090
36360091|10014488
36360092|10038159
36360093|36360093
36360094|36360094
36360095|36360095
36360096|36360096
36360097|36360097
36360098|36360098
36360099|36360099
36360100|36360100
36360101|10038164
36360102|10038172
36360103|10056211
36360104|36360104
36360105|10064006
36360106|36360106
36360107|36360107
36360108|10038166
36360109|10053603
36360110|36360110
36360111|36360111
36360112|36360112
36360113|36360113
36360114|36360114
36360115|36360115
36360116|36360116
36360117|36360117
36360118|36360118
36360119|36360119
36360120|36360120
36360121|10051294
36360122|10051302
36360123|36360123
36360124|36360124
36360125|36360125
36360126|36360126
36360127|10038789
36360128|36360128
36360129|10038793
36360130|10066012
36360131|10038791
36360132|36360132
36360133|10066011
36360134|36360134
36360135|36360135
36360136|36360136
36360137|36360137
36360138|36360138
36360139|36360139
36360140|36360140
36360141|36360141
36360142|36360142
36360143|10064428
36360144|10064430
36360145|10064432
36360146|36360146
36360147|10064427
36360148|10064429
36360149|10064431
36360150|36360150
36360151|36360151
36360152|36360152
36360153|36360153
36360154|36360154
36360155|36360155
36360156|10004176
36360157|10005348
36360158|10035189
36360159|10040146
36360160|36360160
36360161|10004166
36360162|10005349
36360163|10035190
36360164|10040147
36360165|36360165
36360166|36360166
36360167|10005350
36360168|10035191
36360169|10040148
36360170|10004168
36360171|36360171
36360172|10005351
36360173|10035192
36360174|10040149
36360175|36360175
36360176|10004177
36360177|10005352
36360178|10035193
36360179|10040150
36360180|36360180
36360181|10004171
36360182|36360182
36360183|10004172
36360184|36360184
36360185|36360185
36360186|36360186
36360187|36360187
36360188|36360188
36360189|10042991
36360190|36360190
36360191|36360191
36360192|10007840
36360193|10007841
36360194|10042992
36360195|10048981
36360196|10065399
36360197|36360197
36360198|10065398
36360199|36360199
36360200|36360200
36360201|10007844
36360202|36360202
36360203|36360203
36360204|36360204
36360205|10065401
36360206|10007846
36360207|36360207
36360208|10065400
36360209|10012781
36360210|36360210
36360211|10012782
36360212|36360212
36360213|10012786
36360214|10047857
36360215|10064577
36360216|10064618
36360217|10012783
36360218|36360218
36360219|10005503
36360220|36360220
36360221|10014963
36360222|10035284
36360223|10040240
36360224|10049544
36360225|10005504
36360226|10014942
36360227|10035285
36360228|10040241
36360229|36360229
36360230|10005505
36360231|36360231
36360232|10005506
36360233|10014944
36360234|36360234
36360235|10035286
36360236|10040242
36360237|10005507
36360238|36360238
36360239|10035287
36360240|10040243
36360241|36360241
36360242|10014948
36360243|36360243
36360244|10014949
36360245|36360245
36360246|36360246
36360247|36360247
36360248|36360248
36360249|36360249
36360250|36360250
36360251|36360251
36360252|10018684
36360253|10057953
36360254|10018682
36360255|36360255
36360256|36360256
36360257|36360257
36360258|36360258
36360259|36360259
36360260|10051162
36360261|36360261
36360262|36360262
36360263|36360263
36360264|36360264
36360265|10025263
36360266|10025249
36360267|36360267
36360268|10025253
36360269|36360269
36360270|10025259
36360271|10065395
36360272|10025257
36360273|36360273
36360274|10025265
36360275|10065394
36360276|36360276
36360277|10050920
36360278|36360278
36360279|10003751
36360280|10025261
36360281|10025264
36360282|36360282
36360283|10025262
36360284|36360284
36360285|36360285
36360286|36360286
36360287|36360287
36360288|36360288
36360289|10052017
36360290|36360290
36360291|10059794
36360292|36360292
36360293|10059793
36360294|36360294
36360295|36360295
36360296|36360296
36360297|36360297
36360298|36360298
36360299|36360299
36360300|36360300
36360301|36360301
36360302|36360302
36360303|36360303
36360304|36360304
36360305|36360305
36360306|10027711
36360307|36360307
36360308|10027712
36360309|36360309
36360310|36360310
36360311|36360311
36360312|36360312
36360313|10005667
36360314|36360314
36360315|10027884
36360316|10035365
36360317|10040339
36360318|10005668
36360319|10027877
36360320|10027885
36360321|10035366
36360322|10040340
36360323|36360323
36360324|10005669
36360325|36360325
36360326|10027881
36360327|10027886
36360328|10035367
36360329|10040341
36360330|10065397
36360331|10005670
36360332|10027879
36360333|36360333
36360334|10027887
36360335|10035368
36360336|10040342
36360337|10065396
36360338|10005671
36360339|36360339
36360340|10035369
36360341|10040343
36360342|36360342
36360343|10027883
36360344|10057130
36360345|36360345
36360346|36360346
36360347|36360347
36360348|36360348
36360349|36360349
36360350|36360350
36360351|36360351
36360352|36360352
36360353|36360353
36360354|36360354
36360355|36360355
36360356|36360356
36360357|36360357
36360358|36360358
36360359|36360359
36360360|36360360
36360361|36360361
36360362|36360362
36360363|36360363
36360364|10068510
36360365|36360365
36360366|10068512
36360367|36360367
36360368|10068511
36360369|36360369
36360370|10068507
36360371|10064438
36360372|36360372
36360373|10068509
36360374|10064437
36360375|36360375
36360376|10068508
36360377|10069214
36360378|36360378
36360379|36360379
36360380|36360380
36360381|36360381
36360382|10005674
36360383|36360383
36360384|10029380
36360385|10035371
36360386|10040345
36360387|10052033
36360388|10059930
36360389|10005675
36360390|10029364
36360391|10035372
36360392|10040346
36360393|36360393
36360394|10062498
36360395|10005673
36360396|36360396
36360397|10029369
36360398|10029382
36360399|10035370
36360400|10040344
36360401|10059234
36360402|10005676
36360403|10029367
36360404|36360404
36360405|10029381
36360406|10065393
36360407|10005677
36360408|36360408
36360409|10035373
36360410|10040347
36360411|36360411
36360412|10029372
36360413|36360413
36360414|10029373
36360415|36360415
36360416|36360416
36360417|36360417
36360418|10029375
36360419|36360419
36360420|10029376
36360421|36360421
36360422|36360422
36360423|10059481
36360424|36360424
36360425|36360425
36360426|10059132
36360427|36360427
36360428|10059131
36360429|10018676
36360430|36360430
36360431|10044226
36360432|10044229
36360433|10055654
36360434|10055655
36360435|36360435
36360436|36360436
36360437|36360437
36360438|36360438
36360439|36360439
36360440|36360440
36360441|36360441
36360442|36360442
36360443|36360443
36360444|36360444
36360445|36360445
36360446|36360446
36360447|10048647
36360448|36360448
36360449|10060662
36360450|36360450
36360451|36360451
36360452|36360452
36360453|36360453
36360454|10051330
36360455|10064434
36360456|10064436
36360457|36360457
36360458|10064433
36360459|10064435
36360460|36360460
36360461|10001481
36360462|10024277
36360463|36360463
36360464|10055653
36360465|10055656
36360466|36360466
36360467|36360467
36360468|36360468
36360469|10047854
36360470|10047858
36360471|36360471
36360472|10047955
36360473|10047968
36360474|10048551
36360475|10049181
36360476|10059926
36360477|10060297
36360478|36360478
36360479|10047941
36360480|10011982
36360481|10047859
36360482|36360482
36360483|10048552
36360484|10049182
36360485|10051617
36360486|10056731
36360487|10021695
36360488|10037831
36360489|10047860
36360490|36360490
36360491|10048553
36360492|10049183
36360493|10051771
36360494|10056739
36360495|36360495
36360496|36360496
36360497|10051334
36360498|36360498
36360499|10064004
36360500|10064005
36360501|10064619
36360502|36360502
36360503|36360503
36360504|36360504
36360505|36360505
36360506|36360506
36360507|10004820
36360508|10024655
36360509|10045419
36360510|10053088
36360511|10068456
36360512|10068457
36360513|10068458
36360514|10068459
36360515|36360515
36360516|10023495
36360517|10023496
36360518|10024656
36360519|10059595
36360520|36360520
36360521|10024657
36360522|36360522
36360523|10008601
36360524|10022824
36360525|10034379
36360526|10043035
36360527|10065282
36360528|36360528
36360529|10022825
36360530|10029680
36360531|10034380
36360532|36360532
36360533|10022826
36360534|10034381
36360535|36360535
36360536|10022749
36360537|10022827
36360538|36360538
36360539|10022828
36360540|36360540
36360541|10022829
36360542|10053287
36360543|36360543
36360544|10053289
36360545|36360545
36360546|10053288
36360547|36360547
36360548|36360548
36360549|10015115
36360550|36360550
36360551|36360551
36360552|10004678
36360553|10008626
36360554|36360554
36360555|10004679
36360556|36360556
36360557|10004680
36360558|36360558
36360559|10052999
36360560|36360560
36360561|10063487
36360562|10067414
36360563|36360563
36360564|10066199
36360565|36360565
36360566|10024708
36360567|10039529
36360568|10024709
36360569|10039530
36360570|36360570
36360571|10024710
36360572|10039531
36360573|36360573
36360574|36360574
36360575|10066086
36360576|36360576
36360577|10064150
36360578|36360578
36360579|36360579
36360580|36360580
36360581|36360581
36360582|36360582
36360583|36360583
36360584|10056543
36360585|36360585
36360586|10056545
36360587|36360587
36360588|10056544
36360589|36360589
36360590|36360590
36360591|36360591
36360592|36360592
36360593|10001844
36360594|10018454
36360595|10018642
36360596|10040525
36360597|36360597
36360598|10001548
36360599|10058473
36360600|36360600
36360601|10056898
36360602|10001550
36360603|36360603
36360604|10001845
36360605|10018455
36360606|10018456
36360607|10018457
36360608|10018643
36360609|10018644
36360610|10018645
36360611|10040274
36360612|10040275
36360613|10040526
36360614|10044345
36360615|10056502
36360616|10068307
36360617|36360617
36360618|10067210
36360619|10067211
36360620|36360620
36360621|36360621
36360622|10001943
36360623|10001944
36360624|36360624
36360625|36360625
36360626|10064521
36360627|36360627
36360628|10003475
36360629|36360629
36360630|10003483
36360631|10003535
36360632|10003543
36360633|10005559
36360634|10018453
36360635|10018622
36360636|10035307
36360637|10040273
36360638|10040523
36360639|36360639
36360640|10003478
36360641|36360641
36360642|10056901
36360643|10003480
36360644|36360644
36360645|10003544
36360646|10018450
36360647|10018451
36360648|10018452
36360649|10018623
36360650|10018624
36360651|10018625
36360652|10040270
36360653|10040271
36360654|10040272
36360655|10040524
36360656|10044344
36360657|36360657
36360658|10067212
36360659|10067213
36360660|36360660
36360661|10004681
36360662|36360662
36360663|36360663
36360664|36360664
36360665|36360665
36360666|36360666
36360667|36360667
36360668|10004687
36360669|10005363
36360670|10035199
36360671|10040158
36360672|36360672
36360673|10067735
36360674|36360674
36360675|10010689
36360676|10010690
36360677|10013038
36360678|36360678
36360679|36360679
36360680|10004683
36360681|10004696
36360682|36360682
36360683|10005368
36360684|10035198
36360685|10035202
36360686|10040157
36360687|10040162
36360688|36360688
36360689|10058482
36360690|36360690
36360691|10004688
36360692|10004690
36360693|10004697
36360694|10004701
36360695|10004708
36360696|10004712
36360697|36360697
36360698|10037805
36360699|10040159
36360700|10056806
36360701|10004695
36360702|10004709
36360703|36360703
36360704|10035201
36360705|10040161
36360706|10056808
36360707|10004692
36360708|10004698
36360709|10005365
36360710|36360710
36360711|10035200
36360712|10040160
36360713|10004691
36360714|10004693
36360715|10004699
36360716|10005366
36360717|36360717
36360718|10021709
36360719|10004694
36360720|10004700
36360721|36360721
36360722|36360722
36360723|10008676
36360724|10035243
36360725|10040193
36360726|10059927
36360727|10059928
36360728|10059929
36360729|10060207
36360730|36360730
36360731|36360731
36360732|10008677
36360733|10008679
36360734|10008682
36360735|10035244
36360736|10040194
36360737|36360737
36360738|10008678
36360739|10008680
36360740|10008681
36360741|10035245
36360742|10040195
36360743|36360743
36360744|10008683
36360745|10035246
36360746|10040196
36360747|36360747
36360748|10006406
36360749|36360749
36360750|10006410
36360751|10006411
36360752|10006516
36360753|10006517
36360754|10006518
36360755|10038782
36360756|10042482
36360757|10042491
36360758|36360758
36360759|36360759
36360760|36360760
36360761|36360761
36360762|10059719
36360763|36360763
36360764|10063249
36360765|36360765
36360766|36360766
36360767|36360767
36360768|10017667
36360769|10017669
36360770|36360770
36360771|10017695
36360772|10018217
36360773|10018218
36360774|36360774
36360775|10017689
36360776|10017699
36360777|10018219
36360778|10057757
36360779|36360779
36360780|10056908
36360781|10056909
36360782|10056939
36360783|10057759
36360784|10017668
36360785|10017670
36360786|10017671
36360787|10017691
36360788|10017692
36360789|36360789
36360790|10017696
36360791|10018220
36360792|10018221
36360793|10056910
36360794|36360794
36360795|10057758
36360796|36360796
36360797|36360797
36360798|36360798
36360799|10019624
36360800|10019626
36360801|36360801
36360802|36360802
36360803|36360803
36360804|36360804
36360805|36360805
36360806|10024677
36360807|36360807
36360808|36360808
36360809|10014480
36360810|10014481
36360811|10019662
36360812|10029561
36360813|10029712
36360814|10037823
36360815|10057877
36360816|36360816
36360817|36360817
36360818|36360818
36360819|36360819
36360820|36360820
36360821|36360821
36360822|36360822
36360823|36360823
36360824|10024408
36360825|10024691
36360826|10024695
36360827|36360827
36360828|10000156
36360829|10000158
36360830|10012412
36360831|10012417
36360832|10013505
36360833|10017482
36360834|10021196
36360835|10024409
36360836|36360836
36360837|10024692
36360838|10024693
36360839|10024694
36360840|10024696
36360841|10029701
36360842|10037822
36360843|10048556
36360844|10048557
36360845|10024697
36360846|36360846
36360847|36360847
36360848|36360848
36360849|36360849
36360850|36360850
36360851|36360851
36360852|36360852
36360853|10050932
36360854|36360854
36360855|36360855
36360856|36360856
36360857|10040421
36360858|10044346
36360859|10044347
36360860|10048742
36360861|36360861
36360862|10054969
36360863|36360863
36360864|36360864
36360865|36360865
36360866|36360866
36360867|10059475
36360868|36360868
36360869|10046687
36360870|36360870
36360871|10046686
36360872|10046688
36360873|36360873
36360874|36360874
36360875|10059507
36360876|36360876
36360877|10059510
36360878|36360878
36360879|10059509
36360880|36360880
36360881|10059508
36360882|36360882
36360883|10059511
36360884|36360884
36360885|36360885
36360886|36360886
36360887|36360887
36360888|36360888
36360889|36360889
36360890|36360890
36360891|36360891
36360892|36360892
36360893|36360893
36360894|36360894
36360895|10067747
36360896|36360896
36360897|36360897
36360898|36360898
36360899|10052468
36360900|36360900
36360901|36360901
36360902|10063039
36360903|10063040
36360904|36360904
36360905|36360905
36360906|36360906
36360907|36360907
36360908|36360908
36360909|36360909
36360910|36360910
36360911|36360911
36360912|36360912
36360913|36360913
36360914|36360914
36360915|10050244
36360916|36360916
36360917|36360917
36360918|36360918
36360919|36360919
36360920|36360920
36360921|36360921
36360922|10027707
36360923|10001899
36360924|10002797
36360925|36360925
36360926|10027708
36360927|10001900
36360928|10002796
36360929|36360929
36360930|10027709
36360931|36360931
36360932|36360932
36360933|10050677
36360934|10060128
36360935|10060133
36360936|10060206
36360937|36360937
36360938|10060153
36360939|10060172
36360940|10060176
36360941|10060180
36360942|10060262
36360943|36360943
36360944|10060154
36360945|10060171
36360946|10060175
36360947|10060179
36360948|10060261
36360949|36360949
36360950|10060155
36360951|10060157
36360952|10060170
36360953|10060174
36360954|10060178
36360955|10060668
36360956|10049534
36360957|36360957
36360958|10060152
36360959|10060156
36360960|10060169
36360961|10060173
36360962|10060177
36360963|10060260
36360964|10002029
36360965|36360965
36360966|10002811
36360967|10029811
36360968|10060031
36360969|10060211
36360970|10060215
36360971|10060278
36360972|10060283
36360973|36360973
36360974|10064735
36360975|36360975
36360976|10002813
36360977|10029812
36360978|10060061
36360979|10060275
36360980|10060279
36360981|10060284
36360982|10060287
36360983|10002030
36360984|10002031
36360985|10002366
36360986|10002367
36360987|10002743
36360988|10002806
36360989|10002808
36360990|10002810
36360991|10002812
36360992|10002814
36360993|10002815
36360994|10036209
36360995|36360995
36360996|10060060
36360997|10060274
36360998|10060280
36360999|10060285
36361000|10060286
36361001|10063203
36361002|10063204
36361003|36361003
36361004|10058349
36361005|10058355
36361006|10063331
36361007|10063332
36361008|36361008
36361009|10058348
36361010|10058351
36361011|36361011
36361012|10058347
36361013|10058350
36361014|10003810
36361015|10060108
36361016|36361016
36361017|10002744
36361018|10003809
36361019|10003811
36361020|10003812
36361021|10060107
36361022|36361022
36361023|10050517
36361024|10060073
36361025|36361025
36361026|36361026
36361027|36361027
36361028|36361028
36361029|10002740
36361030|10002741
36361031|10002754
36361032|10007626
36361033|36361033
36361034|10059781
36361035|10059782
36361036|10002756
36361037|36361037
36361038|10007631
36361039|10002755
36361040|10007627
36361041|36361041
36361042|36361042
36361043|36361043
36361044|36361044
36361045|10009855
36361046|10065228
36361047|10002717
36361048|10002719
36361049|10060895
36361050|36361050
36361051|10002718
36361052|10002720
36361053|10013585
36361054|36361054
36361055|10002721
36361056|10002722
36361057|10013584
36361058|10013586
36361059|36361059
36361060|36361060
36361061|36361061
36361062|36361062
36361063|36361063
36361064|36361064
36361065|36361065
36361066|36361066
36361067|10022854
36361068|36361068
36361069|36361069
36361070|10059951
36361071|36361071
36361072|10000155
36361073|36361073
36361074|10024068
36361075|10024069
36361076|36361076
36361077|36361077
36361078|36361078
36361079|36361079
36361080|10016078
36361081|10037741
36361082|36361082
36361083|10057627
36361084|36361084
36361085|36361085
36361086|10039069
36361087|36361087
36361088|10057628
36361089|36361089
36361090|10057626
36361091|36361091
36361092|36361092
36361093|36361093
36361094|36361094
36361095|36361095
36361096|36361096
36361097|36361097
36361098|36361098
36361099|10049254
36361100|10051427
36361101|36361101
36361102|10051433
36361103|10051434
36361104|36361104
36361105|10049255
36361106|10051428
36361107|36361107
36361108|10051435
36361109|10051436
36361110|36361110
36361111|10049257
36361112|10051429
36361113|36361113
36361114|10051441
36361115|10051442
36361116|36361116
36361117|10049256
36361118|10051430
36361119|36361119
36361120|10051443
36361121|10051444
36361122|36361122
36361123|10051437
36361124|10051438
36361125|36361125
36361126|10051439
36361127|10051440
36361128|36361128
36361129|10007263
36361130|10007264
36361131|10007265
36361132|36361132
36361133|10056902
36361134|36361134
36361135|36361135
36361136|10064497
36361137|36361137
36361138|10064498
36361139|36361139
36361140|36361140
36361141|36361141
36361142|10068472
36361143|36361143
36361144|10068473
36361145|36361145
36361146|36361146
36361147|36361147
36361148|36361148
36361149|36361149
36361150|10020199
36361151|36361151
36361152|36361152
36361153|36361153
36361154|36361154
36361155|36361155
36361156|36361156
36361157|36361157
36361158|36361158
36361159|10060245
36361160|36361160
36361161|10060246
36361162|10036970
36361163|10036971
36361164|36361164
36361165|10056924
36361166|10014484
36361167|10036931
36361168|10036973
36361169|10036974
36361170|36361170
36361171|10037102
36361172|36361172
36361173|10060247
36361174|36361174
36361175|36361175
36361176|36361176
36361177|10048754
36361178|10045167
36361179|36361179
36361180|10062239
36361181|36361181
36361182|10060016
36361183|36361183
36361184|10060001
36361185|10049809
36361186|36361186
36361187|10060019
36361188|36361188
36361189|10059769
36361190|36361190
36361191|10050738
36361192|36361192
36361193|36361193
36361194|36361194
36361195|36361195
36361196|36361196
36361197|36361197
36361198|36361198
36361199|36361199
36361200|36361200
36361201|36361201
36361202|36361202
36361203|36361203
36361204|10010125
36361205|10010127
36361206|36361206
36361207|10010128
36361208|10010131
36361209|10040197
36361210|10040200
36361211|36361211
36361212|10010129
36361213|10010130
36361214|10040198
36361215|10040199
36361216|36361216
36361217|10010132
36361218|36361218
36361219|10000123
36361220|36361220
36361221|10008379
36361222|10008381
36361223|36361223
36361224|36361224
36361225|36361225
36361226|36361226
36361227|36361227
36361228|36361228
36361229|36361229
36361230|10011961
36361231|36361231
36361232|10022537
36361233|36361233
36361234|36361234
36361235|10050918
36361236|36361236
36361237|10063327
36361238|10050934
36361239|36361239
36361240|10049805
36361241|36361241
36361242|36361242
36361243|36361243
36361244|36361244
36361245|10062877
36361246|10062881
36361247|36361247
36361248|36361248
36361249|10004229
36361250|10004230
36361251|10018343
36361252|10037030
36361253|36361253
36361254|36361254
36361255|10021258
36361256|10021471
36361257|10035316
36361258|10040285
36361259|36361259
36361260|36361260
36361261|10011965
36361262|10021259
36361263|10021472
36361264|10021475
36361265|10035317
36361266|10040286
36361267|36361267
36361268|10021261
36361269|10021473
36361270|10021474
36361271|10035318
36361272|10037815
36361273|10040287
36361274|36361274
36361275|10021476
36361276|10035319
36361277|10040288
36361278|36361278
36361279|10067541
36361280|36361280
36361281|10067540
36361282|36361282
36361283|10067539
36361284|36361284
36361285|10021265
36361286|10021478
36361287|10035320
36361288|10040289
36361289|36361289
36361290|36361290
36361291|10021266
36361292|10021479
36361293|10021482
36361294|10035321
36361295|10040290
36361296|36361296
36361297|10020043
36361298|10020552
36361299|10021257
36361300|10021267
36361301|10021480
36361302|10021481
36361303|10035322
36361304|10040291
36361305|36361305
36361306|10021269
36361307|10021483
36361308|10035323
36361309|10040292
36361310|36361310
36361311|10021270
36361312|10021484
36361313|10035324
36361314|10040293
36361315|36361315
36361316|36361316
36361317|10011966
36361318|10021271
36361319|10021485
36361320|10021488
36361321|10035325
36361322|10040294
36361323|36361323
36361324|10021272
36361325|10021486
36361326|10021487
36361327|10035326
36361328|10037816
36361329|10040295
36361330|36361330
36361331|10021274
36361332|10021489
36361333|10035327
36361334|10040296
36361335|36361335
36361336|10021276
36361337|10021490
36361338|10035328
36361339|10040297
36361340|36361340
36361341|36361341
36361342|10011967
36361343|10021277
36361344|10021491
36361345|10021494
36361346|10035329
36361347|10040298
36361348|36361348
36361349|10021278
36361350|10021492
36361351|10021493
36361352|10035330
36361353|10037817
36361354|10040299
36361355|36361355
36361356|10021495
36361357|10035331
36361358|10040300
36361359|36361359
36361360|36361360
36361361|36361361
36361362|10017659
36361363|10021465
36361364|36361364
36361365|10063237
36361366|10001849
36361367|10017660
36361368|10017697
36361369|10021466
36361370|10021467
36361371|36361371
36361372|10021498
36361373|10011962
36361374|10011969
36361375|10017661
36361376|10017665
36361377|10017698
36361378|10018345
36361379|10021469
36361380|36361380
36361381|10056726
36361382|10017662
36361383|10017666
36361384|10018346
36361385|10021470
36361386|36361386
36361387|10021663
36361388|10056733
36361389|10017663
36361390|10021468
36361391|36361391
36361392|36361392
36361393|10060116
36361394|10060117
36361395|10060118
36361396|10060103
36361397|36361397
36361398|36361398
36361399|10060099
36361400|10060101
36361401|10051331
36361402|36361402
36361403|10060098
36361404|10060100
36361405|10069128
36361406|10060102
36361407|36361407
36361408|36361408
36361409|10027865
36361410|10033895
36361411|10068363
36361412|10068364
36361413|36361413
36361414|10037903
36361415|36361415
36361416|10056925
36361417|36361417
36361418|10056926
36361419|36361419
36361420|36361420
36361421|10020761
36361422|36361422
36361423|36361423
36361424|10002749
36361425|10002752
36361426|36361426
36361427|10002748
36361428|10002750
36361429|10048534
36361430|36361430
36361431|10002745
36361432|36361432
36361433|10002746
36361434|10002751
36361435|36361435
36361436|10002747
36361437|10060959
36361438|36361438
36361439|36361439
36361440|36361440
36361441|36361441
36361442|36361442
36361443|10066939
36361444|36361444
36361445|36361445
36361446|36361446
36361447|10066940
36361448|36361448
36361449|10066938
36361450|10050916
36361451|36361451
36361452|10051553
36361453|10059779
36361454|36361454
36361455|10068080
36361456|36361456
36361457|10021422
36361458|10021503
36361459|10050917
36361460|10050972
36361461|10059694
36361462|10059717
36361463|10059721
36361464|10059722
36361465|36361465
36361466|10062731
36361467|10021506
36361468|10021508
36361469|10031608
36361470|10032326
36361471|36361471
36361472|10021423
36361473|36361473
36361474|36361474
36361475|36361475
36361476|36361476
36361477|36361477
36361478|10058033
36361479|36361479
36361480|36361480
36361481|10064984
36361482|36361482
36361483|10064983
36361484|36361484
36361485|10064985
36361486|36361486
36361487|36361487
36361488|10002825
36361489|10042204
36361490|36361490
36361491|10063196
36361492|10063199
36361493|10063200
36361494|36361494
36361495|36361495
36361496|36361496
36361497|10036664
36361498|36361498
36361499|10059476
36361500|10060069
36361501|10001691
36361502|10028898
36361503|10034116
36361504|10034117
36361505|10040931
36361506|10040932
36361507|36361507
36361508|10001692
36361509|10015553
36361510|10022777
36361511|10034118
36361512|10036218
36361513|10039739
36361514|10040930
36361515|10040933
36361516|36361516
36361517|10040935
36361518|10049569
36361519|36361519
36361520|36361520
36361521|36361521
36361522|10004805
36361523|10015612
36361524|36361524
36361525|36361525
36361526|36361526
36361527|36361527
36361528|10028105
36361529|36361529
36361530|10028106
36361531|10004806
36361532|36361532
36361533|10004807
36361534|36361534
36361535|36361535
36361536|36361536
36361537|36361537
36361538|10003511
36361539|36361539
36361540|10011735
36361541|10003512
36361542|36361542
36361543|10003513
36361544|36361544
36361545|10050652
36361546|36361546
36361547|36361547
36361548|36361548
36361549|10020121
36361550|36361550
36361551|10020122
36361552|10020124
36361553|10029691
36361554|10032320
36361555|36361555
36361556|10020123
36361557|10020125
36361558|36361558
36361559|36361559
36361560|10020492
36361561|36361561
36361562|10020493
36361563|36361563
36361564|36361564
36361565|10028104
36361566|36361566
36361567|36361567
36361568|36361568
36361569|36361569
36361570|10029694
36361571|10029695
36361572|36361572
36361573|10041213
36361574|36361574
36361575|10041211
36361576|10041201
36361577|36361577
36361578|10041212
36361579|36361579
36361580|10007721
36361581|10007725
36361582|10010225
36361583|10010228
36361584|10010231
36361585|36361585
36361586|10010237
36361587|10010240
36361588|10010243
36361589|10011599
36361590|10011603
36361591|10011606
36361592|10011609
36361593|10014547
36361594|10019373
36361595|10041623
36361596|10057792
36361597|10062397
36361598|10062400
36361599|10062403
36361600|10062404
36361601|10062407
36361602|10062410
36361603|10007722
36361604|10007726
36361605|10010226
36361606|10010229
36361607|10010232
36361608|36361608
36361609|10010238
36361610|10010241
36361611|10010244
36361612|10011600
36361613|10011604
36361614|10011607
36361615|10011610
36361616|10014548
36361617|10057835
36361618|10058830
36361619|10062398
36361620|10062401
36361621|10062408
36361622|10062411
36361623|10062424
36361624|10007724
36361625|10007727
36361626|10010227
36361627|10010230
36361628|10010233
36361629|36361629
36361630|10010239
36361631|10010242
36361632|10010245
36361633|10011602
36361634|10011605
36361635|10011608
36361636|10011611
36361637|10014549
36361638|10057834
36361639|10062399
36361640|10062402
36361641|10062405
36361642|10062406
36361643|10062409
36361644|10062412
36361645|36361645
36361646|10014125
36361647|36361647
36361648|10014126
36361649|36361649
36361650|10014813
36361651|10014814
36361652|36361652
36361653|10014815
36361654|36361654
36361655|10056584
36361656|36361656
36361657|36361657
36361658|36361658
36361659|36361659
36361660|36361660
36361661|10028049
36361662|10029432
36361663|36361663
36361664|10029820
36361665|10028050
36361666|10029433
36361667|36361667
36361668|10029821
36361669|10028051
36361670|10029434
36361671|10029822
36361672|36361672
36361673|10057793
36361674|36361674
36361675|36361675
36361676|10034748
36361677|10034749
36361678|36361678
36361679|10036223
36361680|10065404
36361681|10065410
36361682|10065411
36361683|10034750
36361684|36361684
36361685|10036224
36361686|10034751
36361687|36361687
36361688|10036225
36361689|10050705
36361690|10050727
36361691|36361691
36361692|10050719
36361693|36361693
36361694|10050718
36361695|36361695
36361696|36361696
36361697|10051760
36361698|10051761
36361699|10052708
36361700|10057778
36361701|10057910
36361702|36361702
36361703|10039535
36361704|10057912
36361705|36361705
36361706|10017645
36361707|36361707
36361708|10017646
36361709|36361709
36361710|10017647
36361711|36361711
36361712|10039551
36361713|10057911
36361714|36361714
36361715|36361715
36361716|10039576
36361717|36361717
36361718|10039577
36361719|36361719
36361720|10050707
36361721|36361721
36361722|36361722
36361723|10040725
36361724|10041458
36361725|36361725
36361726|10040726
36361727|10056929
36361728|36361728
36361729|10040727
36361730|10056930
36361731|36361731
36361732|36361732
36361733|10043423
36361734|36361734
36361735|10043424
36361736|36361736
36361737|10043425
36361738|10012694
36361739|10014122
36361740|36361740
36361741|10045435
36361742|10052858
36361743|10060216
36361744|10065594
36361745|10012695
36361746|10041351
36361747|10045397
36361748|10045436
36361749|36361749
36361750|10012697
36361751|10041352
36361752|10045398
36361753|10045437
36361754|36361754
36361755|36361755
36361756|10051758
36361757|10051759
36361758|10052707
36361759|10054006
36361760|36361760
36361761|36361761
36361762|10048068
36361763|10064426
36361764|10029681
36361765|10029686
36361766|10029688
36361767|36361767
36361768|10048069
36361769|36361769
36361770|10048091
36361771|36361771
36361772|36361772
36361773|36361773
36361774|10053524
36361775|36361775
36361776|10050519
36361777|36361777
36361778|10005810
36361779|10029713
36361780|10031432
36361781|10032324
36361782|10032837
36361783|36361783
36361784|36361784
36361785|10048739
36361786|36361786
36361787|36361787
36361788|36361788
36361789|36361789
36361790|36361790
36361791|36361791
36361792|10048770
36361793|10049506
36361794|10055682
36361795|36361795
36361796|10022889
36361797|10022890
36361798|10029675
36361799|10029697
36361800|10029707
36361801|10031433
36361802|10032315
36361803|10032316
36361804|10032317
36361805|10032318
36361806|36361806
36361807|10008433
36361808|36361808
36361809|10059950
36361810|10008430
36361811|10023524
36361812|10023525
36361813|36361813
36361814|10023548
36361815|10023549
36361816|10022534
36361817|10022535
36361818|10023526
36361819|36361819
36361820|10023551
36361821|10048819
36361822|10008432
36361823|36361823
36361824|10051000
36361825|36361825
36361826|36361826
36361827|36361827
36361828|36361828
36361829|10050992
36361830|36361830
36361831|36361831
36361832|36361832
36361833|36361833
36361834|36361834
36361835|36361835
36361836|10048769
36361837|36361837
36361838|36361838
36361839|10008650
36361840|10008668
36361841|10035238
36361842|10040188
36361843|36361843
36361844|10008669
36361845|10035239
36361846|10040189
36361847|36361847
36361848|10008652
36361849|10008655
36361850|10008656
36361851|10008657
36361852|10008662
36361853|10008664
36361854|10008670
36361855|36361855
36361856|10008653
36361857|10008654
36361858|10008661
36361859|10008663
36361860|10008666
36361861|10008667
36361862|10008671
36361863|10020049
36361864|10035240
36361865|10040190
36361866|36361866
36361867|10005427
36361868|10008665
36361869|10008672
36361870|10035241
36361871|10035242
36361872|10040191
36361873|10040192
36361874|36361874
36361875|36361875
36361876|36361876
36361877|36361877
36361878|10019184
36361879|36361879
36361880|10020052
36361881|36361881
36361882|10020053
36361883|10062533
36361884|10011963
36361885|10019185
36361886|10019186
36361887|10019188
36361888|10020054
36361889|10020057
36361890|10020059
36361891|36361891
36361892|10024915
36361893|10062529
36361894|10019187
36361895|10019189
36361896|10020055
36361897|10020056
36361898|36361898
36361899|10021662
36361900|10037814
36361901|10062528
36361902|10020058
36361903|36361903
36361904|36361904
36361905|36361905
36361906|36361906
36361907|36361907
36361908|36361908
36361909|10049049
36361910|36361910
36361911|36361911
36361912|36361912
36361913|36361913
36361914|36361914
36361915|10024054
36361916|36361916
36361917|10024902
36361918|36361918
36361919|10024903
36361920|10062527
36361921|10011972
36361922|10024058
36361923|10024904
36361924|10024907
36361925|36361925
36361926|10024917
36361927|10062526
36361928|10021668
36361929|10024055
36361930|10024056
36361931|10024057
36361932|10024059
36361933|10024905
36361934|10024906
36361935|36361935
36361936|10037821
36361937|10062525
36361938|10024908
36361939|36361939
36361940|36361940
36361941|36361941
36361942|36361942
36361943|10050915
36361944|36361944
36361945|10051803
36361946|36361946
36361947|10051801
36361948|36361948
36361949|10051802
36361950|36361950
36361951|10051804
36361952|36361952
36361953|36361953
36361954|10047353
36361955|10047667
36361956|36361956
36361957|10047354
36361958|10024936
36361959|10047355
36361960|10047358
36361961|36361961
36361962|10047668
36361963|10021693
36361964|10037830
36361965|10047356
36361966|10047357
36361967|36361967
36361968|10047669
36361969|10047359
36361970|36361970
36361971|36361971
36361972|10002978
36361973|10002980
36361974|36361974
36361975|10003005
36361976|36361976
36361977|36361977
36361978|10002989
36361979|10002987
36361980|36361980
36361981|36361981
36361982|36361982
36361983|10002992
36361984|36361984
36361985|36361985
36361986|36361986
36361987|36361987
36361988|10002979
36361989|10002981
36361990|36361990
36361991|10003006
36361992|36361992
36361993|36361993
36361994|10003001
36361995|10002999
36361996|36361996
36361997|36361997
36361998|36361998
36361999|36361999
36362000|36362000
36362001|36362001
36362002|36362002
36362003|36362003
36362004|36362004
36362005|36362005
36362006|36362006
36362007|36362007
36362008|36362008
36362009|36362009
36362010|36362010
36362011|10040177
36362012|36362012
36362013|36362013
36362014|36362014
36362015|36362015
36362016|36362016
36362017|36362017
36362018|10040258
36362019|36362019
36362020|36362020
36362021|36362021
36362022|10024594
36362023|10060296
36362024|10000157
36362025|36362025
36362026|10024595
36362027|10040328
36362028|10024589
36362029|36362029
36362030|10024596
36362031|10024599
36362032|10024928
36362033|10034938
36362034|10024590
36362035|36362035
36362036|10024597
36362037|10024598
36362038|10024601
36362039|10037826
36362040|10052540
36362041|10060981
36362042|36362042
36362043|10024600
36362044|36362044
36362045|36362045
36362046|36362046
36362047|10063992
36362048|10063993
36362049|10063994
36362050|36362050
36362051|36362051
36362052|10035454
36362053|10040422
36362054|10043387
36362055|10044660
36362056|36362056
36362057|10035455
36362058|10040423
36362059|10044661
36362060|10044662
36362061|10044667
36362062|36362062
36362063|10044658
36362064|10044663
36362065|10044665
36362066|36362066
36362067|10035456
36362068|10037828
36362069|10037829
36362070|10040424
36362071|10044659
36362072|10044664
36362073|10052373
36362074|36362074
36362075|10035457
36362076|10040425
36362077|10044666
36362078|36362078
36362079|10000480
36362080|36362080
36362081|10000481
36362082|10000482
36362083|36362083
36362084|10000484
36362085|36362085
36362086|36362086
36362087|36362087
36362088|36362088
36362089|36362089
36362090|36362090
36362091|10002524
36362092|36362092
36362093|10002529
36362094|10002527
36362095|36362095
36362096|36362096
36362097|36362097
36362098|36362098
36362099|36362099
36362100|36362100
36362101|36362101
36362102|36362102
36362103|36362103
36362104|10005541
36362105|10000113
36362106|10000115
36362107|10005538
36362108|36362108
36362109|10005542
36362110|10017744
36362111|10000114
36362112|36362112
36362113|10005543
36362114|36362114
36362115|10023649
36362116|10023673
36362117|10035344
36362118|10040315
36362119|36362119
36362120|10035345
36362121|10040316
36362122|36362122
36362123|10023652
36362124|10023661
36362125|10023675
36362126|10035346
36362127|10040317
36362128|36362128
36362129|10023650
36362130|10023651
36362131|10023659
36362132|10023660
36362133|10023674
36362134|10035347
36362135|10040318
36362136|36362136
36362137|10023662
36362138|10035348
36362139|10040319
36362140|10005710
36362141|10035399
36362142|10040367
36362143|36362143
36362144|10063590
36362145|36362145
36362146|36362146
36362147|10024921
36362148|10034778
36362149|10034783
36362150|10035397
36362151|10040365
36362152|10053889
36362153|10053891
36362154|10005707
36362155|36362155
36362156|10034779
36362157|10034780
36362158|10035398
36362159|10040366
36362160|10053888
36362161|10053890
36362162|36362162
36362163|10034781
36362164|10005401
36362165|36362165
36362166|10007229
36362167|10005402
36362168|10007230
36362169|10007231
36362170|10009723
36362171|10009724
36362172|36362172
36362173|10005403
36362174|10007221
36362175|36362175
36362176|10007226
36362177|10007232
36362178|10005404
36362179|10007222
36362180|10007224
36362181|36362181
36362182|10007233
36362183|10005405
36362184|36362184
36362185|10007234
36362186|36362186
36362187|10060032
36362188|36362188
36362189|36362189
36362190|36362190
36362191|10029873
36362192|36362192
36362193|10053362
36362194|10060131
36362195|10060164
36362196|10060209
36362197|10068430
36362198|36362198
36362199|10053363
36362200|10068433
36362201|36362201
36362202|10033321
36362203|10053365
36362204|10068432
36362205|36362205
36362206|10033319
36362207|36362207
36362208|10053366
36362209|10068431
36362210|36362210
36362211|10053364
36362212|10009722
36362213|10034077
36362214|36362214
36362215|10059944
36362216|36362216
36362217|10034078
36362218|36362218
36362219|10038210
36362220|10034079
36362221|10034182
36362222|36362222
36362223|10037809
36362224|36362224
36362225|10033323
36362226|10034080
36362227|36362227
36362228|10059945
36362229|10068437
36362230|10033324
36362231|10034081
36362232|10035767
36362233|36362233
36362234|10068436
36362235|10068440
36362236|10033325
36362237|10034082
36362238|36362238
36362239|10068435
36362240|10068439
36362241|10033326
36362242|10034083
36362243|36362243
36362244|10068434
36362245|10068438
36362246|10033327
36362247|10034084
36362248|36362248
36362249|36362249
36362250|10065414
36362251|36362251
36362252|36362252
36362253|36362253
36362254|36362254
36362255|36362255
36362256|36362256
36362257|36362257
36362258|10066316
36362259|10066326
36362260|36362260
36362261|10066319
36362262|10066330
36362263|36362263
36362264|10066318
36362265|10066328
36362266|36362266
36362267|10066317
36362268|10066327
36362269|36362269
36362270|10066320
36362271|10066329
36362272|36362272
36362273|10034772
36362274|10034774
36362275|10034782
36362276|36362276
36362277|10034773
36362278|10034775
36362279|36362279
36362280|10034776
36362281|36362281
36362282|10034777
36362283|36362283
36362284|36362284
36362285|36362285
36362286|36362286
36362287|36362287
36362288|36362288
36362289|36362289
36362290|36362290
36362291|36362291
36362292|10018414
36362293|10035303
36362294|10040266
36362295|10051566
36362296|36362296
36362297|10005807
36362298|10018415
36362299|10018416
36362300|10035304
36362301|10040267
36362302|10051573
36362303|36362303
36362304|10005808
36362305|10011958
36362306|10018417
36362307|10018419
36362308|10018423
36362309|10035305
36362310|10040268
36362311|10042445
36362312|10050785
36362313|10064175
36362314|36362314
36362315|36362315
36362316|10049818
36362317|36362317
36362318|10005809
36362319|10016240
36362320|10018418
36362321|10018420
36362322|10018421
36362323|10042446
36362324|10042447
36362325|10042448
36362326|10042449
36362327|10042450
36362328|10042451
36362329|10042452
36362330|10050786
36362331|10064174
36362332|36362332
36362333|10018425
36362334|10035306
36362335|10040269
36362336|10051574
36362337|36362337
36362338|10064523
36362339|36362339
36362340|10064522
36362341|36362341
36362342|10062709
36362343|36362343
36362344|10062711
36362345|36362345
36362346|10062710
36362347|36362347
36362348|10062712
36362349|36362349
36362350|36362350
36362351|36362351
36362352|36362352
36362353|36362353
36362354|36362354
36362355|36362355
36362356|36362356
36362357|10043931
36362358|36362358
36362359|36362359
36362360|10018763
36362361|10000145
36362362|10000146
36362363|10012691
36362364|10018427
36362365|36362365
36362366|10018434
36362367|10018764
36362368|36362368
36362369|36362369
36362370|10018468
36362371|10018469
36362372|36362372
36362373|10018486
36362374|10019179
36362375|10019485
36362376|10056187
36362377|36362377
36362378|10052425
36362379|10055588
36362380|10018470
36362381|10018481
36362382|10018483
36362383|36362383
36362384|10051578
36362385|10052424
36362386|10055587
36362387|10055589
36362388|10055590
36362389|10056185
36362390|10056186
36362391|36362391
36362392|10055591
36362393|36362393
36362394|36362394
36362395|36362395
36362396|36362396
36362397|10018439
36362398|10018445
36362399|10018476
36362400|10018477
36362401|10038216
36362402|36362402
36362403|10050942
36362404|36362404
36362405|10057162
36362406|36362406
36362407|10057163
36362408|36362408
36362409|10057160
36362410|36362410
36362411|36362411
36362412|36362412
36362413|36362413
36362414|10019153
36362415|10019151
36362416|36362416
36362417|36362417
36362418|36362418
36362419|10055625
36362420|36362420
36362421|10055626
36362422|10027495
36362423|36362423
36362424|10055627
36362425|10055628
36362426|36362426
36362427|36362427
36362428|36362428
36362429|36362429
36362430|10060829
36362431|36362431
36362432|36362432
36362433|10036191
36362434|10036192
36362435|10046712
36362436|36362436
36362437|36362437
36362438|36362438
36362439|10065298
36362440|10001940
36362441|10012231
36362442|10046608
36362443|36362443
36362444|10012232
36362445|10012233
36362446|10012234
36362447|36362447
36362448|10012235
36362449|36362449
36362450|10036177
36362451|10036178
36362452|10036180
36362453|36362453
36362454|10036179
36362455|36362455
36362456|36362456
36362457|36362457
36362458|36362458
36362459|10060014
36362460|36362460
36362461|36362461
36362462|36362462
36362463|36362463
36362464|10050753
36362465|36362465
36362466|36362466
36362467|36362467
36362468|36362468
36362469|36362469
36362470|36362470
36362471|36362471
36362472|36362472
36362473|36362473
36362474|10050414
36362475|36362475
36362476|36362476
36362477|10049743
36362478|36362478
36362479|10049742
36362480|36362480
36362481|10049741
36362482|10050415
36362483|36362483
36362484|10049744
36362485|10000403
36362486|10000411
36362487|10023383
36362488|10023387
36362489|36362489
36362490|10059970
36362491|10000409
36362492|10000417
36362493|36362493
36362494|10000405
36362495|10000408
36362496|10000414
36362497|36362497
36362498|10000406
36362499|10000407
36362500|10000415
36362501|10000416
36362502|36362502
36362503|10062309
36362504|10000404
36362505|10000412
36362506|36362506
36362507|36362507
36362508|10035419
36362509|10037677
36362510|10037685
36362511|10040389
36362512|36362512
36362513|10035420
36362514|10037678
36362515|10040390
36362516|36362516
36362517|10035421
36362518|10037679
36362519|10037683
36362520|10040391
36362521|36362521
36362522|10035422
36362523|10037680
36362524|10037681
36362525|10040392
36362526|36362526
36362527|10035423
36362528|10037684
36362529|10040393
36362530|36362530
36362531|10035466
36362532|10040434
36362533|10046332
36362534|10046506
36362535|10066981
36362536|10005859
36362537|36362537
36362538|10066979
36362539|10005842
36362540|10005843
36362541|36362541
36362542|10046336
36362543|10046500
36362544|10066978
36362545|10005844
36362546|36362546
36362547|10037827
36362548|10046334
36362549|10046335
36362550|10046344
36362551|10046501
36362552|10046502
36362553|10046507
36362554|10050450
36362555|10066980
36362556|36362556
36362557|10066977
36362558|36362558
36362559|10067692
36362560|10068024
36362561|10068031
36362562|36362562
36362563|10068000
36362564|36362564
36362565|10068002
36362566|36362566
36362567|10068001
36362568|36362568
36362569|10067999
36362570|36362570
36362571|10011711
36362572|10011712
36362573|36362573
36362574|36362574
36362575|10064641
36362576|10064643
36362577|36362577
36362578|10064640
36362579|10064642
36362580|10011713
36362581|36362581
36362582|36362582
36362583|10011756
36362584|36362584
36362585|10011755
36362586|36362586
36362587|36362587
36362588|10011776
36362589|36362589
36362590|36362590
36362591|36362591
36362592|36362592
36362593|36362593
36362594|36362594
36362595|36362595
36362596|36362596
36362597|36362597
36362598|36362598
36362599|36362599
36362600|36362600
36362601|36362601
36362602|36362602
36362603|36362603
36362604|36362604
36362605|36362605
36362606|10059904
36362607|36362607
36362608|36362608
36362609|10068103
36362610|36362610
36362611|10068102
36362612|10049538
36362613|10061434
36362614|36362614
36362615|36362615
36362616|36362616
36362617|36362617
36362618|36362618
36362619|36362619
36362620|36362620
36362621|10050531
36362622|36362622
36362623|10067931
36362624|10027430
36362625|10027431
36362626|10029698
36362627|36362627
36362628|10050543
36362629|36362629
36362630|10067691
36362631|36362631
36362632|36362632
36362633|10060072
36362634|36362634
36362635|36362635
36362636|36362636
36362637|36362637
36362638|36362638
36362639|36362639
36362640|10068175
36362641|36362641
36362642|10053853
36362643|10050643
36362644|36362644
36362645|36362645
36362646|36362646
36362647|36362647
36362648|36362648
36362649|36362649
36362650|10059967
36362651|10023389
36362652|36362652
36362653|10023384
36362654|10023390
36362655|10046513
36362656|36362656
36362657|36362657
36362658|36362658
36362659|10053828
36362660|36362660
36362661|10053827
36362662|36362662
36362663|10059949
36362664|36362664
36362665|10053830
36362666|36362666
36362667|10053829
36362668|36362668
36362669|10005530
36362670|10016877
36362671|36362671
36362672|10005526
36362673|10016878
36362674|10016887
36362675|10040252
36362676|36362676
36362677|10016879
36362678|10016885
36362679|10050787
36362680|36362680
36362681|10016883
36362682|10016884
36362683|10050788
36362684|36362684
36362685|10016886
36362686|36362686
36362687|10007675
36362688|36362688
36362689|36362689
36362690|36362690
36362691|36362691
36362692|36362692
36362693|10058793
36362694|36362694
36362695|10058798
36362696|36362696
36362697|10058797
36362698|36362698
36362699|36362699
36362700|36362700
36362701|10050721
36362702|36362702
36362703|10050723
36362704|36362704
36362705|10050722
36362706|36362706
36362707|10050720
36362708|36362708
36362709|36362709
36362710|10058787
36362711|36362711
36362712|10058788
36362713|36362713
36362714|10058786
36362715|36362715
36362716|10047603
36362717|36362717
36362718|10039596
36362719|36362719
36362720|10039597
36362721|36362721
36362722|10039598
36362723|36362723
36362724|36362724
36362725|36362725
36362726|36362726
36362727|36362727
36362728|10058790
36362729|36362729
36362730|10058791
36362731|36362731
36362732|10058789
36362733|36362733
36362734|36362734
36362735|10047615
36362736|36362736
36362737|36362737
36362738|36362738
36362739|10003447
36362740|10003451
36362741|36362741
36362742|10003452
36362743|10047621
36362744|36362744
36362745|10003449
36362746|10003453
36362747|36362747
36362748|10003448
36362749|10003455
36362750|36362750
36362751|10003450
36362752|10003456
36362753|36362753
36362754|36362754
36362755|10050726
36362756|36362756
36362757|10050725
36362758|36362758
36362759|10050724
36362760|36362760
36362761|36362761
36362762|36362762
36362763|36362763
36362764|36362764
36362765|10058792
36362766|36362766
36362767|36362767
36362768|10004001
36362769|10049024
36362770|36362770
36362771|10004002
36362772|36362772
36362773|10004003
36362774|10004004
36362775|36362775
36362776|10051397
36362777|36362777
36362778|10004005
36362779|36362779
36362780|10004006
36362781|36362781
36362782|10004007
36362783|36362783
36362784|10004008
36362785|36362785
36362786|10004009
36362787|10006836
36362788|10009658
36362789|10051362
36362790|36362790
36362791|10004010
36362792|36362792
36362793|36362793
36362794|10004011
36362795|36362795
36362796|10004012
36362797|36362797
36362798|36362798
36362799|10053110
36362800|36362800
36362801|10053109
36362802|36362802
36362803|10004013
36362804|36362804
36362805|10004014
36362806|36362806
36362807|36362807
36362808|10063301
36362809|10060109
36362810|36362810
36362811|10063311
36362812|10063313
36362813|10063314
36362814|10063316
36362815|10063317
36362816|10063319
36362817|10068090
36362818|36362818
36362819|36362819
36362820|36362820
36362821|36362821
36362822|36362822
36362823|10059958
36362824|36362824
36362825|36362825
36362826|10059338
36362827|36362827
36362828|36362828
36362829|10059777
36362830|10059778
36362831|36362831
36362832|10049693
36362833|10050958
36362834|10050959
36362835|36362835
36362836|36362836
36362837|36362837
36362838|36362838
36362839|10011518
36362840|36362840
36362841|10062308
36362842|10011519
36362843|36362843
36362844|36362844
36362845|10062672
36362846|36362846
36362847|10067536
36362848|36362848
36362849|10062673
36362850|36362850
36362851|36362851
36362852|36362852
36362853|36362853
36362854|36362854
36362855|36362855
36362856|36362856
36362857|36362857
36362858|36362858
36362859|10063324
36362860|10063325
36362861|36362861
36362862|10063375
36362863|10069011
36362864|36362864
36362865|10067311
36362866|36362866
36362867|10067310
36362868|10059218
36362869|36362869
36362870|10063595
36362871|10064777
36362872|10067087
36362873|10059225
36362874|36362874
36362875|10063597
36362876|10067088
36362877|10050758
36362878|10053824
36362879|36362879
36362880|10063596
36362881|10063708
36362882|10052050
36362883|10052051
36362884|36362884
36362885|36362885
36362886|10062675
36362887|10062676
36362888|36362888
36362889|36362889
36362890|36362890
36362891|10050923
36362892|36362892
36362893|36362893
36362894|10062677
36362895|10059957
36362896|10060126
36362897|10063328
36362898|10063329
36362899|10063330
36362900|36362900
36362901|10059991
36362902|10060149
36362903|36362903
36362904|10059990
36362905|10060148
36362906|36362906
36362907|10050930
36362908|36362908
36362909|10063238
36362910|10063239
36362911|36362911
36362912|10067151
36362913|36362913
36362914|10067144
36362915|36362915
36362916|10067145
36362917|10002826
36362918|10002828
36362919|10002831
36362920|10003469
36362921|10003470
36362922|10042205
36362923|10059987
36362924|10060018
36362925|10060217
36362926|10066935
36362927|36362927
36362928|10067009
36362929|10067028
36362930|10002829
36362931|10042207
36362932|10059989
36362933|10060011
36362934|10060289
36362935|36362935
36362936|10067008
36362937|10067027
36362938|10002827
36362939|10002830
36362940|10003468
36362941|10042206
36362942|10042208
36362943|10059988
36362944|10060010
36362945|10060288
36362946|10063205
36362947|36362947
36362948|10067007
36362949|10067026
36362950|10050412
36362951|10050423
36362952|10050949
36362953|10059971
36362954|10060210
36362955|10060268
36362956|10060271
36362957|10060298
36362958|36362958
36362959|10016198
36362960|10016199
36362961|36362961
36362962|10047174
36362963|10060334
36362964|36362964
36362965|10060265
36362966|10060266
36362967|10060269
36362968|10060272
36362969|10060332
36362970|36362970
36362971|10052518
36362972|10052519
36362973|10052520
36362974|10060267
36362975|10060270
36362976|10060273
36362977|10060333
36362978|36362978
36362979|36362979
36362980|36362980
36362981|36362981
36362982|36362982
36362983|36362983
36362984|36362984
36362985|36362985
36362986|36362986
36362987|36362987
36362988|36362988
36362989|36362989
36362990|10063234
36362991|10063235
36362992|10063236
36362993|36362993
36362994|10053950
36362995|36362995
36362996|10059780
36362997|36362997
36362998|36362998
36362999|36362999
36363000|10063308
36363001|10063309
36363002|10063312
36363003|10059341
36363004|36363004
36363005|36363005
36363006|10011534
36363007|36363007
36363008|10011533
36363009|36363009
36363010|10017546
36363011|36363011
36363012|10017547
36363013|36363013
36363014|10007140
36363015|36363015
36363016|36363016
36363017|36363017
36363018|36363018
36363019|36363019
36363020|10068338
36363021|10058174
36363022|36363022
36363023|10058173
36363024|10058175
36363025|36363025
36363026|10058860
36363027|10058891
36363028|36363028
36363029|36363029
36363030|36363030
36363031|10052203
36363032|10052208
36363033|36363033
36363034|36363034
36363035|36363035
36363036|36363036
36363037|10039652
36363038|10040145
36363039|36363039
36363040|36363040
36363041|10053167
36363042|10002738
36363043|36363043
36363044|36363044
36363045|36363045
36363046|36363046
36363047|36363047
36363048|36363048
36363049|10011618
36363050|36363050
36363051|10005487
36363052|10011619
36363053|36363053
36363054|10011620
36363055|10014670
36363056|36363056
36363057|10041568
36363058|36363058
36363059|36363059
36363060|36363060
36363061|36363061
36363062|36363062
36363063|10011410
36363064|36363064
36363065|10011624
36363066|10050651
36363067|10050834
36363068|36363068
36363069|10062265
36363070|10064149
36363071|10067304
36363072|10008253
36363073|36363073
36363074|36363074
36363075|36363075
36363076|10011625
36363077|10011627
36363078|36363078
36363079|10062266
36363080|10067597
36363081|10011626
36363082|10011628
36363083|10029718
36363084|10061437
36363085|36363085
36363086|10063333
36363087|10063334
36363088|10063335
36363089|36363089
36363090|10016085
36363091|10016292
36363092|10042145
36363093|36363093
36363094|10042146
36363095|36363095
36363096|10042147
36363097|36363097
36363098|36363098
36363099|36363099
36363100|10056895
36363101|36363101
36363102|36363102
36363103|36363103
36363104|10009250
36363105|36363105
36363106|10027573
36363107|10028056
36363108|10028057
36363109|10046622
36363110|36363110
36363111|10046623
36363112|36363112
36363113|10046624
36363114|36363114
36363115|36363115
36363116|36363116
36363117|36363117
36363118|36363118
36363119|36363119
36363120|36363120
36363121|36363121
36363122|36363122
36363123|36363123
36363124|36363124
36363125|36363125
36363126|36363126
36363127|36363127
36363128|10050407
36363129|36363129
36363130|36363130
36363131|36363131
36363132|36363132
36363133|36363133
36363134|36363134
36363135|10011553
36363136|36363136
36363137|10011554
36363138|36363138
36363139|36363139
36363140|10064057
36363141|36363141
36363142|36363142
36363143|10059340
36363144|36363144
36363145|36363145
36363146|10025372
36363147|10028443
36363148|10028445
36363149|10051165
36363150|36363150
36363151|36363151
36363152|36363152
36363153|36363153
36363154|36363154
36363155|36363155
36363156|36363156
36363157|10019234
36363158|36363158
36363159|36363159
36363160|10062726
36363161|10029720
36363162|36363162
36363163|10065649
36363164|10066078
36363165|36363165
36363166|36363166
36363167|36363167
36363168|36363168
36363169|36363169
36363170|10060007
36363171|36363171
36363172|10060009
36363173|36363173
36363174|10060008
36363175|36363175
36363176|36363176
36363177|36363177
36363178|10063198
36363179|36363179
36363180|36363180
36363181|10063197
36363182|10063299
36363183|10063300
36363184|10059339
36363185|10059969
36363186|36363186
36363187|36363187
36363188|36363188
36363189|36363189
36363190|36363190
36363191|36363191
36363192|36363192
36363193|36363193
36363194|36363194
36363195|36363195
36363196|36363196
36363197|10060012
36363198|36363198
36363199|36363199
36363200|36363200
36363201|36363201
36363202|36363202
36363203|10047917
36363204|10060200
36363205|36363205
36363206|10060239
36363207|36363207
36363208|10060238
36363209|36363209
36363210|36363210
36363211|10050947
36363212|10050948
36363213|36363213
36363214|36363214
36363215|10058272
36363216|36363216
36363217|36363217
36363218|10053848
36363219|10053819
36363220|36363220
36363221|36363221
36363222|36363222
36363223|36363223
36363224|36363224
36363225|36363225
36363226|36363226
36363227|36363227
36363228|36363228
36363229|36363229
36363230|10053849
36363231|36363231
36363232|10060034
36363233|36363233
36363234|10049837
36363235|10049838
36363236|10049839
36363237|36363237
36363238|10049835
36363239|10049836
36363240|36363240
36363241|10049832
36363242|10049833
36363243|10049834
36363244|10011551
36363245|36363245
36363246|10011552
36363247|36363247
36363248|10011589
36363249|36363249
36363250|10011590
36363251|36363251
36363252|10050650
36363253|36363253
36363254|36363254
36363255|36363255
36363256|36363256
36363257|10062637
36363258|10062638
36363259|10050669
36363260|36363260
36363261|36363261
36363262|10050649
36363263|10051329
36363264|10057122
36363265|36363265
36363266|36363266
36363267|10050548
36363268|10050653
36363269|36363269
36363270|10009701
36363271|10051621
36363272|36363272
36363273|36363273
36363274|10056904
36363275|36363275
36363276|10056947
36363277|10050655
36363278|36363278
36363279|36363279
36363280|36363280
36363281|36363281
36363282|36363282
36363283|36363283
36363284|36363284
36363285|36363285
36363286|10064142
36363287|36363287
36363288|10053831
36363289|10059892
36363290|36363290
36363291|10053823
36363292|10055060
36363293|10056906
36363294|36363294
36363295|10056907
36363296|10050657
36363297|36363297
36363298|36363298
36363299|10067933
36363300|10064327
36363301|36363301
36363302|36363302
36363303|36363303
36363304|36363304
36363305|36363305
36363306|36363306
36363307|10033344
36363308|36363308
36363309|10058782
36363310|10002729
36363311|10011955
36363312|10033345
36363313|10033348
36363314|36363314
36363315|10058783
36363316|10020157
36363317|10033346
36363318|10033347
36363319|36363319
36363320|10058754
36363321|10020158
36363322|36363322
36363323|10058784
36363324|36363324
36363325|10058785
36363326|10033349
36363327|10037824
36363328|36363328
36363329|10058755
36363330|10002726
36363331|10020184
36363332|36363332
36363333|10020190
36363334|10020442
36363335|10033343
36363336|10047914
36363337|10060035
36363338|10016195
36363339|36363339
36363340|10020179
36363341|36363341
36363342|10060059
36363343|10002725
36363344|10003542
36363345|10020180
36363346|10020181
36363347|10020182
36363348|10020183
36363349|36363349
36363350|10020189
36363351|10020425
36363352|10025199
36363353|10029721
36363354|10036217
36363355|10036219
36363356|10060058
36363357|10063206
36363358|36363358
36363359|10067160
36363360|10067163
36363361|10067164
36363362|10067474
36363363|10064329
36363364|36363364
36363365|10049688
36363366|10058487
36363367|10064330
36363368|36363368
36363369|10049689
36363370|10058488
36363371|10064331
36363372|36363372
36363373|10019720
36363374|36363374
36363375|10019726
36363376|36363376
36363377|36363377
36363378|36363378
36363379|36363379
36363380|10053825
36363381|10058759
36363382|36363382
36363383|36363383
36363384|10019168
36363385|10050698
36363386|10052551
36363387|36363387
36363388|36363388
36363389|36363389
36363390|10054262
36363391|10054283
36363392|36363392
36363393|10062603
36363394|10068376
36363395|36363395
36363396|10062602
36363397|10068375
36363398|36363398
36363399|36363399
36363400|36363400
36363401|36363401
36363402|36363402
36363403|36363403
36363404|36363404
36363405|36363405
36363406|36363406
36363407|36363407
36363408|36363408
36363409|36363409
36363410|10050952
36363411|36363411
36363412|36363412
36363413|36363413
36363414|10065024
36363415|10019181
36363416|36363416
36363417|36363417
36363418|10002723
36363419|10003802
36363420|10019146
36363421|10019739
36363422|10019740
36363423|36363423
36363424|36363424
36363425|10019182
36363426|10019743
36363427|10052048
36363428|10052552
36363429|36363429
36363430|36363430
36363431|10066936
36363432|36363432
36363433|10068382
36363434|10067795
36363435|36363435
36363436|36363436
36363437|10068381
36363438|36363438
36363439|36363439
36363440|36363440
36363441|36363441
36363442|10002724
36363443|36363443
36363444|36363444
36363445|10065023
36363446|36363446
36363447|10019183
36363448|10019751
36363449|10019752
36363450|10052049
36363451|36363451
36363452|36363452
36363453|36363453
36363454|36363454
36363455|36363455
36363456|36363456
36363457|36363457
36363458|36363458
36363459|36363459
36363460|36363460
36363461|36363461
36363462|36363462
36363463|36363463
36363464|36363464
36363465|36363465
36363466|36363466
36363467|36363467
36363468|36363468
36363469|36363469
36363470|10050420
36363471|36363471
36363472|36363472
36363473|10050699
36363474|36363474
36363475|10058594
36363476|36363476
36363477|10058577
36363478|36363478
36363479|36363479
36363480|10060077
36363481|36363481
36363482|10060076
36363483|36363483
36363484|10058580
36363485|36363485
36363486|10058581
36363487|36363487
36363488|10058582
36363489|10058595
36363490|36363490
36363491|10059637
36363492|36363492
36363493|10063211
36363494|10063212
36363495|10063213
36363496|10063214
36363497|10063215
36363498|10063216
36363499|10059643
36363500|36363500
36363501|10059642
36363502|36363502
36363503|36363503
36363504|36363504
36363505|10039284
36363506|10039287
36363507|36363507
36363508|10061932
36363509|10005661
36363510|36363510
36363511|10027016
36363512|10039283
36363513|10039286
36363514|10005662
36363515|36363515
36363516|10027017
36363517|10039285
36363518|10039288
36363519|36363519
36363520|10034167
36363521|10034168
36363522|36363522
36363523|36363523
36363524|10052349
36363525|36363525
36363526|36363526
36363527|36363527
36363528|36363528
36363529|36363529
36363530|36363530
36363531|36363531
36363532|36363532
36363533|36363533
36363534|10062732
36363535|10068215
36363536|36363536
36363537|10068217
36363538|10068544
36363539|36363539
36363540|10068216
36363541|10068545
36363542|36363542
36363543|36363543
36363544|36363544
36363545|10063148
36363546|10063150
36363547|36363547
36363548|10063462
36363549|10063463
36363550|10064815
36363551|10064819
36363552|10039254
36363553|10039255
36363554|36363554
36363555|10039256
36363556|36363556
36363557|36363557
36363558|10039263
36363559|10039261
36363560|36363560
36363561|36363561
36363562|36363562
36363563|10056932
36363564|36363564
36363565|36363565
36363566|36363566
36363567|10067930
36363568|36363568
36363569|10063310
36363570|10063315
36363571|10063318
36363572|10050664
36363573|36363573
36363574|10049272
36363575|36363575
36363576|10049273
36363577|36363577
36363578|36363578
36363579|36363579
36363580|36363580
36363581|10047491
36363582|10059342
36363583|36363583
36363584|10047493
36363585|36363585
36363586|10047494
36363587|36363587
36363588|36363588
36363589|10047492
36363590|36363590
36363591|10056931
36363592|10056934
36363593|10056942
36363594|36363594
36363595|10050448
36363596|10050666
36363597|10050682
36363598|10050980
36363599|36363599
36363600|10052055
36363601|36363601
36363602|10050667
36363603|36363603
36363604|10050668
36363605|36363605
36363606|10058578
36363607|10058579
36363608|10058861
36363609|36363609
36363610|36363610
36363611|36363611
36363612|10047497
36363613|36363613
36363614|10047498
36363615|36363615
36363616|10063091
36363617|36363617
36363618|36363618
36363619|36363619
36363620|10060722
36363621|10067934
36363622|36363622
36363623|10068818
36363624|10063149
36363625|36363625
36363626|10068817
36363627|36363627
36363628|36363628
36363629|36363629
36363630|36363630
36363631|36363631
36363632|10066815
36363633|36363633
36363634|10051157
36363635|36363635
36363636|36363636
36363637|36363637
36363638|10066814
36363639|36363639
36363640|10053956
36363641|36363641
36363642|10053958
36363643|36363643
36363644|10053960
36363645|36363645
36363646|10053959
36363647|36363647
36363648|10053957
36363649|36363649
36363650|10050943
36363651|10050946
36363652|36363652
36363653|10050945
36363654|36363654
36363655|10050944
36363656|36363656
36363657|36363657
36363658|36363658
36363659|36363659
36363660|10062296
36363661|10062365
36363662|36363662
36363663|10062366
36363664|36363664
36363665|36363665
36363666|36363666
36363667|36363667
36363668|10006806
36363669|10006808
36363670|36363670
36363671|36363671
36363672|10003276
36363673|36363673
36363674|10003520
36363675|10023200
36363676|36363676
36363677|36363677
36363678|10000102
36363679|36363679
36363680|10000103
36363681|36363681
36363682|10000104
36363683|36363683
36363684|36363684
36363685|10004814
36363686|10005945
36363687|10031030
36363688|10031035
36363689|10053010
36363690|36363690
36363691|10005946
36363692|10031031
36363693|36363693
36363694|10005947
36363695|10031032
36363696|36363696
36363697|10007702
36363698|10028757
36363699|36363699
36363700|10007703
36363701|10028758
36363702|36363702
36363703|10007704
36363704|10028759
36363705|36363705
36363706|36363706
36363707|36363707
36363708|36363708
36363709|36363709
36363710|36363710
36363711|36363711
36363712|10028290
36363713|36363713
36363714|10028291
36363715|36363715
36363716|10028292
36363717|36363717
36363718|36363718
36363719|36363719
36363720|36363720
36363721|36363721
36363722|36363722
36363723|10068077
36363724|36363724
36363725|10058621
36363726|10058622
36363727|10058623
36363728|10058817
36363729|36363729
36363730|36363730
36363731|36363731
36363732|10050686
36363733|10050689
36363734|36363734
36363735|10057150
36363736|10057151
36363737|10057152
36363738|10063380
36363739|36363739
36363740|10003281
36363741|10003282
36363742|10003283
36363743|36363743
36363744|36363744
36363745|36363745
36363746|10003413
36363747|10003415
36363748|10036248
36363749|36363749
36363750|36363750
36363751|10029756
36363752|10050124
36363753|36363753
36363754|10064967
36363755|36363755
36363756|10005991
36363757|10006016
36363758|36363758
36363759|10059474
36363760|10050009
36363761|36363761
36363762|36363762
36363763|10006010
36363764|10039539
36363765|10039540
36363766|36363766
36363767|10039541
36363768|36363768
36363769|10053230
36363770|36363770
36363771|10057836
36363772|10057797
36363773|10057820
36363774|36363774
36363775|10057796
36363776|10057819
36363777|36363777
36363778|36363778
36363779|10016038
36363780|10017416
36363781|10039215
36363782|10048073
36363783|10048131
36363784|10048138
36363785|10048141
36363786|10048144
36363787|10048147
36363788|10048150
36363789|10048153
36363790|10048156
36363791|10048162
36363792|10048171
36363793|10048174
36363794|10048192
36363795|36363795
36363796|10016039
36363797|10017417
36363798|10030907
36363799|10039216
36363800|10048074
36363801|10048132
36363802|10048139
36363803|10048142
36363804|10048145
36363805|10048148
36363806|10048151
36363807|10048154
36363808|10048157
36363809|10048163
36363810|10048172
36363811|10048175
36363812|10048193
36363813|36363813
36363814|10016040
36363815|10017418
36363816|10030908
36363817|10039217
36363818|10048075
36363819|10048133
36363820|10048140
36363821|10048143
36363822|10048146
36363823|10048149
36363824|10048152
36363825|10048155
36363826|10048158
36363827|10048164
36363828|10048173
36363829|10048176
36363830|10048194
36363831|36363831
36363832|10048186
36363833|36363833
36363834|10048187
36363835|36363835
36363836|10048188
36363837|10019206
36363838|36363838
36363839|10048095
36363840|10048124
36363841|10048168
36363842|10064216
36363843|10019207
36363844|10029689
36363845|36363845
36363846|10048096
36363847|10048125
36363848|10048169
36363849|10019208
36363850|36363850
36363851|10048097
36363852|10048126
36363853|10048170
36363854|10039356
36363855|36363855
36363856|10041615
36363857|10048098
36363858|10048113
36363859|10048180
36363860|10063480
36363861|10039357
36363862|36363862
36363863|10041616
36363864|10048099
36363865|10048114
36363866|10048181
36363867|10039358
36363868|36363868
36363869|10041617
36363870|10048100
36363871|10048115
36363872|10048182
36363873|36363873
36363874|10024505
36363875|10024959
36363876|10024978
36363877|10046295
36363878|10046314
36363879|10048066
36363880|10048082
36363881|10048088
36363882|10048104
36363883|10048110
36363884|10048116
36363885|10048134
36363886|10048165
36363887|10048177
36363888|10048189
36363889|36363889
36363890|10024506
36363891|10024960
36363892|10024979
36363893|10046296
36363894|10046315
36363895|10048083
36363896|10048089
36363897|10048105
36363898|10048111
36363899|10048117
36363900|10048122
36363901|10048166
36363902|10048178
36363903|10048190
36363904|36363904
36363905|10024507
36363906|10024961
36363907|10024980
36363908|10046297
36363909|10046316
36363910|10048084
36363911|10048090
36363912|10048106
36363913|10048112
36363914|10048118
36363915|10048123
36363916|10048167
36363917|10048179
36363918|10048191
36363919|36363919
36363920|10020105
36363921|10034233
36363922|10034273
36363923|10048092
36363924|36363924
36363925|10056384
36363926|10020106
36363927|10034234
36363928|10034274
36363929|10048093
36363930|36363930
36363931|10056385
36363932|10020107
36363933|10034235
36363934|10034275
36363935|10048094
36363936|36363936
36363937|10056386
36363938|36363938
36363939|36363939
36363940|36363940
36363941|10005672
36363942|36363942
36363943|36363943
36363944|36363944
36363945|10028628
36363946|36363946
36363947|10028627
36363948|36363948
36363949|10046646
36363950|36363950
36363951|10063376
36363952|10063377
36363953|10063379
36363954|36363954
36363955|36363955
36363956|36363956
36363957|36363957
36363958|36363958
36363959|36363959
36363960|36363960
36363961|10057489
36363962|36363962
36363963|10057540
36363964|36363964
36363965|10057539
36363966|36363966
36363967|10003764
36363968|10003766
36363969|10003770
36363970|10003772
36363971|10004219
36363972|10008517
36363973|10010265
36363974|10014446
36363975|10041463
36363976|10047575
36363977|36363977
36363978|10003763
36363979|10003765
36363980|10003767
36363981|10003771
36363982|10003773
36363983|10004220
36363984|10008518
36363985|10010266
36363986|10014447
36363987|10029667
36363988|10041464
36363989|10047576
36363990|36363990
36363991|10003768
36363992|10003769
36363993|10003774
36363994|10003775
36363995|10004221
36363996|10008519
36363997|10010267
36363998|10014448
36363999|10041465
36364000|10047577
36364001|36364001
36364002|10014401
36364003|36364003
36364004|10014402
36364005|36364005
36364006|10014403
36364007|36364007
36364008|36364008
36364009|36364009
36364010|36364010
36364011|10039192
36364012|10039195
36364013|10039193
36364014|36364014
36364015|10008527
36364016|10038246
36364017|36364017
36364018|10038247
36364019|36364019
36364020|10066306
36364021|10038248
36364022|36364022
36364023|10007038
36364024|10009301
36364025|10017488
36364026|10019059
36364027|36364027
36364028|10007039
36364029|10009302
36364030|10017489
36364031|10019060
36364032|10029710
36364033|36364033
36364034|10007040
36364035|10009303
36364036|10017490
36364037|10019061
36364038|36364038
36364039|36364039
36364040|36364040
36364041|10047880
36364042|10047881
36364043|10047879
36364044|36364044
36364045|36364045
36364046|10004816
36364047|10006107
36364048|36364048
36364049|10006108
36364050|36364050
36364051|10006109
36364052|36364052
36364053|10041546
36364054|10041560
36364055|36364055
36364056|10041547
36364057|36364057
36364058|10041548
36364059|10003197
36364060|10003206
36364061|10008081
36364062|10008084
36364063|36364063
36364064|10003198
36364065|10008082
36364066|36364066
36364067|10003199
36364068|10008083
36364069|36364069
36364070|10006137
36364071|10039543
36364072|36364072
36364073|10006138
36364074|10039544
36364075|36364075
36364076|36364076
36364077|36364077
36364078|36364078
36364079|36364079
36364080|10054066
36364081|36364081
36364082|36364082
36364083|10029668
36364084|36364084
36364085|36364085
36364086|36364086
36364087|10054075
36364088|10056941
36364089|36364089
36364090|10054077
36364091|10056922
36364092|36364092
36364093|10054076
36364094|10056940
36364095|10006113
36364096|10006114
36364097|10006136
36364098|10011601
36364099|10039542
36364100|36364100
36364101|10062388
36364102|10008288
36364103|10024996
36364104|10028539
36364105|10028542
36364106|10028545
36364107|10041584
36364108|10043468
36364109|10044118
36364110|36364110
36364111|10057785
36364112|10057786
36364113|10057809
36364114|10057814
36364115|10028540
36364116|10028543
36364117|10028546
36364118|10041585
36364119|36364119
36364120|10057810
36364121|10057811
36364122|10057815
36364123|10057816
36364124|10028541
36364125|10028544
36364126|10028547
36364127|10041586
36364128|36364128
36364129|10057812
36364130|10057813
36364131|10057817
36364132|10057818
36364133|10011317
36364134|36364134
36364135|10045443
36364136|36364136
36364137|36364137
36364138|36364138
36364139|36364139
36364140|36364140
36364141|36364141
36364142|36364142
36364143|10008151
36364144|36364144
36364145|10011524
36364146|10008148
36364147|10008152
36364148|36364148
36364149|10011525
36364150|36364150
36364151|10007868
36364152|10007869
36364153|10007871
36364154|10008149
36364155|36364155
36364156|10007870
36364157|10008150
36364158|10008153
36364159|36364159
36364160|10011526
36364161|10008154
36364162|36364162
36364163|10014461
36364164|10008155
36364165|36364165
36364166|10014464
36364167|10008156
36364168|36364168
36364169|10014465
36364170|10008157
36364171|36364171
36364172|10008158
36364173|36364173
36364174|10008159
36364175|36364175
36364176|36364176
36364177|10068920
36364178|10008160
36364179|36364179
36364180|10008161
36364181|36364181
36364182|10008162
36364183|36364183
36364184|10018679
36364185|10018680
36364186|10008163
36364187|36364187
36364188|36364188
36364189|10064341
36364190|36364190
36364191|10064340
36364192|36364192
36364193|36364193
36364194|36364194
36364195|36364195
36364196|36364196
36364197|36364197
36364198|36364198
36364199|36364199
36364200|36364200
36364201|10008165
36364202|36364202
36364203|10008166
36364204|36364204
36364205|36364205
36364206|10025254
36364207|10025255
36364208|10008167
36364209|36364209
36364210|36364210
36364211|36364211
36364212|36364212
36364213|36364213
36364214|36364214
36364215|36364215
36364216|36364216
36364217|36364217
36364218|36364218
36364219|36364219
36364220|36364220
36364221|36364221
36364222|36364222
36364223|36364223
36364224|36364224
36364225|36364225
36364226|36364226
36364227|10029365
36364228|10008168
36364229|36364229
36364230|10008170
36364231|36364231
36364232|10011561
36364233|10030284
36364234|10008169
36364235|10011559
36364236|36364236
36364237|10030283
36364238|10030285
36364239|10008172
36364240|36364240
36364241|10008173
36364242|36364242
36364243|10008174
36364244|36364244
36364245|10008175
36364246|36364246
36364247|10008176
36364248|36364248
36364249|36364249
36364250|36364250
36364251|36364251
36364252|10068112
36364253|10011568
36364254|36364254
36364255|36364255
36364256|36364256
36364257|10011586
36364258|10036642
36364259|36364259
36364260|10008177
36364261|36364261
36364262|10060132
36364263|10008178
36364264|36364264
36364265|10060166
36364266|10008179
36364267|36364267
36364268|10060167
36364269|10008180
36364270|36364270
36364271|10060168
36364272|10008181
36364273|36364273
36364274|10060165
36364275|36364275
36364276|36364276
36364277|36364277
36364278|36364278
36364279|36364279
36364280|36364280
36364281|10008147
36364282|10011515
36364283|10011516
36364284|10011517
36364285|10029674
36364286|10041567
36364287|36364287
36364288|36364288
36364289|10008186
36364290|10011591
36364291|10011596
36364292|10047945
36364293|10056935
36364294|36364294
36364295|36364295
36364296|10056938
36364297|10047947
36364298|36364298
36364299|10056937
36364300|10008185
36364301|10008188
36364302|10011593
36364303|10011594
36364304|10011598
36364305|10047948
36364306|10047949
36364307|10056936
36364308|36364308
36364309|10008184
36364310|10008187
36364311|10011592
36364312|10011595
36364313|10011597
36364314|10047946
36364315|10047950
36364316|10056903
36364317|36364317
36364318|36364318
36364319|10038174
36364320|10038175
36364321|10056927
36364322|36364322
36364323|36364323
36364324|36364324
36364325|36364325
36364326|36364326
36364327|10033758
36364328|36364328
36364329|36364329
36364330|36364330
36364331|36364331
36364332|36364332
36364333|36364333
36364334|10003781
36364335|10004066
36364336|10006157
36364337|10015554
36364338|36364338
36364339|10003782
36364340|10006158
36364341|10015555
36364342|36364342
36364343|10003783
36364344|10006159
36364345|10015556
36364346|36364346
36364347|36364347
36364348|36364348
36364349|36364349
36364350|36364350
36364351|36364351
36364352|36364352
36364353|10017483
36364354|10029699
36364355|10032322
36364356|10045574
36364357|10017478
36364358|10017484
36364359|36364359
36364360|36364360
36364361|36364361
36364362|10014275
36364363|36364363
36364364|10000127
36364365|10000130
36364366|10001800
36364367|10001801
36364368|10013216
36364369|10014276
36364370|36364370
36364371|10029671
36364372|10039114
36364373|10047851
36364374|10066024
36364375|10066975
36364376|10066976
36364377|10014277
36364378|36364378
36364379|10029764
36364380|36364380
36364381|10014544
36364382|10053511
36364383|10000131
36364384|36364384
36364385|10014545
36364386|10028353
36364387|10029672
36364388|10053513
36364389|10068561
36364390|36364390
36364391|10014546
36364392|10029765
36364393|10053512
36364394|36364394
36364395|36364395
36364396|36364396
36364397|36364397
36364398|36364398
36364399|36364399
36364400|36364400
36364401|36364401
36364402|36364402
36364403|36364403
36364404|36364404
36364405|10065081
36364406|36364406
36364407|10065082
36364408|36364408
36364409|10065083
36364410|10024985
36364411|36364411
36364412|10050990
36364413|36364413
36364414|36364414
36364415|36364415
36364416|36364416
36364417|36364417
36364418|36364418
36364419|36364419
36364420|36364420
36364421|10027996
36364422|10040031
36364423|36364423
36364424|10027997
36364425|36364425
36364426|10040032
36364427|10027998
36364428|36364428
36364429|10040033
36364430|10027999
36364431|36364431
36364432|10029194
36364433|10040034
36364434|10028000
36364435|36364435
36364436|10029195
36364437|10029696
36364438|10040035
36364439|10028001
36364440|36364440
36364441|10029196
36364442|10040036
36364443|10001851
36364444|36364444
36364445|36364445
36364446|36364446
36364447|10017485
36364448|10029702
36364449|10032321
36364450|36364450
36364451|10017486
36364452|36364452
36364453|36364453
36364454|36364454
36364455|10039212
36364456|36364456
36364457|36364457
36364458|36364458
36364459|36364459
36364460|36364460
36364461|36364461
36364462|36364462
36364463|36364463
36364464|36364464
36364465|36364465
36364466|10064240
36364467|10064241
36364468|36364468
36364469|10064245
36364470|10064246
36364471|36364471
36364472|36364472
36364473|36364473
36364474|36364474
36364475|36364475
36364476|36364476
36364477|36364477
36364478|36364478
36364479|36364479
36364480|36364480
36364481|36364481
36364482|10058868
36364483|36364483
36364484|10058870
36364485|36364485
36364486|10058869
36364487|36364487
36364488|36364488
36364489|36364489
36364490|10015557
36364491|36364491
36364492|10015558
36364493|10029711
36364494|10047311
36364495|10047548
36364496|36364496
36364497|10015559
36364498|10047312
36364499|36364499
36364500|36364500
36364501|10016812
36364502|36364502
36364503|36364503
36364504|36364504
36364505|10010060
36364506|10014265
36364507|10020354
36364508|10023048
36364509|10055514
36364510|36364510
36364511|10010061
36364512|10014266
36364513|10020355
36364514|10023049
36364515|10055515
36364516|10010020
36364517|36364517
36364518|10010021
36364519|36364519
36364520|36364520
36364521|10010062
36364522|10014267
36364523|10020356
36364524|10023050
36364525|10055516
36364526|36364526
36364527|36364527
36364528|36364528
36364529|36364529
36364530|36364530
36364531|36364531
36364532|10011043
36364533|10038240
36364534|10058960
36364535|36364535
36364536|10041907
36364537|10041908
36364538|36364538
36364539|36364539
36364540|10014452
36364541|10014828
36364542|36364542
36364543|10014453
36364544|10014829
36364545|36364545
36364546|10014454
36364547|10014830
36364548|10014359
36364549|36364549
36364550|10014360
36364551|36364551
36364552|10029669
36364553|10014361
36364554|36364554
36364555|36364555
36364556|10022807
36364557|10056914
36364558|36364558
36364559|10021667
36364560|10022805
36364561|36364561
36364562|10022809
36364563|10030066
36364564|10036648
36364565|10037819
36364566|10043273
36364567|10048355
36364568|10056913
36364569|10022801
36364570|10059718
36364571|36364571
36364572|10022802
36364573|10022803
36364574|36364574
36364575|10022808
36364576|36364576
36364577|36364577
36364578|10025398
36364579|36364579
36364580|36364580
36364581|10021193
36364582|36364582
36364583|10021194
36364584|36364584
36364585|10029258
36364586|10021195
36364587|36364587
36364588|10029259
36364589|36364589
36364590|10029692
36364591|36364591
36364592|10030079
36364593|10030080
36364594|36364594
36364595|36364595
36364596|10030085
36364597|36364597
36364598|10030086
36364599|36364599
36364600|10030087
36364601|10030870
36364602|36364602
36364603|10030871
36364604|36364604
36364605|10030872
36364606|36364606
36364607|36364607
36364608|36364608
36364609|36364609
36364610|36364610
36364611|36364611
36364612|36364612
36364613|10024464
36364614|36364614
36364615|10042711
36364616|10024465
36364617|36364617
36364618|10037526
36364619|10037527
36364620|10037529
36364621|10042712
36364622|10024466
36364623|36364623
36364624|10042713
36364625|10017479
36364626|10017487
36364627|10029708
36364628|36364628
36364629|10017480
36364630|36364630
36364631|36364631
36364632|10050995
36364633|36364633
36364634|36364634
36364635|36364635
36364636|36364636
36364637|10041032
36364638|36364638
36364639|36364639
36364640|10011052
36364641|36364641
36364642|10011053
36364643|36364643
36364644|10011054
36364645|36364645
36364646|10045405
36364647|36364647
36364648|10045430
36364649|36364649
36364650|36364650
36364651|36364651
36364652|10019128
36364653|36364653
36364654|10047813
36364655|36364655
36364656|10047812
36364657|10019127
36364658|36364658
36364659|10019129
36364660|36364660
36364661|10047814
36364662|10047551
36364663|10047560
36364664|10047563
36364665|36364665
36364666|10047552
36364667|10047561
36364668|10047564
36364669|36364669
36364670|10047553
36364671|10047562
36364672|10047565
36364673|36364673
36364674|36364674
36364675|36364675
36364676|36364676
36364677|10011061
36364678|36364678
36364679|10011062
36364680|36364680
36364681|36364681
36364682|10010697
36364683|36364683
36364684|10010698
36364685|36364685
36364686|10010699
36364687|36364687
36364688|10010990
36364689|36364689
36364690|10010991
36364691|36364691
36364692|10010992
36364693|36364693
36364694|10038834
36364695|36364695
36364696|10038835
36364697|36364697
36364698|10038836
36364699|36364699
36364700|10039691
36364701|36364701
36364702|10039692
36364703|36364703
36364704|10039693
36364705|10017514
36364706|10017516
36364707|36364707
36364708|10017515
36364709|36364709
36364710|10017517
36364711|36364711
36364712|10029776
36364713|10030879
36364714|10038820
36364715|36364715
36364716|36364716
36364717|36364717
36364718|10002684
36364719|36364719
36364720|10047660
36364721|10052145
36364722|10052148
36364723|36364723
36364724|10052146
36364725|10052149
36364726|36364726
36364727|10052147
36364728|10052150
36364729|10050695
36364730|10053389
36364731|36364731
36364732|10052533
36364733|10056838
36364734|36364734
36364735|10056837
36364736|36364736
36364737|10059667
36364738|10004824
36364739|36364739
36364740|10024035
36364741|10034581
36364742|10042606
36364743|36364743
36364744|10034582
36364745|36364745
36364746|10034583
36364747|36364747
36364748|10065434
36364749|10067001
36364750|36364750
36364751|10067002
36364752|36364752
36364753|10067003
36364754|36364754
36364755|36364755
36364756|36364756
36364757|36364757
36364758|36364758
36364759|10050838
36364760|36364760
36364761|36364761
36364762|36364762
36364763|36364763
36364764|36364764
36364765|10062928
36364766|36364766
36364767|10062930
36364768|36364768
36364769|10062929
36364770|36364770
36364771|36364771
36364772|36364772
36364773|36364773
36364774|36364774
36364775|36364775
36364776|36364776
36364777|10052398
36364778|36364778
36364779|10040600
36364780|10041194
36364781|10041960
36364782|36364782
36364783|36364783
36364784|36364784
36364785|36364785
36364786|36364786
36364787|36364787
36364788|10005898
36364789|10005896
36364790|36364790
36364791|36364791
36364792|36364792
36364793|10005909
36364794|36364794
36364795|10043202
36364796|36364796
36364797|36364797
36364798|10043204
36364799|36364799
36364800|10000120
36364801|10000121
36364802|10006333
36364803|10013018
36364804|10038715
36364805|10060894
36364806|36364806
36364807|10066106
36364808|36364808
36364809|36364809
36364810|36364810
36364811|36364811
36364812|36364812
36364813|36364813
36364814|36364814
36364815|36364815
36364816|10053071
36364817|10053097
36364818|36364818
36364819|36364819
36364820|10056859
36364821|10065717
36364822|36364822
36364823|10056858
36364824|36364824
36364825|10067963
36364826|36364826
36364827|10067964
36364828|36364828
36364829|36364829
36364830|36364830
36364831|36364831
36364832|36364832
36364833|36364833
36364834|36364834
36364835|36364835
36364836|36364836
36364837|10018062
36364838|10029755
36364839|36364839
36364840|36364840
36364841|36364841
36364842|36364842
36364843|10062781
36364844|36364844
36364845|10062782
36364846|36364846
36364847|10062783
36364848|36364848
36364849|36364849
36364850|36364850
36364851|36364851
36364852|36364852
36364853|36364853
36364854|36364854
36364855|10060115
36364856|36364856
36364857|10060097
36364858|36364858
36364859|10060096
36364860|36364860
36364861|36364861
36364862|36364862
36364863|36364863
36364864|36364864
36364865|36364865
36364866|36364866
36364867|36364867
36364868|36364868
36364869|36364869
36364870|36364870
36364871|36364871
36364872|10029287
36364873|10029288
36364874|10029303
36364875|10029304
36364876|10050553
36364877|10050586
36364878|36364878
36364879|36364879
36364880|36364880
36364881|36364881
36364882|10015922
36364883|36364883
36364884|10051119
36364885|10054377
36364886|10056857
36364887|10066154
36364888|36364888
36364889|10056856
36364890|36364890
36364891|10056855
36364892|36364892
36364893|36364893
36364894|36364894
36364895|36364895
36364896|36364896
36364897|36364897
36364898|36364898
36364899|36364899
36364900|36364900
36364901|36364901
36364902|10063374
36364903|36364903
36364904|36364904
36364905|36364905
36364906|36364906
36364907|36364907
36364908|10050589
36364909|36364909
36364910|36364910
36364911|36364911
36364912|10050315
36364913|10034987
36364914|36364914
36364915|10034988
36364916|36364916
36364917|10050590
36364918|36364918
36364919|36364919
36364920|36364920
36364921|36364921
36364922|36364922
36364923|36364923
36364924|10058020
36364925|36364925
36364926|36364926
36364927|36364927
36364928|36364928
36364929|36364929
36364930|36364930
36364931|10006341
36364932|10006343
36364933|10038655
36364934|36364934
36364935|10038713
36364936|10006340
36364937|10038656
36364938|10038711
36364939|36364939
36364940|36364940
36364941|10056571
36364942|36364942
36364943|36364943
36364944|36364944
36364945|10068022
36364946|10068023
36364947|36364947
36364948|10053390
36364949|10053391
36364950|10053392
36364951|36364951
36364952|10056862
36364953|10056863
36364954|10056865
36364955|10063485
36364956|36364956
36364957|10056860
36364958|10056861
36364959|10056864
36364960|36364960
36364961|36364961
36364962|36364962
36364963|36364963
36364964|36364964
36364965|36364965
36364966|10066440
36364967|36364967
36364968|36364968
36364969|10024849
36364970|10024883
36364971|10024886
36364972|10047893
36364973|36364973
36364974|10047900
36364975|10048061
36364976|10056816
36364977|10047896
36364978|10047898
36364979|36364979
36364980|10048060
36364981|10056815
36364982|10063441
36364983|36364983
36364984|36364984
36364985|36364985
36364986|36364986
36364987|10002489
36364988|10002487
36364989|36364989
36364990|36364990
36364991|36364991
36364992|36364992
36364993|36364993
36364994|10002496
36364995|10002494
36364996|36364996
36364997|36364997
36364998|10060054
36364999|36364999
36365000|36365000
36365001|10060030
36365002|10060075
36365003|10060120
36365004|36365004
36365005|36365005
36365006|10060053
36365007|36365007
36365008|36365008
36365009|36365009
36365010|36365010
36365011|10038560
36365012|10062273
36365013|10005789
36365014|10005790
36365015|10005791
36365016|10038558
36365017|36365017
36365018|36365018
36365019|36365019
36365020|36365020
36365021|36365021
36365022|36365022
36365023|36365023
36365024|10000037
36365025|36365025
36365026|10001469
36365027|36365027
36365028|10001564
36365029|10001579
36365030|36365030
36365031|10001568
36365032|10001566
36365033|36365033
36365034|10000038
36365035|36365035
36365036|10001454
36365037|10001455
36365038|36365038
36365039|10001818
36365040|10001827
36365041|10039742
36365042|10060507
36365043|36365043
36365044|10001774
36365045|10001819
36365046|10001828
36365047|36365047
36365048|10001825
36365049|10001833
36365050|10001836
36365051|10056900
36365052|10060511
36365053|10060514
36365054|10001457
36365055|10001459
36365056|36365056
36365057|10001816
36365058|10001823
36365059|10001824
36365060|10001834
36365061|10001835
36365062|10060512
36365063|10001458
36365064|10001460
36365065|36365065
36365066|10001826
36365067|10001837
36365068|10001838
36365069|10060513
36365070|10060515
36365071|36365071
36365072|10001839
36365073|36365073
36365074|10001840
36365075|36365075
36365076|10001788
36365077|10001786
36365078|36365078
36365079|36365079
36365080|10001841
36365081|36365081
36365082|36365082
36365083|36365083
36365084|36365084
36365085|36365085
36365086|36365086
36365087|10001797
36365088|10001795
36365089|36365089
36365090|36365090
36365091|36365091
36365092|36365092
36365093|36365093
36365094|36365094
36365095|36365095
36365096|36365096
36365097|36365097
36365098|36365098
36365099|36365099
36365100|10001809
36365101|10001807
36365102|36365102
36365103|36365103
36365104|36365104
36365105|10001813
36365106|36365106
36365107|36365107
36365108|36365108
36365109|36365109
36365110|36365110
36365111|10060070
36365112|10060071
36365113|10060300
36365114|10060301
36365115|10060302
36365116|36365116
36365117|36365117
36365118|36365118
36365119|36365119
36365120|36365120
36365121|36365121
36365122|36365122
36365123|36365123
36365124|10050755
36365125|10004493
36365126|36365126
36365127|36365127
36365128|10004497
36365129|10004495
36365130|36365130
36365131|10040151
36365132|10040152
36365133|36365133
36365134|10004499
36365135|36365135
36365136|36365136
36365137|10004502
36365138|36365138
36365139|10046516
36365140|10046517
36365141|36365141
36365142|10004516
36365143|36365143
36365144|10004515
36365145|10004517
36365146|36365146
36365147|36365147
36365148|36365148
36365149|10004518
36365150|36365150
36365151|10001558
36365152|36365152
36365153|10035166
36365154|10040121
36365155|10001559
36365156|10001560
36365157|36365157
36365158|10035167
36365159|10040122
36365160|10001561
36365161|10001572
36365162|10001574
36365163|36365163
36365164|10035168
36365165|10040123
36365166|10001570
36365167|10001571
36365168|36365168
36365169|10035169
36365170|10040124
36365171|10001573
36365172|36365172
36365173|10035170
36365174|10040125
36365175|36365175
36365176|36365176
36365177|36365177
36365178|36365178
36365179|36365179
36365180|10063251
36365181|10064814
36365182|36365182
36365183|10062303
36365184|10063250
36365185|10064180
36365186|10064813
36365187|36365187
36365188|36365188
36365189|36365189
36365190|36365190
36365191|10006828
36365192|10006829
36365193|10067391
36365194|10067393
36365195|36365195
36365196|36365196
36365197|36365197
36365198|10006827
36365199|10006830
36365200|10011418
36365201|10011419
36365202|10067392
36365203|10067394
36365204|36365204
36365205|10006831
36365206|36365206
36365207|10007837
36365208|36365208
36365209|10008018
36365210|10008019
36365211|10008380
36365212|36365212
36365213|36365213
36365214|36365214
36365215|36365215
36365216|10008220
36365217|10008218
36365218|36365218
36365219|36365219
36365220|36365220
36365221|36365221
36365222|10014462
36365223|36365223
36365224|10014460
36365225|10014463
36365226|10014466
36365227|36365227
36365228|10005783
36365229|36365229
36365230|10040388
36365231|10041474
36365232|36365232
36365233|36365233
36365234|36365234
36365235|36365235
36365236|36365236
36365237|10064183
36365238|10064184
36365239|36365239
36365240|10064181
36365241|10064182
36365242|36365242
36365243|36365243
36365244|10018344
36365245|10018348
36365246|10056727
36365247|36365247
36365248|10018347
36365249|10018349
36365250|36365250
36365251|10018351
36365252|10056734
36365253|36365253
36365254|10064441
36365255|10064524
36365256|10064526
36365257|10064527
36365258|10064528
36365259|36365259
36365260|10068339
36365261|10068340
36365262|36365262
36365263|36365263
36365264|36365264
36365265|36365265
36365266|36365266
36365267|36365267
36365268|36365268
36365269|10060181
36365270|10060184
36365271|36365271
36365272|10060183
36365273|10060186
36365274|36365274
36365275|10060182
36365276|10060185
36365277|10064439
36365278|36365278
36365279|36365279
36365280|36365280
36365281|36365281
36365282|36365282
36365283|36365283
36365284|36365284
36365285|10064801
36365286|36365286
36365287|10005782
36365288|10035417
36365289|36365289
36365290|10040386
36365291|36365291
36365292|10036991
36365293|36365293
36365294|10036995
36365295|10036993
36365296|36365296
36365297|36365297
36365298|36365298
36365299|10056244
36365300|36365300
36365301|10056248
36365302|10036987
36365303|10037010
36365304|36365304
36365305|10060134
36365306|10036988
36365307|36365307
36365308|10037013
36365309|10060188
36365310|36365310
36365311|10037031
36365312|10040387
36365313|10040419
36365314|10044111
36365315|10037015
36365316|36365316
36365317|10040420
36365318|10044110
36365319|10037011
36365320|36365320
36365321|10044112
36365322|10060187
36365323|36365323
36365324|36365324
36365325|36365325
36365326|36365326
36365327|36365327
36365328|36365328
36365329|36365329
36365330|10067403
36365331|10067404
36365332|10067405
36365333|10067406
36365334|10043291
36365335|36365335
36365336|10000183
36365337|10043665
36365338|36365338
36365339|36365339
36365340|36365340
36365341|10043666
36365342|36365342
36365343|10057144
36365344|10057145
36365345|36365345
36365346|36365346
36365347|36365347
36365348|36365348
36365349|10059149
36365350|10059303
36365351|10059304
36365352|10059305
36365353|10059306
36365354|10059307
36365355|10059308
36365356|10059309
36365357|10060104
36365358|10060335
36365359|10060336
36365360|10060337
36365361|10062304
36365362|36365362
36365363|36365363
36365364|10014470
36365365|36365365
36365366|10063113
36365367|10063114
36365368|10063115
36365369|10063116
36365370|10014471
36365371|36365371
36365372|10048265
36365373|36365373
36365374|10048270
36365375|10048266
36365376|36365376
36365377|10048267
36365378|36365378
36365379|10048268
36365380|36365380
36365381|36365381
36365382|36365382
36365383|10011328
36365384|10035266
36365385|10040221
36365386|36365386
36365387|10011329
36365388|10011330
36365389|36365389
36365390|10011331
36365391|10011345
36365392|36365392
36365393|10011332
36365394|10011333
36365395|36365395
36365396|10011346
36365397|36365397
36365398|10011358
36365399|10035275
36365400|10040230
36365401|36365401
36365402|10011359
36365403|10035276
36365404|10040231
36365405|36365405
36365406|10011360
36365407|10011366
36365408|10011369
36365409|10035277
36365410|10038214
36365411|10040232
36365412|36365412
36365413|10011361
36365414|10011367
36365415|10011368
36365416|10011375
36365417|10021678
36365418|10035278
36365419|10037825
36365420|10040233
36365421|36365421
36365422|10011370
36365423|10035279
36365424|10040234
36365425|36365425
36365426|10005852
36365427|10006573
36365428|10035458
36365429|10040426
36365430|10046346
36365431|10059925
36365432|36365432
36365433|10005853
36365434|10006574
36365435|10035459
36365436|10040427
36365437|36365437
36365438|10005854
36365439|10006575
36365440|10016175
36365441|10029808
36365442|10035463
36365443|10040431
36365444|10046351
36365445|10046354
36365446|36365446
36365447|10005855
36365448|10006576
36365449|10021691
36365450|10029426
36365451|10029427
36365452|10029428
36365453|10029650
36365454|10029651
36365455|10029652
36365456|10029653
36365457|10029809
36365458|10035464
36365459|10037807
36365460|10040432
36365461|10046348
36365462|10046349
36365463|10046352
36365464|10046353
36365465|10046355
36365466|10046356
36365467|10057713
36365468|10057718
36365469|10057719
36365470|10057720
36365471|36365471
36365472|36365472
36365473|36365473
36365474|10005856
36365475|36365475
36365476|10006577
36365477|10035465
36365478|10040433
36365479|36365479
36365480|36365480
36365481|36365481
36365482|36365482
36365483|36365483
36365484|36365484
36365485|36365485
36365486|36365486
36365487|10011362
36365488|36365488
36365489|10009254
36365490|36365490
36365491|10009255
36365492|10011363
36365493|36365493
36365494|10011373
36365495|10061436
36365496|36365496
36365497|10061435
36365498|10011365
36365499|36365499
36365500|36365500
36365501|36365501
36365502|36365502
36365503|10053887
36365504|10054105
36365505|36365505
36365506|36365506
36365507|36365507
36365508|10018213
36365509|36365509
36365510|36365510
36365511|10018357
36365512|10018214
36365513|36365513
36365514|10018360
36365515|10018216
36365516|36365516
36365517|10018215
36365518|36365518
36365519|10022864
36365520|36365520
36365521|36365521
36365522|10022865
36365523|36365523
36365524|10022872
36365525|10022866
36365526|36365526
36365527|10022867
36365528|36365528
36365529|36365529
36365530|36365530
36365531|10034868
36365532|10034869
36365533|10037168
36365534|36365534
36365535|10051279
36365536|10034867
36365537|10037169
36365538|36365538
36365539|10034870
36365540|36365540
36365541|10051280
36365542|10050274
36365543|36365543
36365544|10009256
36365545|10017481
36365546|10024926
36365547|10029700
36365548|10038417
36365549|10038418
36365550|10038456
36365551|10050273
36365552|10061479
36365553|36365553
36365554|10050272
36365555|36365555
36365556|10009257
36365557|10046350
36365558|10046357
36365559|36365559
36365560|10046359
36365561|36365561
36365562|36365562
36365563|36365563
36365564|36365564
36365565|36365565
36365566|36365566
36365567|36365567
36365568|36365568
36365569|36365569
36365570|36365570
36365571|36365571
36365572|36365572
36365573|36365573
36365574|36365574
36365575|36365575
36365576|10047158
36365577|36365577
36365578|10047159
36365579|10047162
36365580|36365580
36365581|10047153
36365582|10047160
36365583|10047161
36365584|36365584
36365585|10057155
36365586|10001578
36365587|36365587
36365588|10057154
36365589|10001576
36365590|10001577
36365591|36365591
36365592|10057123
36365593|36365593
36365594|36365594
36365595|10005604
36365596|36365596
36365597|10046563
36365598|10052287
36365599|36365599
36365600|10031720
36365601|10050276
36365602|10050806
36365603|10046536
36365604|36365604
36365605|36365605
36365606|36365606
36365607|10057124
36365608|10057125
36365609|10057126
36365610|10058620
36365611|10059302
36365612|10063151
36365613|10063152
36365614|10063153
36365615|10063154
36365616|36365616
36365617|36365617
36365618|36365618
36365619|36365619
36365620|36365620
36365621|36365621
36365622|10046643
36365623|10018442
36365624|36365624
36365625|10018437
36365626|10018438
36365627|10018440
36365628|10018441
36365629|36365629
36365630|10042453
36365631|10042455
36365632|10042456
36365633|10046678
36365634|10046540
36365635|10055637
36365636|36365636
36365637|10059231
36365638|10018899
36365639|36365639
36365640|10019486
36365641|10055609
36365642|10018900
36365643|36365643
36365644|10019487
36365645|36365645
36365646|10059458
36365647|10059459
36365648|36365648
36365649|36365649
36365650|36365650
36365651|36365651
36365652|36365652
36365653|36365653
36365654|10063373
36365655|10029440
36365656|10037019
36365657|36365657
36365658|10037020
36365659|10046553
36365660|10046554
36365661|36365661
36365662|10057133
36365663|10037929
36365664|10046667
36365665|36365665
36365666|10038181
36365667|36365667
36365668|36365668
36365669|10046668
36365670|10046669
36365671|36365671
36365672|10046674
36365673|10041437
36365674|36365674
36365675|10046675
36365676|10046676
36365677|36365677
36365678|36365678
36365679|36365679
36365680|10046677
36365681|36365681
36365682|36365682
36365683|36365683
36365684|36365684
36365685|36365685
36365686|10046365
36365687|10057485
36365688|10046363
36365689|36365689
36365690|10057484
36365691|36365691
36365692|10007715
36365693|10007716
36365694|10007717
36365695|10007718
36365696|10007719
36365697|10007720
36365698|36365698
36365699|10050275
36365700|10050793
36365701|10050794
36365702|36365702
36365703|10067543
36365704|10067545
36365705|36365705
36365706|10067544
36365707|10067546
36365708|10064529
36365709|36365709
36365710|10065299
36365711|36365711
36365712|36365712
36365713|10064440
36365714|10050796
36365715|36365715
36365716|36365716
36365717|10049825
36365718|10050675
36365719|36365719
36365720|36365720
36365721|36365721
36365722|10046509
36365723|36365723
36365724|10046511
36365725|10046562
36365726|10046605
36365727|10046606
36365728|10046615
36365729|10046620
36365730|36365730
36365731|10064745
36365732|10069023
36365733|10027568
36365734|10028674
36365735|10029781
36365736|10046510
36365737|10046616
36365738|10046638
36365739|10046647
36365740|36365740
36365741|36365741
36365742|10050674
36365743|36365743
36365744|36365744
36365745|36365745
36365746|10064752
36365747|36365747
36365748|36365748
36365749|36365749
36365750|36365750
36365751|36365751
36365752|36365752
36365753|10050445
36365754|10057119
36365755|36365755
36365756|36365756
36365757|36365757
36365758|36365758
36365759|36365759
36365760|10051324
36365761|36365761
36365762|36365762
36365763|36365763
36365764|36365764
36365765|36365765
36365766|36365766
36365767|36365767
36365768|36365768
36365769|36365769
36365770|10046661
36365771|36365771
36365772|36365772
36365773|36365773
36365774|36365774
36365775|36365775
36365776|36365776
36365777|10041278
36365778|10046670
36365779|36365779
36365780|10041279
36365781|10041282
36365782|36365782
36365783|10041280
36365784|10041281
36365785|10046556
36365786|36365786
36365787|10041283
36365788|36365788
36365789|36365789
36365790|10050446
36365791|36365791
36365792|10046338
36365793|36365793
36365794|10046339
36365795|10046342
36365796|36365796
36365797|10046340
36365798|10046341
36365799|10046592
36365800|36365800
36365801|10046343
36365802|36365802
36365803|36365803
36365804|36365804
36365805|36365805
36365806|10046679
36365807|36365807
36365808|36365808
36365809|36365809
36365810|10047966
36365811|10046684
36365812|10046685
36365813|10047964
36365814|36365814
36365815|36365815
36365816|10046655
36365817|36365817
36365818|36365818
36365819|10034796
36365820|10046656
36365821|10034794
36365822|36365822
36365823|10046657
36365824|36365824
36365825|36365825
36365826|36365826
36365827|36365827
36365828|36365828
36365829|36365829
36365830|36365830
36365831|36365831
36365832|10059465
36365833|36365833
36365834|10060305
36365835|10064141
36365836|10011960
36365837|10046551
36365838|10046595
36365839|10046681
36365840|10046682
36365841|10047694
36365842|36365842
36365843|10060341
36365844|10046683
36365845|36365845
36365846|10060340
36365847|36365847
36365848|10052719
36365849|36365849
36365850|10004811
36365851|10004997
36365852|36365852
36365853|10004812
36365854|10004998
36365855|36365855
36365856|10004813
36365857|10004999
36365858|36365858
36365859|10023398
36365860|10038382
36365861|10045420
36365862|36365862
36365863|10038383
36365864|36365864
36365865|10038384
36365866|36365866
36365867|10046417
36365868|10046426
36365869|36365869
36365870|10046427
36365871|36365871
36365872|10046428
36365873|36365873
36365874|36365874
36365875|36365875
36365876|36365876
36365877|10003207
36365878|10038369
36365879|36365879
36365880|10038370
36365881|36365881
36365882|10038371
36365883|10054005
36365884|36365884
36365885|36365885
36365886|10054085
36365887|36365887
36365888|10011807
36365889|10011808
36365890|10038966
36365891|10038972
36365892|10059301
36365893|10067019
36365894|36365894
36365895|10011809
36365896|36365896
36365897|10011810
36365898|36365898
36365899|10011818
36365900|36365900
36365901|36365901
36365902|36365902
36365903|36365903
36365904|10038968
36365905|36365905
36365906|10038969
36365907|36365907
36365908|10038970
36365909|36365909
36365910|36365910
36365911|36365911
36365912|36365912
36365913|10038521
36365914|10039555
36365915|10064626
36365916|10038522
36365917|10039556
36365918|36365918
36365919|10038523
36365920|10039557
36365921|36365921
36365922|10012696
36365923|36365923
36365924|10066108
36365925|36365925
36365926|36365926
36365927|36365927
36365928|10045424
36365929|10064202
36365930|36365930
36365931|10045425
36365932|10064204
36365933|36365933
36365934|10045426
36365935|10064203
36365936|10012698
36365937|36365937
36365938|36365938
36365939|36365939
36365940|36365940
36365941|10023493
36365942|36365942
36365943|10046559
36365944|10048107
36365945|10048130
36365946|10046560
36365947|10048108
36365948|36365948
36365949|10046561
36365950|10048109
36365951|36365951
36365952|10015630
36365953|10022832
36365954|10022835
36365955|10022836
36365956|10023105
36365957|10023111
36365958|10037587
36365959|10037589
36365960|10063798
36365961|10063801
36365962|36365962
36365963|10015631
36365964|10022833
36365965|10022837
36365966|10023106
36365967|10023112
36365968|10029684
36365969|10037588
36365970|10037590
36365971|10063799
36365972|36365972
36365973|10015632
36365974|10022834
36365975|10022838
36365976|10023107
36365977|10023113
36365978|10037591
36365979|10037592
36365980|10063800
36365981|36365981
36365982|10038549
36365983|36365983
36365984|10047215
36365985|10038550
36365986|36365986
36365987|10038551
36365988|36365988
36365989|36365989
36365990|36365990
36365991|10016469
36365992|10016472
36365993|36365993
36365994|10021932
36365995|10043373
36365996|10021933
36365997|36365997
36365998|10021934
36365999|36365999
36366000|36366000
36366001|36366001
36366002|36366002
36366003|10038177
36366004|10038178
36366005|36366005
36366006|10056928
36366007|36366007
36366008|10029677
36366009|10039929
36366010|36366010
36366011|10039930
36366012|36366012
36366013|36366013
36366014|10039932
36366015|36366015
36366016|36366016
36366017|36366017
36366018|36366018
36366019|36366019
36366020|10039937
36366021|36366021
36366022|36366022
36366023|10039941
36366024|10039939
36366025|36366025
36366026|36366026
36366027|36366027
36366028|36366028
36366029|10039947
36366030|10039945
36366031|36366031
36366032|36366032
36366033|36366033
36366034|36366034
36366035|10029777
36366036|36366036
36366037|36366037
36366038|10029828
36366039|36366039
36366040|36366040
36366041|36366041
36366042|36366042
36366043|10041475
36366044|36366044
36366045|10041500
36366046|10000179
36366047|10013270
36366048|10041485
36366049|36366049
36366050|10041499
36366051|36366051
36366052|36366052
36366053|36366053
36366054|10027785
36366055|10027989
36366056|10041487
36366057|36366057
36366058|10041505
36366059|10041488
36366060|36366060
36366061|10041489
36366062|36366062
36366063|36366063
36366064|10047952
36366065|36366065
36366066|10047951
36366067|10047957
36366068|10047958
36366069|36366069
36366070|10056933
36366071|36366071
36366072|10034785
36366073|36366073
36366074|36366074
36366075|10034789
36366076|10034787
36366077|36366077
36366078|36366078
36366079|36366079
36366080|36366080
36366081|10014995
36366082|36366082
36366083|36366083
36366084|10003521
36366085|36366085
36366086|10041491
36366087|36366087
36366088|36366088
36366089|36366089
36366090|10004817
36366091|10006180
36366092|10006185
36366093|10006267
36366094|10006273
36366095|10042003
36366096|36366096
36366097|10006181
36366098|36366098
36366099|10006182
36366100|36366100
36366101|10008228
36366102|10008251
36366103|10008339
36366104|10010296
36366105|10037506
36366106|36366106
36366107|10008340
36366108|36366108
36366109|10008341
36366110|10004756
36366111|36366111
36366112|10004757
36366113|36366113
36366114|10004758
36366115|36366115
36366116|36366116
36366117|10014729
36366118|36366118
36366119|10014730
36366120|36366120
36366121|10014731
36366122|36366122
36366123|10014991
36366124|36366124
36366125|10014992
36366126|36366126
36366127|10014993
36366128|36366128
36366129|36366129
36366130|36366130
36366131|36366131
36366132|10033124
36366133|10033284
36366134|36366134
36366135|10033125
36366136|36366136
36366137|10033126
36366138|36366138
36366139|10034295
36366140|36366140
36366141|10034296
36366142|36366142
36366143|10034297
36366144|36366144
36366145|10004825
36366146|36366146
36366147|10036942
36366148|10057633
36366149|10004719
36366150|10036943
36366151|36366151
36366152|36366152
36366153|10036944
36366154|36366154
36366155|36366155
36366156|36366156
36366157|36366157
36366158|10043292
36366159|10043299
36366160|36366160
36366161|10043300
36366162|36366162
36366163|10043301
36366164|10051509
36366165|36366165
36366166|36366166
36366167|36366167
36366168|36366168
36366169|10046870
36366170|10046880
36366171|36366171
36366172|10046881
36366173|36366173
36366174|10046882
36366175|36366175
36366176|10047725
36366177|10047737
36366178|36366178
36366179|10047738
36366180|36366180
36366181|10047739
36366182|10008255
36366183|10008304
36366184|10008360
36366185|10020090
36366186|10033690
36366187|36366187
36366188|10067188
36366189|10008308
36366190|10008310
36366191|10029693
36366192|10033691
36366193|10033693
36366194|10033694
36366195|36366195
36366196|10050491
36366197|10065364
36366198|10065958
36366199|10067187
36366200|10068769
36366201|10008305
36366202|10008309
36366203|10033692
36366204|36366204
36366205|10050490
36366206|10065691
36366207|10065692
36366208|10067189
36366209|36366209
36366210|36366210
36366211|10065920
36366212|36366212
36366213|36366213
36366214|36366214
36366215|36366215
36366216|36366216
36366217|10016538
36366218|10060444
36366219|36366219
36366220|36366220
36366221|36366221
36366222|10063466
36366223|36366223
36366224|36366224
36366225|36366225
36366226|10048076
36366227|10048119
36366228|10048127
36366229|36366229
36366230|10048077
36366231|10048120
36366232|10048128
36366233|36366233
36366234|10048078
36366235|10048121
36366236|10048129
36366237|36366237
36366238|36366238
36366239|36366239
36366240|10021170
36366241|10039914
36366242|36366242
36366243|36366243
36366244|36366244
36366245|10060778
36366246|10006318
36366247|10006321
36366248|10012992
36366249|10016677
36366250|36366250
36366251|10041300
36366252|10006319
36366253|36366253
36366254|10029682
36366255|10041301
36366256|10065307
36366257|10006320
36366258|36366258
36366259|10041302
36366260|36366260
36366261|36366261
36366262|36366262
36366263|36366263
36366264|36366264
36366265|10052600
36366266|36366266
36366267|10052605
36366268|36366268
36366269|10039471
36366270|36366270
36366271|10039472
36366272|36366272
36366273|10039473
36366274|10039570
36366275|36366275
36366276|10039571
36366277|36366277
36366278|10039572
36366279|36366279
36366280|36366280
36366281|36366281
36366282|36366282
36366283|36366283
36366284|36366284
36366285|36366285
36366286|36366286
36366287|36366287
36366288|10012699
36366289|36366289
36366290|10048579
36366291|36366291
36366292|36366292
36366293|10014825
36366294|36366294
36366295|10052603
36366296|36366296
36366297|10063139
36366298|10044446
36366299|36366299
36366300|36366300
36366301|36366301
36366302|36366302
36366303|36366303
36366304|10065522
36366305|36366305
36366306|36366306
36366307|36366307
36366308|36366308
36366309|36366309
36366310|36366310
36366311|36366311
36366312|36366312
36366313|36366313
36366314|36366314
36366315|36366315
36366316|36366316
36366317|36366317
36366318|36366318
36366319|10015701
36366320|10015699
36366321|36366321
36366322|36366322
36366323|10016547
36366324|10016548
36366325|36366325
36366326|10016549
36366327|10016554
36366328|36366328
36366329|10016986
36366330|10016550
36366331|10016553
36366332|10016555
36366333|36366333
36366334|10016988
36366335|10016551
36366336|10016552
36366337|10016556
36366338|36366338
36366339|10016557
36366340|36366340
36366341|10017333
36366342|36366342
36366343|10038619
36366344|10017334
36366345|36366345
36366346|10017506
36366347|10038620
36366348|10017335
36366349|36366349
36366350|10017509
36366351|10038621
36366352|10038624
36366353|10017336
36366354|36366354
36366355|10038622
36366356|10038623
36366357|10017337
36366358|36366358
36366359|10038625
36366360|36366360
36366361|36366361
36366362|10022447
36366363|36366363
36366364|10022451
36366365|10022449
36366366|36366366
36366367|36366367
36366368|36366368
36366369|10026966
36366370|10026968
36366371|10028406
36366372|36366372
36366373|10026960
36366374|10026967
36366375|10028407
36366376|36366376
36366377|10026964
36366378|10028408
36366379|10026962
36366380|36366380
36366381|10028409
36366382|36366382
36366383|10028410
36366384|36366384
36366385|10034198
36366386|10034223
36366387|10034767
36366388|36366388
36366389|10034194
36366390|10034199
36366391|10034224
36366392|10034768
36366393|36366393
36366394|10034200
36366395|10034225
36366396|10034769
36366397|36366397
36366398|10034201
36366399|10034226
36366400|10034770
36366401|36366401
36366402|10034227
36366403|10034771
36366404|36366404
36366405|10053719
36366406|10053722
36366407|10053725
36366408|10053728
36366409|10053731
36366410|10053734
36366411|10053735
36366412|10053738
36366413|36366413
36366414|10053721
36366415|10053724
36366416|10053727
36366417|10053730
36366418|10053733
36366419|10053737
36366420|10053740
36366421|36366421
36366422|10053720
36366423|10053723
36366424|10053726
36366425|10053729
36366426|10053732
36366427|10053736
36366428|10053739
36366429|10025091
36366430|10025096
36366431|10025099
36366432|36366432
36366433|10017491
36366434|10025092
36366435|10025097
36366436|10029703
36366437|10037387
36366438|36366438
36366439|10017477
36366440|10025093
36366441|10025094
36366442|10037388
36366443|10037389
36366444|36366444
36366445|36366445
36366446|10025095
36366447|10025098
36366448|10037390
36366449|36366449
36366450|36366450
36366451|36366451
36366452|36366452
36366453|36366453
36366454|36366454
36366455|36366455
36366456|10043896
36366457|36366457
36366458|10043897
36366459|36366459
36366460|10044099
36366461|10043898
36366462|36366462
36366463|10044101
36366464|36366464
36366465|10043899
36366466|36366466
36366467|10047169
36366468|36366468
36366469|10047170
36366470|36366470
36366471|10047581
36366472|10034373
36366473|10047171
36366474|36366474
36366475|10047172
36366476|36366476
36366477|36366477
36366478|36366478
36366479|10035587
36366480|10035593
36366481|10043462
36366482|36366482
36366483|36366483
36366484|36366484
36366485|10044281
36366486|10050801
36366487|10050802
36366488|10050803
36366489|36366489
36366490|36366490
36366491|36366491
36366492|10006413
36366493|10006416
36366494|10006488
36366495|36366495
36366496|10006414
36366497|36366497
36366498|10006415
36366499|36366499
36366500|36366500
36366501|36366501
36366502|36366502
36366503|10023822
36366504|36366504
36366505|10023823
36366506|36366506
36366507|10023824
36366508|36366508
36366509|10004821
36366510|10025040
36366511|10030671
36366512|10043485
36366513|10044348
36366514|10044444
36366515|10047406
36366516|10068491
36366517|36366517
36366518|10025041
36366519|36366519
36366520|10025042
36366521|36366521
36366522|10034808
36366523|10034848
36366524|36366524
36366525|10034809
36366526|36366526
36366527|10034810
36366528|36366528
36366529|10009643
36366530|10030677
36366531|10035580
36366532|10035589
36366533|10043489
36366534|10047407
36366535|36366535
36366536|10035590
36366537|36366537
36366538|10035591
36366539|36366539
36366540|36366540
36366541|10044282
36366542|10052982
36366543|36366543
36366544|10044283
36366545|10058388
36366546|36366546
36366547|10044284
36366548|10058413
36366549|36366549
36366550|36366550
36366551|36366551
36366552|10006444
36366553|36366553
36366554|36366554
36366555|36366555
36366556|36366556
36366557|36366557
36366558|36366558
36366559|36366559
36366560|36366560
36366561|36366561
36366562|36366562
36366563|36366563
36366564|36366564
36366565|10000180
36366566|10041803
36366567|10041805
36366568|10059262
36366569|36366569
36366570|10062305
36366571|10059265
36366572|36366572
36366573|10050708
36366574|36366574
36366575|36366575
36366576|10053974
36366577|36366577
36366578|36366578
36366579|10037318
36366580|36366580
36366581|10037319
36366582|36366582
36366583|10037320
36366584|36366584
36366585|10006468
36366586|36366586
36366587|36366587
36366588|36366588
36366589|36366589
36366590|36366590
36366591|36366591
36366592|10011697
36366593|10043493
36366594|10048070
36366595|36366595
36366596|10011698
36366597|10029685
36366598|10029687
36366599|10037416
36366600|10048071
36366601|10058650
36366602|36366602
36366603|10011699
36366604|10048072
36366605|36366605
36366606|10057824
36366607|10057825
36366608|36366608
36366609|10057828
36366610|10057829
36366611|36366611
36366612|10057832
36366613|10057833
36366614|36366614
36366615|36366615
36366616|36366616
36366617|36366617
36366618|10043490
36366619|36366619
36366620|36366620
36366621|36366621
36366622|36366622
36366623|36366623
36366624|36366624
36366625|36366625
36366626|36366626
36366627|36366627
36366628|36366628
36366629|36366629
36366630|36366630
36366631|10025118
36366632|10046858
36366633|36366633
36366634|10047719
36366635|36366635
36366636|36366636
36366637|10004827
36366638|36366638
36366639|10015750
36366640|10016047
36366641|10040803
36366642|10040883
36366643|36366643
36366644|10015751
36366645|10016048
36366646|10040804
36366647|36366647
36366648|10015752
36366649|10016049
36366650|10040805
36366651|10000398
36366652|10033762
36366653|10039372
36366654|36366654
36366655|10002187
36366656|36366656
36366657|10002188
36366658|10002191
36366659|36366659
36366660|10000399
36366661|10002189
36366662|10033763
36366663|10039373
36366664|36366664
36366665|10000400
36366666|10000401
36366667|10002190
36366668|10033764
36366669|10039374
36366670|10039375
36366671|36366671
36366672|10000402
36366673|10002192
36366674|10033765
36366675|10039377
36366676|36366676
36366677|10050974
36366678|36366678
36366679|10006430
36366680|10006433
36366681|36366681
36366682|10006431
36366683|10006432
36366684|10006434
36366685|36366685
36366686|10006435
36366687|36366687
36366688|36366688
36366689|10002731
36366690|10002734
36366691|36366691
36366692|10002732
36366693|10002733
36366694|10002735
36366695|36366695
36366696|10002736
36366697|36366697
36366698|36366698
36366699|36366699
36366700|36366700
36366701|36366701
36366702|36366702
36366703|36366703
36366704|36366704
36366705|10057274
36366706|10048825
36366707|10048826
36366708|36366708
36366709|36366709
36366710|36366710
36366711|36366711
36366712|10057275
36366713|10050936
36366714|36366714
36366715|36366715
36366716|36366716
36366717|36366717
36366718|10060344
36366719|10002762
36366720|36366720
36366721|10002763
36366722|10002766
36366723|36366723
36366724|10002764
36366725|36366725
36366726|10002765
36366727|36366727
36366728|10002767
36366729|36366729
36366730|36366730
36366731|10062752
36366732|36366732
36366733|10063584
36366734|36366734
36366735|10062753
36366736|36366736
36366737|10063687
36366738|36366738
36366739|36366739
36366740|36366740
36366741|36366741
36366742|36366742
36366743|10006068
36366744|10006069
36366745|10006394
36366746|10035203
36366747|10040163
36366748|36366748
36366749|10006395
36366750|10035204
36366751|10040164
36366752|36366752
36366753|10006396
36366754|10006400
36366755|36366755
36366756|10006397
36366757|10006398
36366758|10035205
36366759|10040165
36366760|36366760
36366761|10006401
36366762|10035206
36366763|10040166
36366764|10050645
36366765|10059785
36366766|10059786
36366767|36366767
36366768|10007619
36366769|36366769
36366770|10007620
36366771|10007623
36366772|36366772
36366773|10007621
36366774|36366774
36366775|10050848
36366776|10007622
36366777|36366777
36366778|10050847
36366779|10007624
36366780|36366780
36366781|10050647
36366782|36366782
36366783|10008436
36366784|36366784
36366785|10008437
36366786|10008440
36366787|36366787
36366788|10008438
36366789|36366789
36366790|10008439
36366791|36366791
36366792|10008441
36366793|36366793
36366794|36366794
36366795|36366795
36366796|36366796
36366797|36366797
36366798|36366798
36366799|10050827
36366800|10053349
36366801|36366801
36366802|10013723
36366803|10013726
36366804|36366804
36366805|10013724
36366806|10013727
36366807|10013730
36366808|10013734
36366809|36366809
36366810|10013715
36366811|10013716
36366812|36366812
36366813|10013725
36366814|10063753
36366815|10063754
36366816|10011959
36366817|36366817
36366818|10013719
36366819|10013720
36366820|10013728
36366821|10013732
36366822|10024912
36366823|10049123
36366824|36366824
36366825|10013721
36366826|36366826
36366827|10013729
36366828|10013733
36366829|10037810
36366830|10037811
36366831|10037812
36366832|10013731
36366833|36366833
36366834|36366834
36366835|10002742
36366836|10012552
36366837|36366837
36366838|10013765
36366839|10019100
36366840|36366840
36366841|36366841
36366842|36366842
36366843|10050978
36366844|36366844
36366845|10052029
36366846|36366846
36366847|10052030
36366848|36366848
36366849|36366849
36366850|36366850
36366851|36366851
36366852|36366852
36366853|10061710
36366854|36366854
36366855|10002008
36366856|10005325
36366857|10062895
36366858|36366858
36366859|10002005
36366860|10002006
36366861|10002007
36366862|10005323
36366863|10005324
36366864|10061702
36366865|10061703
36366866|36366866
36366867|10061711
36366868|36366868
36366869|10004109
36366870|10005347
36366871|10062896
36366872|36366872
36366873|10004106
36366874|10004107
36366875|10004108
36366876|10005345
36366877|10005346
36366878|10061704
36366879|10061705
36366880|36366880
36366881|36366881
36366882|36366882
36366883|10001602
36366884|10005291
36366885|36366885
36366886|10001583
36366887|10001603
36366888|10005290
36366889|10015593
36366890|10051857
36366891|36366891
36366892|10001604
36366893|10005292
36366894|36366894
36366895|10001864
36366896|10001869
36366897|36366897
36366898|10035180
36366899|10040136
36366900|10063503
36366901|10063514
36366902|10063515
36366903|10001865
36366904|10001870
36366905|36366905
36366906|10063504
36366907|10001866
36366908|10001872
36366909|36366909
36366910|10063506
36366911|10063507
36366912|10063508
36366913|10001867
36366914|10001871
36366915|36366915
36366916|10063505
36366917|10063509
36366918|10063510
36366919|10001868
36366920|36366920
36366921|10063511
36366922|10063517
36366923|10002800
36366924|36366924
36366925|10002801
36366926|10002804
36366927|36366927
36366928|10002802
36366929|10002803
36366930|36366930
36366931|10002805
36366932|36366932
36366933|10003134
36366934|10003135
36366935|10003136
36366936|36366936
36366937|10003137
36366938|10003138
36366939|36366939
36366940|10004486
36366941|36366941
36366942|10004487
36366943|10004490
36366944|36366944
36366945|10004488
36366946|10004489
36366947|36366947
36366948|10004491
36366949|36366949
36366950|36366950
36366951|10006897
36366952|36366952
36366953|10006898
36366954|10006901
36366955|36366955
36366956|10006899
36366957|10006900
36366958|36366958
36366959|10006902
36366960|36366960
36366961|10006927
36366962|36366962
36366963|10006928
36366964|36366964
36366965|10006929
36366966|10006930
36366967|36366967
36366968|10006931
36366969|10051593
36366970|10051623
36366971|36366971
36366972|10005398
36366973|10007167
36366974|36366974
36366975|10005399
36366976|10007168
36366977|10007169
36366978|36366978
36366979|10005400
36366980|10007170
36366981|36366981
36366982|36366982
36366983|10007235
36366984|10009721
36366985|36366985
36366986|36366986
36366987|10007236
36366988|36366988
36366989|36366989
36366990|10007237
36366991|10005277
36366992|10005511
36366993|36366993
36366994|36366994
36366995|10015527
36366996|36366996
36366997|10015528
36366998|36366998
36366999|10015529
36367000|10015530
36367001|36367001
36367002|10015531
36367003|36367003
36367004|36367004
36367005|10005576
36367006|10019355
36367007|36367007
36367008|10005577
36367009|10019356
36367010|10019357
36367011|36367011
36367012|10005578
36367013|10019358
36367014|36367014
36367015|36367015
36367016|36367016
36367017|10023069
36367018|36367018
36367019|10023070
36367020|36367020
36367021|10023071
36367022|10023072
36367023|36367023
36367024|10023073
36367025|36367025
36367026|10024075
36367027|10034174
36367028|10034175
36367029|10035350
36367030|10040323
36367031|36367031
36367032|10035351
36367033|10040324
36367034|36367034
36367035|10024076
36367036|10035352
36367037|10040325
36367038|36367038
36367039|10024077
36367040|10024078
36367041|10035353
36367042|10040326
36367043|36367043
36367044|10024080
36367045|10024081
36367046|10035354
36367047|10040327
36367048|36367048
36367049|36367049
36367050|36367050
36367051|36367051
36367052|10027501
36367053|36367053
36367054|10027502
36367055|36367055
36367056|10027503
36367057|10027504
36367058|36367058
36367059|10027505
36367060|36367060
36367061|36367061
36367062|36367062
36367063|36367063
36367064|10055580
36367065|36367065
36367066|10055582
36367067|10007240
36367068|10007242
36367069|36367069
36367070|10055581
36367071|10055583
36367072|10055584
36367073|10007244
36367074|36367074
36367075|10055585
36367076|10055586
36367077|36367077
36367078|10063481
36367079|36367079
36367080|36367080
36367081|10051106
36367082|10051108
36367083|36367083
36367084|10051105
36367085|10051107
36367086|36367086
36367087|10064169
36367088|36367088
36367089|10059783
36367090|10060006
36367091|10060017
36367092|10060074
36367093|10060218
36367094|10060304
36367095|36367095
36367096|10059765
36367097|10060003
36367098|10060005
36367099|10060113
36367100|10060291
36367101|10060338
36367102|36367102
36367103|10059764
36367104|10060002
36367105|10060004
36367106|10060112
36367107|10060290
36367108|10060339
36367109|36367109
36367110|36367110
36367111|10024085
36367112|10024087
36367113|36367113
36367114|10024089
36367115|36367115
36367116|10005657
36367117|36367117
36367118|10005658
36367119|36367119
36367120|10026747
36367121|10005659
36367122|10026745
36367123|36367123
36367124|10005660
36367125|36367125
36367126|10059688
36367127|36367127
36367128|10005692
36367129|10030886
36367130|10061723
36367131|36367131
36367132|10005690
36367133|10005691
36367134|10030883
36367135|10030884
36367136|10030885
36367137|10061721
36367138|10061722
36367139|36367139
36367140|36367140
36367141|36367141
36367142|36367142
36367143|36367143
36367144|36367144
36367145|10055631
36367146|10042484
36367147|10042486
36367148|36367148
36367149|10055630
36367150|10055632
36367151|10055633
36367152|10042488
36367153|36367153
36367154|10055634
36367155|10055635
36367156|10050654
36367157|36367157
36367158|10029709
36367159|10044262
36367160|36367160
36367161|10044263
36367162|36367162
36367163|36367163
36367164|36367164
36367165|36367165
36367166|36367166
36367167|10063516
36367168|36367168
36367169|10063513
36367170|36367170
36367171|10063512
36367172|36367172
36367173|36367173
36367174|36367174
36367175|36367175
36367176|36367176
36367177|36367177
36367178|36367178
36367179|36367179
36367180|36367180
36367181|36367181
36367182|36367182
36367183|36367183
36367184|36367184
36367185|36367185
36367186|36367186
36367187|10048304
36367188|36367188
36367189|10048303
36367190|36367190
36367191|36367191
36367192|36367192
36367193|36367193
36367194|36367194
36367195|36367195
36367196|36367196
36367197|36367197
36367198|10004544
36367199|10004546
36367200|36367200
36367201|10035194
36367202|10040153
36367203|10059968
36367204|36367204
36367205|10035195
36367206|10040154
36367207|10060000
36367208|10004545
36367209|10004547
36367210|36367210
36367211|10051143
36367212|36367212
36367213|10035196
36367214|10040155
36367215|36367215
36367216|10035197
36367217|10040156
36367218|10059999
36367219|36367219
36367220|10006850
36367221|10006891
36367222|10006948
36367223|10006980
36367224|10035212
36367225|10040172
36367226|36367226
36367227|10005394
36367228|10006949
36367229|10006981
36367230|10035213
36367231|10040173
36367232|36367232
36367233|10006879
36367234|10006892
36367235|10006951
36367236|10006954
36367237|10006973
36367238|10006979
36367239|10006982
36367240|10035214
36367241|10040174
36367242|36367242
36367243|10006878
36367244|10006893
36367245|10006952
36367246|10006962
36367247|10006963
36367248|10006965
36367249|10006983
36367250|10035215
36367251|10040175
36367252|36367252
36367253|10006976
36367254|10006984
36367255|10035216
36367256|10040176
36367257|36367257
36367258|10008572
36367259|10009226
36367260|10009227
36367261|10035233
36367262|10040183
36367263|36367263
36367264|10005418
36367265|10008573
36367266|10035234
36367267|10040184
36367268|36367268
36367269|10008574
36367270|10008578
36367271|10008581
36367272|10009228
36367273|10035235
36367274|10040185
36367275|36367275
36367276|10008576
36367277|10008577
36367278|10008580
36367279|10008582
36367280|10035236
36367281|10040186
36367282|36367282
36367283|10008579
36367284|10035237
36367285|10040187
36367286|36367286
36367287|10008797
36367288|36367288
36367289|10008798
36367290|10008801
36367291|36367291
36367292|10008799
36367293|10008800
36367294|36367294
36367295|10008802
36367296|36367296
36367297|10010954
36367298|10011612
36367299|10011614
36367300|10035247
36367301|10040201
36367302|36367302
36367303|10005441
36367304|10010955
36367305|10035248
36367306|10040202
36367307|36367307
36367308|10010956
36367309|10010960
36367310|10011613
36367311|10011615
36367312|10040203
36367313|36367313
36367314|10010958
36367315|10010959
36367316|10014478
36367317|10035249
36367318|10040204
36367319|36367319
36367320|10010963
36367321|10035250
36367322|10040205
36367323|36367323
36367324|36367324
36367325|10011701
36367326|36367326
36367327|10011700
36367328|36367328
36367329|36367329
36367330|10016272
36367331|10016273
36367332|10016274
36367333|10022956
36367334|10035336
36367335|10040307
36367336|36367336
36367337|10005618
36367338|10022957
36367339|10035337
36367340|10040245
36367341|10040308
36367342|36367342
36367343|10022968
36367344|10022982
36367345|10022986
36367346|10035338
36367347|10040309
36367348|36367348
36367349|10022980
36367350|10022981
36367351|10022987
36367352|10035339
36367353|10040310
36367354|36367354
36367355|10022985
36367356|10035340
36367357|10040311
36367358|36367358
36367359|10022933
36367360|10025430
36367361|10025436
36367362|10027519
36367363|10035360
36367364|10040334
36367365|36367365
36367366|10005653
36367367|10022934
36367368|10025431
36367369|10035361
36367370|10040335
36367371|36367371
36367372|10022935
36367373|10025432
36367374|10025437
36367375|10025441
36367376|10027518
36367377|10027520
36367378|10035362
36367379|10040336
36367380|36367380
36367381|10014482
36367382|10022936
36367383|10025434
36367384|10025435
36367385|10025442
36367386|10027521
36367387|10035363
36367388|10040337
36367389|36367389
36367390|10022937
36367391|10025440
36367392|10035364
36367393|10040338
36367394|10005711
36367395|36367395
36367396|10022399
36367397|10033336
36367398|10033338
36367399|10034928
36367400|10034933
36367401|10034939
36367402|10035400
36367403|10040368
36367404|10005712
36367405|10005713
36367406|10034929
36367407|10035401
36367408|10040369
36367409|36367409
36367410|10005714
36367411|10034930
36367412|10034934
36367413|10035402
36367414|10040301
36367415|10040370
36367416|36367416
36367417|10050715
36367418|10005715
36367419|10034931
36367420|10034932
36367421|10035403
36367422|10040302
36367423|10040371
36367424|36367424
36367425|10005716
36367426|10034935
36367427|10035404
36367428|10040372
36367429|36367429
36367430|36367430
36367431|10023271
36367432|10023272
36367433|10035407
36367434|10036439
36367435|10040376
36367436|36367436
36367437|10005723
36367438|10035408
36367439|10036440
36367440|10036441
36367441|10040377
36367442|36367442
36367443|10023273
36367444|10035409
36367445|10036442
36367446|10036443
36367447|10036452
36367448|10036455
36367449|10040378
36367450|36367450
36367451|10014479
36367452|10023274
36367453|10035410
36367454|10036446
36367455|10036450
36367456|10036454
36367457|10036456
36367458|10040375
36367459|10040379
36367460|36367460
36367461|10035411
36367462|10036453
36367463|10040380
36367464|36367464
36367465|10035424
36367466|10039769
36367467|10039771
36367468|10039918
36367469|10040395
36367470|36367470
36367471|10005795
36367472|10035425
36367473|10039919
36367474|10040396
36367475|36367475
36367476|10035426
36367477|10039770
36367478|10039772
36367479|10039920
36367480|10039924
36367481|10040397
36367482|36367482
36367483|10035427
36367484|10039922
36367485|10039923
36367486|10040398
36367487|36367487
36367488|10035428
36367489|10039925
36367490|10040399
36367491|36367491
36367492|10028667
36367493|10028669
36367494|10035429
36367495|10040403
36367496|10041263
36367497|36367497
36367498|10005801
36367499|10035430
36367500|10040404
36367501|10041264
36367502|36367502
36367503|10028671
36367504|10041265
36367505|10041268
36367506|10041274
36367507|10054863
36367508|36367508
36367509|10028668
36367510|10035431
36367511|10040405
36367512|10041266
36367513|10041271
36367514|10041272
36367515|36367515
36367516|10035432
36367517|10040406
36367518|10041275
36367519|36367519
36367520|10035473
36367521|10040435
36367522|10048256
36367523|10048274
36367524|10048279
36367525|36367525
36367526|10005866
36367527|10035474
36367528|10040436
36367529|10048257
36367530|10048275
36367531|36367531
36367532|10048258
36367533|10048263
36367534|10048277
36367535|10048280
36367536|36367536
36367537|10035475
36367538|10040437
36367539|10048261
36367540|10048262
36367541|10048276
36367542|36367542
36367543|10035476
36367544|10040438
36367545|10048264
36367546|10048278
36367547|10006967
36367548|10022929
36367549|36367549
36367550|10006968
36367551|10006969
36367552|36367552
36367553|10006970
36367554|10022930
36367555|36367555
36367556|10006971
36367557|10022931
36367558|36367558
36367559|10006972
36367560|10022932
36367561|36367561
36367562|36367562
36367563|36367563
36367564|36367564
36367565|10043822
36367566|10044089
36367567|36367567
36367568|10022962
36367569|10043823
36367570|10044090
36367571|10022959
36367572|36367572
36367573|10022966
36367574|10043824
36367575|10044091
36367576|10022964
36367577|36367577
36367578|10043825
36367579|10044092
36367580|36367580
36367581|10043826
36367582|10044093
36367583|36367583
36367584|10053228
36367585|10053229
36367586|36367586
36367587|36367587
36367588|36367588
36367589|36367589
36367590|10040248
36367591|10016457
36367592|10016460
36367593|36367593
36367594|10016458
36367595|10016459
36367596|36367596
36367597|10016461
36367598|36367598
36367599|36367599
36367600|36367600
36367601|36367601
36367602|10053616
36367603|10068017
36367604|36367604
36367605|10053618
36367606|10053619
36367607|10068019
36367608|10068020
36367609|36367609
36367610|10053617
36367611|10068018
36367612|36367612
36367613|36367613
36367614|10044355
36367615|36367615
36367616|36367616
36367617|36367617
36367618|36367618
36367619|36367619
36367620|10051008
36367621|36367621
36367622|10056682
36367623|36367623
36367624|10056683
36367625|36367625
36367626|36367626
36367627|36367627
36367628|36367628
36367629|36367629
36367630|36367630
36367631|36367631
36367632|36367632
36367633|36367633
36367634|36367634
36367635|36367635
36367636|36367636
36367637|36367637
36367638|36367638
36367639|36367639
36367640|10005498
36367641|10005847
36367642|10035281
36367643|10035460
36367644|10040235
36367645|10040428
36367646|10045280
36367647|10046347
36367648|36367648
36367649|10005499
36367650|10005848
36367651|10014411
36367652|10014422
36367653|10035282
36367654|10035461
36367655|10040236
36367656|10040429
36367657|36367657
36367658|10005500
36367659|10014423
36367660|10014427
36367661|10040237
36367662|36367662
36367663|10005501
36367664|10014424
36367665|10014425
36367666|10014426
36367667|10040238
36367668|36367668
36367669|10005502
36367670|10005849
36367671|10035283
36367672|10035462
36367673|10040239
36367674|10040430
36367675|36367675
36367676|36367676
36367677|10031133
36367678|10035383
36367679|10035388
36367680|10040357
36367681|10060129
36367682|36367682
36367683|10005695
36367684|10031134
36367685|10035384
36367686|10035389
36367687|10060158
36367688|36367688
36367689|10021091
36367690|10021092
36367691|10021122
36367692|10031135
36367693|10031138
36367694|10035385
36367695|10040358
36367696|10060159
36367697|36367697
36367698|10020693
36367699|10020694
36367700|10020860
36367701|10031136
36367702|10031137
36367703|10035382
36367704|10035386
36367705|10035390
36367706|10040359
36367707|10060160
36367708|36367708
36367709|10031139
36367710|10035387
36367711|10035391
36367712|10060161
36367713|36367713
36367714|36367714
36367715|36367715
36367716|10041432
36367717|36367717
36367718|10041433
36367719|36367719
36367720|10041434
36367721|36367721
36367722|10041435
36367723|36367723
36367724|10041436
36367725|36367725
36367726|36367726
36367727|10046632
36367728|36367728
36367729|10046630
36367730|36367730
36367731|10014428
36367732|10014429
36367733|10046633
36367734|36367734
36367735|36367735
36367736|10046634
36367737|36367737
36367738|10046649
36367739|36367739
36367740|10060130
36367741|10046650
36367742|36367742
36367743|10060163
36367744|10046549
36367745|10046651
36367746|36367746
36367747|10060162
36367748|10059909
36367749|36367749
36367750|36367750
36367751|10047692
36367752|36367752
36367753|10047693
36367754|36367754
36400000|10027433
36402184|10000485
36402185|10003018
36402186|10013296
36402187|10014412
36402188|10016950
36402189|10021605
36402190|10022958
36402191|10013317
36402192|10000546
36402193|10037008
36402194|10037546
36402195|10047635
36403202|10027416
36403203|10027422
36403204|10027739
36403205|10038660
36403206|10038663
36403207|10001608
36403208|10002650
36403209|10003022
36403210|10018067
36403211|10005992
36403212|10006975
36403213|10025439
36403214|10034941
36403215|10001275
36403216|10008575
36403217|10014419
36403218|10052559
36403219|10016801
36403220|10036451
36403221|10041273
36403222|10044084
36403223|10044085
36403224|10016951
36403225|10042454
36403226|10010962
36403227|10022971
36403228|10022979
36403229|10022984
36403230|10027641
36403231|10044279
36403232|10048260
36403233|10014476
36403234|10014477
36403235|10014486
36403236|10020666
36403237|10024581
36403238|10057187
36403239|10027428
36403240|10036999
36403241|10037009
36403242|10037547
36403243|10052561
36403244|10016250
36403245|10020914
36403246|10047627
36403247|10047842
36416479|10000410
36416480|10000489
36416481|10020660
36416482|10023379
36416483|10023391
36416484|10023499
36416485|10023676
36416486|10024004
36416487|10027417
36416488|10038535
36416489|10046324
36416490|10001680
36416491|10001682
36416492|10001684
36416493|10027423
36416494|10027635
36416495|10000483
36416496|10000486
36416497|10020591
36416498|10050393
36416499|10028966
36416500|10038661
36416501|10038695
36416502|10028967
36416503|10038664
36416504|10056424
36416505|10036106
36416506|10047911
36416507|10047913
36416508|10002647
36416509|10002649
36416510|10006550
36416511|10053712
36416512|10002646
36416513|10060961
36416514|10061428
36416515|10012775
36416516|10014062
36416517|10056465
36416518|10021654
36416519|10066431
36416520|10064720
36416521|10067951
36416522|10067315
36416523|10000159
36416524|10000188
36416525|10006895
36416526|10065941
36416527|10016165
36416528|10061148
36416529|10016316
36416530|10016318
36416531|10023504
36416532|10061273
36416533|10026820
36416534|10029883
36416535|10033307
36416536|10033685
36416537|10035001
36416538|10041954
36416539|10048828
36416540|10049040
36416541|10047897
36416542|10049084
36416543|10068975
36416544|10058972
36416545|10062624
36416546|10060873
36416547|10063000
36416548|10031248
36416549|10031250
36416550|10049088
36416551|10031282
36416552|10052451
36416553|10031285
36416554|10038489
36416555|10038642
36416556|10039119
36416557|10039984
36416558|10006936
36416559|10051714
36416560|10006974
36416561|10008690
36416562|10052273
36416563|10020947
36416564|10050977
36416565|10052067
36416566|10064754
36416567|10020669
36416568|10021027
36416569|10025433
36416570|10025438
36416571|10057037
36416572|10020711
36416573|10051232
36416574|10021058
36416575|10061347
36416576|10068728
36416577|10038519
36416578|10029147
36416579|10020597
36416580|10065286
36416581|10020955
36416582|10005582
36416583|10014415
36416584|10014418
36416585|10051283
36416586|10020697
36416587|10037111
36416588|10062550
36416589|10045170
36416590|10056291
36416591|10053141
36416592|10036069
36416593|10020646
36416594|10050394
36416595|10021015
36416596|10021017
36416597|10052185
36416598|10067548
36416599|10020679
36416600|10021036
36416601|10066151
36416602|10021037
36416603|10049222
36416604|10039477
36416605|10041277
36416606|10012174
36416607|10053214
36416608|10021137
36416609|10049771
36416610|10016807
36416611|10060374
36416612|10020919
36416613|10068875
36416614|10001598
36416615|10011241
36416616|10016248
36416617|10061958
36416618|10068652
36416619|10010957
36416620|10061091
36416621|10053782
36416622|10022970
36416623|10037396
36416624|10022983
36416625|10067997
36416626|10061291
36416627|10061292
36416628|10044278
36416629|10039921
36416630|10020921
36416631|10021148
36416632|10048259
36416633|10051914
36416634|10020603
36416635|10020606
36416636|10038316
36416637|10020869
36416638|10062060
36416639|10055164
36416640|10058892
36416641|10058108
36416642|10067599
36416643|10056866
36416644|10048474
36416645|10016260
36416646|10068961
36416647|10020961
36416648|10021024
36416649|10021128
36416650|10061227
36416651|10024604
36416652|10049287
36416653|10063955
36416654|10062315
36416655|10061228
36416656|10024626
36416657|10053857
36416658|10057345
36416659|10048211
36416660|10048214
36416661|10048215
36416662|10057251
36416663|10057252
36416664|10059512
36416665|10050029
36416666|10057249
36416667|10053147
36416668|10007733
36416669|10061419
36416670|10014935
36416671|10062770
36416672|10049645
36416673|10067350
36416674|10062747
36416675|10067725
36416676|10020674
36416677|10020701
36416678|10021034
36416679|10025376
36416680|10058097
36416681|10062190
36416682|10052066
36416683|10049226
36416684|10001937
36416685|10001938
36416686|10052607
36416687|10051286
36416688|10010082
36416689|10058819
36416690|10067327
36416691|10020740
36416692|10061350
36416693|10036997
36416694|10046326
36416695|10018627
36416696|10018634
36416697|10018641
36416698|10020903
36416699|10021131
36416700|10035772
36416701|10061476
36416702|10046337
36416703|10052623
36416704|10052621
36416705|10047586
36416706|10047626
36416707|10047631
36416708|10047634
36416709|10020915
36416710|10020916
36416711|10020917
36416712|10021135
36416713|10028155
36416714|10004906
36416715|10016880
36416716|10048550
36416717|10029332
36416718|10029400
36416719|10061580
36416720|10047601
36416721|10047609
36416722|10047612
36416723|10047617
36467755|36467755
36467756|10000418
36467757|10023381
36467758|10023382
36467759|10023385
36467760|10023386
36467761|10057592
36467762|10057599
36467763|36467763
36467764|10000490
36467765|10020598
36467766|10020600
36467767|36467767
36467768|10054412
36467769|10058598
36467770|10058600
36467771|10058601
36467772|10058602
36467773|10058603
36467774|10060561
36467775|10000413
36467776|10006329
36467777|36467777
36467778|10055425
36467779|36467779
36467780|10006339
36467781|36467781
36467782|10000491
36467783|36467783
36467784|10058599
36467785|36467785
36467786|10000487
36467787|10000492
36467788|10002525
36467789|36467789
36467790|10027418
36467791|10027419
36467792|10027420
36467793|10027421
36467794|10069033
36467795|10000494
36467796|10013478
36467797|10036731
36467798|10037080
36467799|10037082
36467800|10038353
36467801|36467801
36467802|10045224
36467803|10045225
36467804|10045226
36467805|10045227
36467806|10060427
36467807|36467807
36467808|10060504
36467809|10001671
36467810|36467810
36467811|10001687
36467812|10060357
36467813|36467813
36467814|10001683
36467815|10020956
36467816|10020958
36467817|10066135
36467818|36467818
36467819|10001685
36467820|10021016
36467821|10021019
36467822|10001681
36467823|10001686
36467824|36467824
36467825|36467825
36467826|10052624
36467827|36467827
36467828|10027738
36467829|36467829
36467830|10000493
36467831|10060694
36467832|10060699
36467833|10066538
36467834|10066541
36467835|10066569
36467836|10007227
36467837|36467837
36467838|10020592
36467839|10020593
36467840|10028717
36467841|10038778
36467842|36467842
36467843|36467843
36467844|10038662
36467845|10000495
36467846|36467846
36467847|10016162
36467848|10032440
36467849|10037414
36467850|10038651
36467851|36467851
36467852|10038696
36467853|10038701
36467854|10047267
36467855|10051995
36467856|10060842
36467857|10064760
36467858|10068615
36467859|36467859
36467860|10038665
36467861|10001688
36467862|10010122
36467863|36467863
36467864|10023486
36467865|10023490
36467866|10044379
36467867|36467867
36467868|10001629
36467869|36467869
36467870|36467870
36467871|10047912
36467872|10001593
36467873|36467873
36467874|36467874
36467875|10012778
36467876|36467876
36467877|10041023
36467878|10006549
36467879|36467879
36467880|10020691
36467881|36467881
36467882|10053742
36467883|36467883
36467884|10002651
36467885|10003017
36467886|10003028
36467887|10052625
36467888|10054792
36467889|10066197
36467890|10067342
36467891|10003021
36467892|10020467
36467893|36467893
36467894|10003020
36467895|10003025
36467896|10003030
36467897|10003031
36467898|36467898
36467899|36467899
36467900|36467900
36467901|10014063
36467902|10014066
36467903|10031561
36467904|10031956
36467905|10007216
36467906|36467906
36467907|10065366
36467908|10003023
36467909|10003024
36467910|10003027
36467911|10003029
36467912|36467912
36467913|36467913
36467914|36467914
36467915|36467915
36467916|36467916
36467917|10068930
36467918|36467918
36467919|10068329
36467920|36467920
36467921|36467921
36467922|10014494
36467923|10047832
36467924|10047833
36467925|10063735
36467926|10064015
36467927|10059179
36467928|10065940
36467929|36467929
36467930|36467930
36467931|10016166
36467932|10016315
36467933|10016317
36467934|36467934
36467935|10002648
36467936|10006040
36467937|10006248
36467938|36467938
36467939|10016320
36467940|10016321
36467941|10028938
36467942|36467942
36467943|10016319
36467944|36467944
36467945|10003117
36467946|10026713
36467947|10026714
36467948|10026715
36467949|10026716
36467950|10031618
36467951|10032329
36467952|10032330
36467953|10032432
36467954|10032469
36467955|10034179
36467956|10037007
36467957|10037027
36467958|10046058
36467959|10046117
36467960|10054016
36467961|36467961
36467962|36467962
36467963|10029859
36467964|10063100
36467965|10001293
36467966|10018743
36467967|10027966
36467968|36467968
36467969|10029884
36467970|10029885
36467971|10032331
36467972|10051361
36467973|10052626
36467974|36467974
36467975|10052084
36467976|36467976
36467977|10033686
36467978|10014069
36467979|10018202
36467980|36467980
36467981|10044624
36467982|10051247
36467983|10052034
36467984|10068831
36467985|10014283
36467986|10021584
36467987|36467987
36467988|10048733
36467989|36467989
36467990|36467990
36467991|10036164
36467992|36467992
36467993|36467993
36467994|10049116
36467995|36467995
36467996|36467996
36467997|10047713
36467998|36467998
36467999|10062633
36468000|10064651
36468001|36468001
36468002|10060883
36468003|10060881
36468004|10062634
36468005|36468005
36468006|10000603
36468007|36468007
36468008|10051544
36468009|10001411
36468010|36468010
36468011|10031251
36468012|10031267
36468013|10048665
36468014|10048688
36468015|36468015
36468016|10005966
36468017|10013522
36468018|10021236
36468019|36468019
36468020|10031284
36468021|10031287
36468022|10031289
36468023|10032364
36468024|10065320
36468025|36468025
36468026|10052505
36468027|36468027
36468028|36468028
36468029|36468029
36468030|36468030
36468031|10000643
36468032|36468032
36468033|10039123
36468034|10039124
36468035|10039125
36468036|10031286
36468037|36468037
36468038|36468038
36468039|36468039
36468040|10006950
36468041|10006960
36468042|10006961
36468043|36468043
36468044|10013198
36468045|10013299
36468046|10006977
36468047|10008688
36468048|36468048
36468049|10008712
36468050|10008713
36468051|10008714
36468052|10008715
36468053|10008716
36468054|10008717
36468055|10008718
36468056|10008719
36468057|10008720
36468058|10008721
36468059|10037121
36468060|10037675
36468061|10067429
36468062|36468062
36468063|10067921
36468064|36468064
36468065|10020949
36468066|36468066
36468067|36468067
36468068|36468068
36468069|36468069
36468070|10020670
36468071|36468071
36468072|10021028
36468073|36468073
36468074|10013319
36468075|36468075
36468076|10021029
36468077|36468077
36468078|36468078
36468079|10020712
36468080|36468080
36468081|36468081
36468082|10021059
36468083|10013346
36468084|10034940
36468085|36468085
36468086|36468086
36468087|10068730
36468088|36468088
36468089|10012600
36468090|10012626
36468091|36468091
36468092|36468092
36468093|10020599
36468094|36468094
36468095|36468095
36468096|10020957
36468097|36468097
36468098|10012365
36468099|36468099
36468100|10014416
36468101|10013308
36468102|10014410
36468103|10014413
36468104|10014414
36468105|10014417
36468106|36468106
36468107|10014420
36468108|10016800
36468109|10020948
36468110|10020950
36468111|10021406
36468112|10033001
36468113|10038779
36468114|36468114
36468115|36468115
36468116|36468116
36468117|36468117
36468118|10063417
36468119|10045152
36468120|36468120
36468121|36468121
36468122|10051179
36468123|36468123
36468124|36468124
36468125|10037201
36468126|10059791
36468127|36468127
36468128|10020647
36468129|10020735
36468130|10020736
36468131|36468131
36468132|10050790
36468133|10050804
36468134|36468134
36468135|10021018
36468136|10021080
36468137|10021081
36468138|10036445
36468139|36468139
36468140|10021020
36468141|10024923
36468142|10042817
36468143|10060423
36468144|36468144
36468145|10054584
36468146|36468146
36468147|36468147
36468148|10020680
36468149|10039478
36468150|10041276
36468151|36468151
36468152|10021038
36468153|10021039
36468154|10028670
36468155|10039475
36468156|10039476
36468157|10041270
36468158|10048375
36468159|10054430
36468160|10060380
36468161|36468161
36468162|10066157
36468163|36468163
36468164|10024927
36468165|10024930
36468166|10042819
36468167|10060494
36468168|36468168
36468169|10054483
36468170|36468170
36468171|10041267
36468172|10028672
36468173|36468173
36468174|36468174
36468175|10016802
36468176|10021120
36468177|10047836
36468178|10054198
36468179|10057215
36468180|10057218
36468181|36468181
36468182|36468182
36468183|10021139
36468184|10030282
36468185|10047691
36468186|36468186
36468187|10050841
36468188|10055334
36468189|10055860
36468190|10005890
36468191|10015766
36468192|36468192
36468193|10016808
36468194|10017360
36468195|10021226
36468196|10022608
36468197|10033303
36468198|10038785
36468199|10043893
36468200|10047839
36468201|10047840
36468202|10047841
36468203|10051155
36468204|36468204
36468205|36468205
36468206|10020920
36468207|36468207
36468208|36468208
36468209|10001609
36468210|10013520
36468211|10022723
36468212|10048427
36468213|10048558
36468214|10056597
36468215|10056606
36468216|36468216
36468217|10011852
36468218|36468218
36468219|10016949
36468220|36468220
36468221|36468221
36468222|10068738
36468223|36468223
36468224|10020975
36468225|10060383
36468226|10010961
36468227|10013303
36468228|36468228
36468229|36468229
36468230|10060496
36468231|36468231
36468232|10067709
36468233|10021241
36468234|10021242
36468235|36468235
36468236|10037399
36468237|10013314
36468238|36468238
36468239|36468239
36468240|10027638
36468241|10027639
36468242|36468242
36468243|10013328
36468244|10027640
36468245|10032682
36468246|10045813
36468247|36468247
36468248|36468248
36468249|36468249
36468250|36468250
36468251|10054419
36468252|36468252
36468253|10054433
36468254|36468254
36468255|10051903
36468256|36468256
36468257|10020602
36468258|36468258
36468259|10020604
36468260|10037539
36468261|10037540
36468262|10048373
36468263|10054405
36468264|10060375
36468265|10068248
36468266|10068252
36468267|36468267
36468268|10020607
36468269|36468269
36468270|10054595
36468271|36468271
36468272|10020870
36468273|10037541
36468274|10037542
36468275|10051173
36468276|10054411
36468277|10020661
36468278|10020662
36468279|10020663
36468280|10020664
36468281|10020665
36468282|10020667
36468283|10020668
36468284|10031573
36468285|10031574
36468286|10054413
36468287|10058221
36468288|36468288
36468289|10068691
36468290|10068692
36468291|36468291
36468292|36468292
36468293|36468293
36468294|10058110
36468295|10063901
36468296|10063903
36468297|36468297
36468298|36468298
36468299|10058557
36468300|10059181
36468301|10062998
36468302|36468302
36468303|10015486
36468304|36468304
36468305|36468305
36468306|10068962
36468307|10020960
36468308|36468308
36468309|10020962
36468310|10060382
36468311|10021023
36468312|36468312
36468313|10021025
36468314|10021026
36468315|10060386
36468316|10060387
36468317|10065133
36468318|10065156
36468319|36468319
36468320|10021129
36468321|10013318
36468322|10016245
36468323|10024582
36468324|10031982
36468325|10045807
36468326|10045841
36468327|10049285
36468328|36468328
36468329|10016241
36468330|10016242
36468331|36468331
36468332|10059182
36468333|10024608
36468334|36468334
36468335|10059180
36468336|10069215
36468337|36468337
36468338|10063956
36468339|10006539
36468340|36468340
36468341|10024780
36468342|10051847
36468343|36468343
36468344|10061242
36468345|10024625
36468346|36468346
36468347|36468347
36468348|10053861
36468349|10053862
36468350|10053863
36468351|36468351
36468352|36468352
36468353|10048212
36468354|10015144
36468355|10035151
36468356|10035152
36468357|10043235
36468358|10043254
36468359|10045139
36468360|10045140
36468361|36468361
36468362|36468362
36468363|36468363
36468364|36468364
36468365|10050027
36468366|10050037
36468367|10057247
36468368|36468368
36468369|36468369
36468370|36468370
36468371|36468371
36468372|10053149
36468373|10007732
36468374|36468374
36468375|10037939
36468376|10003305
36468377|10011503
36468378|10011504
36468379|10032596
36468380|10032597
36468381|10032598
36468382|10032599
36468383|10032600
36468384|10032601
36468385|10032602
36468386|10032603
36468387|10032604
36468388|10032605
36468389|10032606
36468390|10045713
36468391|10045714
36468392|10045715
36468393|10045716
36468394|10045717
36468395|10045718
36468396|10045719
36468397|10045720
36468398|10045721
36468399|10045722
36468400|10045723
36468401|36468401
36468402|10014933
36468403|10014934
36468404|36468404
36468405|10014936
36468406|10014937
36468407|10031881
36468408|10032323
36468409|36468409
36468410|10062777
36468411|10007734
36468412|10007735
36468413|10015872
36468414|36468414
36468415|36468415
36468416|10067359
36468417|36468417
36468418|10062755
36468419|36468419
36468420|10067840
36468421|36468421
36468422|36468422
36468423|10020702
36468424|36468424
36468425|36468425
36468426|10054463
36468427|10014694
36468428|10027426
36468429|10027427
36468430|10031563
36468431|10032680
36468432|10032962
36468433|10033002
36468434|10042757
36468435|10045811
36468436|10045862
36468437|36468437
36468438|10058106
36468439|10027429
36468440|36468440
36468441|36468441
36468442|10052070
36468443|10062576
36468444|36468444
36468445|10068586
36468446|36468446
36468447|36468447
36468448|10013294
36468449|10013373
36468450|10013513
36468451|10013514
36468452|10013515
36468453|10013518
36468454|10032016
36468455|10032018
36468456|10032650
36468457|10032651
36468458|10045768
36468459|10045769
36468460|10016220
36468461|10042805
36468462|36468462
36468463|36468463
36468464|10055180
36468465|36468465
36468466|10010083
36468467|10046325
36468468|10046371
36468469|36468469
36468470|10058828
36468471|36468471
36468472|10067333
36468473|36468473
36468474|10054418
36468475|10013347
36468476|10031996
36468477|10035418
36468478|10045822
36468479|36468479
36468480|10002032
36468481|36468481
36468482|36468482
36468483|10060505
36468484|10003435
36468485|36468485
36468486|10018628
36468487|10018629
36468488|10018630
36468489|10018631
36468490|10018632
36468491|10018633
36468492|10038964
36468493|10039832
36468494|10064900
36468495|10003257
36468496|36468496
36468497|10018635
36468498|10020905
36468499|10020908
36468500|10018638
36468501|10018639
36468502|10018640
36468503|36468503
36468504|36468504
36468505|10020904
36468506|10020907
36468507|36468507
36468508|10054432
36468509|36468509
36468510|10031998
36468511|10037545
36468512|36468512
36468513|10018636
36468514|10018637
36468515|10020906
36468516|10020909
36468517|10032094
36468518|36468518
36468519|10046504
36468520|10046505
36468521|36468521
36468522|36468522
36468523|10052631
36468524|10032254
36468525|10038922
36468526|10046240
36468527|36468527
36468528|10046242
36468529|36468529
36468530|10043911
36468531|36468531
36468532|10012136
36468533|10035000
36468534|36468534
36468535|36468535
36468536|10020918
36468537|10047632
36468538|10047633
36468539|10047636
36468540|10047637
36468541|10047638
36468542|10000033
36468543|10007673
36468544|10007679
36468545|36468545
36468546|10020595
36468547|36468547
36468548|10011839
36468549|36468549
36468550|10003862
36468551|10003863
36468552|10012135
36468553|10012137
36468554|36468554
36468555|10021136
36468556|10046243
36468557|10047628
36468558|10047629
36468559|10047630
36468560|36468560
36468561|10028156
36468562|36468562
36468563|36468563
36468564|10016893
36468565|10023485
36468566|10023487
36468567|10023488
36468568|10023489
36468569|36468569
36468570|10003961
36468571|10029241
36468572|10029242
36468573|36468573
36468574|36468574
36468575|10034231
36468576|10012132
36468577|10031674
36468578|10043426
36468579|10043427
36468580|10046241
36468581|10047599
36468582|10047600
36468583|10050494
36468584|36468584
36468585|10004481
36468586|10004482
36468587|10031603
36468588|36468588
36468589|10012777
36468590|10047604
36468591|36468591
36468592|10052831
36468593|10003095
36468594|10039118
36468595|36468595
36468596|10037671
36468597|36468597
36500000|10028395
36502196|10005959
36502197|10010761
36502198|10017322
36502199|10023213
36502200|10028302
36502201|10028377
36502202|10028393
36502203|10028389
36502204|10013361
36502205|10043237
36503248|10005941
36503249|10027658
36503250|10006006
36503251|10015072
36503252|10027425
36503253|10010762
36503254|10025135
36503255|10027676
36503256|10024956
36503257|10034157
36503258|10034246
36503259|10040958
36503260|10041573
36503261|10043466
36503262|10046292
36503263|10003284
36503264|10011505
36503265|10021904
36503266|10023210
36503267|10027685
36503268|10023226
36503269|10057178
36503270|10037163
36503271|10039078
36503272|10052775
36503273|10021992
36503274|10028315
36503275|10028323
36503276|10028326
36503277|10028343
36503278|10062913
36503279|10028416
36503280|10028640
36503281|10012139
36503282|10022635
36503283|10028378
36503284|10012140
36503285|10064466
36503286|10052776
36503287|10068757
36503288|10027688
36503289|10041288
36503290|10004297
36503291|10025681
36503292|10028390
36503293|10013297
36503294|10013360
36503295|10007709
36503296|10052774
36503297|10043234
36516724|10002362
36516725|10057972
36516726|10005952
36516727|10005954
36516728|10005956
36516729|10051728
36516730|10051542
36516731|10056809
36516732|10005963
36516733|10049824
36516734|10061728
36516735|10069040
36516736|10007037
36516737|10012316
36516738|10015688
36516739|10049811
36516740|10020877
36516741|10023146
36516742|10061257
36516743|10065303
36516744|10050284
36516745|10065613
36516746|10031149
36516747|10031150
36516748|10031151
36516749|10031264
36516750|10051937
36516751|10031298
36516752|10031299
36516753|10034551
36516754|10034552
36516755|10052460
36516756|10052461
36516757|10061368
36516758|10052462
36516759|10054820
36516760|10065317
36516761|10006002
36516762|10053631
36516763|10009829
36516764|10027487
36516765|10033433
36516766|10049747
36516767|10060825
36516768|10015082
36516769|10031240
36516770|10009903
36516771|10009905
36516772|10061087
36516773|10011692
36516774|10053874
36516775|10052443
36516776|10051253
36516777|10017085
36516778|10042856
36516779|10003246
36516780|10003251
36516781|10003285
36516782|10065057
36516783|10027811
36516784|10029326
36516785|10033534
36516786|10036030
36516787|10039361
36516788|10062164
36516789|10042744
36516790|10061761
36516791|10058029
36516792|10003422
36516793|10003433
36516794|10063580
36516795|10008729
36516796|10054813
36516797|10020677
36516798|10058031
36516799|10023198
36516800|10023201
36516801|10023202
36516802|10023203
36516803|10064931
36516804|10061258
36516805|10065568
36516806|10024452
36516807|10049143
36516808|10034464
36516809|10048745
36516810|10043220
36516811|10068099
36516812|10003239
36516813|10065564
36516814|10051374
36516815|10023215
36516816|10048706
36516817|10023230
36516818|10023232
36516819|10054106
36516820|10024829
36516821|10066850
36516822|10008334
36516823|10029469
36516824|10031161
36516825|10031173
36516826|10054031
36516827|10041591
36516828|10037162
36516829|10050506
36516830|10061371
36516831|10051265
36516832|10066407
36516833|10028653
36516834|10048618
36516835|10028654
36516836|10048439
36516837|10028411
36516838|10028413
36516839|10048780
36516840|10028289
36516841|10028293
36516842|10028300
36516843|10049565
36516844|10048654
36516845|10028309
36516846|10028311
36516847|10056720
36516848|10028334
36516849|10064470
36516850|10049816
36516851|10028347
36516852|10051378
36516853|10028632
36516854|10064584
36516855|10029323
36516856|10064600
36516857|10051870
36516858|10058920
36516859|10007737
36516860|10009848
36516861|10065699
36516862|10051004
36516863|10020852
36516864|10048615
36516865|10021118
36516866|10021119
36516867|10028330
36516868|10028335
36516869|10061533
36516870|10058483
36516871|10042044
36516872|10044074
36516873|10044076
36516874|10044684
36516875|10012708
36516876|10028372
36516877|10064026
36516878|10063024
36516879|10028424
36516880|10066224
36516881|10002027
36516882|10010121
36516883|10066336
36516884|10065103
36516885|10028320
36516886|10028641
36516887|10029229
36516888|10039020
36516889|10057689
36516890|10001524
36516891|10049132
36516892|10067705
36516893|10061833
36516894|10061156
36516895|10061159
36516896|10061194
36516897|10062061
36516898|10053652
36516899|10065783
36516900|10065738
36516901|10061415
36516902|10055038
36516903|10055039
36516904|10061246
36516905|10061521
36516906|10022636
36516907|10050296
36516908|10055041
36516909|10039674
36516910|10049492
36516911|10058604
36516912|10054008
36516913|10054034
36516914|10061199
36516915|10061875
36516916|10068711
36516917|10048907
36516918|10051481
36516919|10051821
36516920|10059343
36516921|10064158
36516922|10008313
36516923|10051824
36516924|10023506
36516925|10023509
36516926|10024842
36516927|10025005
36516928|10051823
36516929|10061307
36516930|10039722
36516931|10041540
36516932|10058907
36516933|10063550
36516934|10052013
36516935|10067700
36516936|10004133
36516937|10061810
36516938|10016761
36516939|10058565
36516940|10061209
36516941|10058564
36516942|10061335
36516943|10059011
36516944|10062241
36516945|10057254
36516946|10064769
36516947|10013872
36516948|10016228
36516949|10067366
36516950|10035155
36516951|10003988
36516952|10064888
36516953|10018745
36516954|10061224
36516955|10050819
36516956|10053156
36516957|10028391
36516958|10028836
36516959|10033425
36516960|10049433
36516961|10003983
36516962|10049797
36516963|10063004
36516964|10048831
36516965|10050732
36516966|10016662
36516967|10053759
36516968|10054941
36516969|10063518
36516970|10048765
36516971|10062575
36516972|10048592
36516973|10052904
36516974|10050690
36516975|10036436
36516976|10066877
36516977|10051316
36516978|10051262
36516979|10040000
36516980|10068872
36516981|10048698
36516982|10066454
36516983|10067628
36516984|10049021
36516985|10064280
36516986|10016717
36516987|10051723
36516988|10018735
36516989|10053217
36516990|10049146
36516991|10058114
36516992|10068548
36516993|10061366
36516994|10051297
36516995|10065769
36516996|10002429
36516997|10048945
36516998|10051810
36516999|10060993
36517000|10061691
36517001|10061692
36517002|10061004
36517003|10005970
36517004|10051649
36517005|10008686
36517006|10008725
36517007|10051503
36517008|10059352
36517009|10069069
36517010|10014642
36517011|10016629
36517012|10049444
36517013|10052753
36517014|10050249
36517015|10067852
36517016|10024612
36517017|10065988
36517018|10059587
36517019|10031249
36517020|10051251
36517021|10001882
36517022|10001884
36517023|10057697
36517024|10001887
36517025|10055101
36517026|10053650
36517027|10006007
36517028|10008734
36517029|10008736
36517030|10008738
36517031|10008747
36517032|10015099
36517033|10015101
36517034|10015102
36517035|10015104
36517036|10015560
36517037|10015562
36517038|10015564
36517039|10015759
36517040|10015761
36517041|10015762
36517042|10015764
36517043|10015838
36517044|10015840
36517045|10015841
36517046|10015843
36517047|10015847
36517048|10015849
36517049|10015850
36517050|10015852
36517051|10016632
36517052|10016635
36517053|10016636
36517054|10023288
36517055|10024189
36517056|10024191
36517057|10024192
36517058|10024194
36517059|10024627
36517060|10024629
36517061|10024630
36517062|10024632
36517063|10025552
36517064|10025554
36517065|10025555
36517066|10025561
36517067|10061526
36517068|10025674
36517069|10025675
36517070|10025677
36517071|10062050
36517072|10061271
36517073|10027407
36517074|10027408
36517075|10027411
36517076|10027452
36517077|10051663
36517078|10049730
36517079|10027460
36517080|10051673
36517081|10062197
36517082|10027468
36517083|10061527
36517084|10029274
36517085|10029275
36517086|10029277
36517087|10031293
36517088|10031294
36517089|10031296
36517090|10034601
36517091|10061342
36517092|10034603
36517093|10034605
36517094|10057646
36517095|10039022
36517096|10039027
36517097|10039491
36517098|10068595
36517099|10039495
36517100|10039500
36517101|10049067
36517102|10042863
36517103|10042864
36517104|10042865
36517105|10042867
36517106|10045515
36517107|10005969
36517108|10005995
36517109|10061746
36517110|10061088
36517111|10018255
36517112|10067917
36517113|10048846
36517114|10024184
36517115|10051930
36517116|10062253
36517117|10068771
36517118|10061377
36517119|10006585
36517120|10057604
36517121|10056337
36517122|10006811
36517123|10042858
36517124|10061374
36517125|10042868
36517126|10056698
36517127|10067632
36517128|10061745
36517129|10058030
36517130|10008685
36517131|10058112
36517132|10061762
36517133|10060774
36517134|10011219
36517135|10031233
36517136|10050089
36517137|10067349
36517138|10065370
36517139|10051326
36517140|10061222
36517141|10068790
36517142|10064804
36517143|10058660
36517144|10042747
36517145|10057603
36517146|10014910
36517147|10043233
36517148|10057888
36517149|10043239
36517150|10066371
36517151|10043261
36517152|10044654
36568598|36568598
36568599|36568599
36568600|36568600
36568601|10005953
36568602|10011742
36568603|10011743
36568604|10031694
36568605|10041309
36568606|10003112
36568607|36568607
36568608|10005955
36568609|10005934
36568610|10005935
36568611|10005936
36568612|10005937
36568613|10005938
36568614|10005939
36568615|36568615
36568616|10005957
36568617|10005958
36568618|10012366
36568619|10013194
36568620|10013243
36568621|10013254
36568622|10031152
36568623|10031232
36568624|10031268
36568625|10031269
36568626|10031270
36568627|10031271
36568628|10031272
36568629|10031273
36568630|10031274
36568631|10031275
36568632|10031276
36568633|10031277
36568634|10031278
36568635|10031279
36568636|10031560
36568637|10031695
36568638|10031929
36568639|10031946
36568640|10032735
36568641|10034547
36568642|10034548
36568643|10034549
36568644|10046075
36568645|10051729
36568646|36568646
36568647|10051762
36568648|36568648
36568649|36568649
36568650|36568650
36568651|10017061
36568652|36568652
36568653|10051543
36568654|36568654
36568655|36568655
36568656|10069041
36568657|10069042
36568658|10069043
36568659|36568659
36568660|10001877
36568661|10001878
36568662|10001879
36568663|10001880
36568664|10003706
36568665|10012315
36568666|36568666
36568667|10032503
36568668|10045626
36568669|10005973
36568670|10006012
36568671|10006933
36568672|36568672
36568673|36568673
36568674|10015691
36568675|10015692
36568676|10016969
36568677|10020698
36568678|10020699
36568679|10049108
36568680|10050016
36568681|10055042
36568682|10065541
36568683|36568683
36568684|10065453
36568685|10020874
36568686|36568686
36568687|10020878
36568688|10037428
36568689|10068640
36568690|10016711
36568691|36568691
36568692|10031880
36568693|10013134
36568694|10023148
36568695|10032617
36568696|10032632
36568697|10045758
36568698|36568698
36568699|36568699
36568700|10066014
36568701|36568701
36568702|10052508
36568703|36568703
36568704|10065618
36568705|10021981
36568706|10023150
36568707|10023156
36568708|36568708
36568709|10031156
36568710|10059077
36568711|10063913
36568712|36568712
36568713|36568713
36568714|10031153
36568715|10031154
36568716|10031155
36568717|10033362
36568718|10033363
36568719|10003459
36568720|10003460
36568721|10003461
36568722|10003462
36568723|10003463
36568724|10003464
36568725|10003465
36568726|10003466
36568727|10003467
36568728|10003860
36568729|10003861
36568730|10005994
36568731|10028855
36568732|36568732
36568733|36568733
36568734|10064656
36568735|36568735
36568736|10066480
36568737|10067504
36568738|36568738
36568739|36568739
36568740|10053519
36568741|36568741
36568742|10031054
36568743|10034550
36568744|36568744
36568745|10034553
36568746|10034554
36568747|10034555
36568748|10034556
36568749|10034557
36568750|10034558
36568751|10034559
36568752|10034560
36568753|10034561
36568754|10034562
36568755|10034563
36568756|36568756
36568757|36568757
36568758|36568758
36568759|10013301
36568760|10013354
36568761|10020676
36568762|10031487
36568763|10031948
36568764|10031952
36568765|10032983
36568766|10041565
36568767|10045777
36568768|10048877
36568769|36568769
36568770|36568770
36568771|36568771
36568772|36568772
36568773|36568773
36568774|10006003
36568775|10006013
36568776|10015758
36568777|10031265
36568778|10031266
36568779|10033384
36568780|10033398
36568781|10033450
36568782|10040777
36568783|10043828
36568784|10050175
36568785|10052060
36568786|10065017
36568787|36568787
36568788|10009828
36568789|36568789
36568790|10041355
36568791|36568791
36568792|10023143
36568793|10023157
36568794|36568794
36568795|10033455
36568796|36568796
36568797|36568797
36568798|10067501
36568799|36568799
36568800|10015083
36568801|36568801
36568802|10031241
36568803|10031242
36568804|10059652
36568805|36568805
36568806|10009904
36568807|10009906
36568808|10013207
36568809|10048499
36568810|36568810
36568811|10010759
36568812|10012815
36568813|10032613
36568814|10045746
36568815|36568815
36568816|36568816
36568817|10012493
36568818|10012500
36568819|10057064
36568820|36568820
36568821|10053918
36568822|36568822
36568823|10054872
36568824|36568824
36568825|36568825
36568826|10026728
36568827|10026729
36568828|36568828
36568829|36568829
36568830|10003247
36568831|10003263
36568832|10003264
36568833|10003683
36568834|10016751
36568835|10023217
36568836|10023233
36568837|10049008
36568838|10056617
36568839|10059154
36568840|10060697
36568841|10062687
36568842|10065266
36568843|10066547
36568844|10066550
36568845|10067624
36568846|10068669
36568847|36568847
36568848|10009286
36568849|10009287
36568850|10009288
36568851|10009289
36568852|10009290
36568853|10009291
36568854|10009292
36568855|10009293
36568856|10009294
36568857|10009295
36568858|10009296
36568859|10027298
36568860|10003238
36568861|36568861
36568862|10003286
36568863|10003287
36568864|10003288
36568865|10003289
36568866|10003291
36568867|10003292
36568868|10003297
36568869|10003298
36568870|10003299
36568871|10003304
36568872|10003376
36568873|10003378
36568874|10003379
36568875|10003380
36568876|10003381
36568877|10003382
36568878|10003383
36568879|10003384
36568880|10003385
36568881|10003392
36568882|10003393
36568883|10003394
36568884|36568884
36568885|10013230
36568886|10023211
36568887|10023212
36568888|10023214
36568889|10024804
36568890|10031528
36568891|10031562
36568892|10032084
36568893|10032512
36568894|10032513
36568895|10032514
36568896|10032515
36568897|10032516
36568898|10032517
36568899|10032518
36568900|10032519
36568901|10032520
36568902|10032521
36568903|10032522
36568904|10032652
36568905|10032665
36568906|10032667
36568907|10032670
36568908|10032671
36568909|10032672
36568910|10032673
36568911|10032674
36568912|10032675
36568913|10032678
36568914|10032699
36568915|10032901
36568916|10032971
36568917|10032973
36568918|10032974
36568919|10032975
36568920|10032976
36568921|10032977
36568922|10032978
36568923|10032979
36568924|10032980
36568925|10032981
36568926|10032982
36568927|10044362
36568928|10044363
36568929|10044364
36568930|10044365
36568931|10044366
36568932|10044367
36568933|10044368
36568934|10044369
36568935|10044370
36568936|10044371
36568937|10044372
36568938|10045640
36568939|10045770
36568940|10045788
36568941|10045791
36568942|10045795
36568943|10045796
36568944|10045797
36568945|10045798
36568946|10045809
36568947|10045835
36568948|10045986
36568949|10045987
36568950|10048313
36568951|10049577
36568952|10052103
36568953|10052754
36568954|10060617
36568955|10065053
36568956|36568956
36568957|10003273
36568958|36568958
36568959|10027841
36568960|10046018
36568961|10046019
36568962|10046020
36568963|10046021
36568964|10046022
36568965|10046023
36568966|10046024
36568967|10046025
36568968|10046026
36568969|10046027
36568970|10003250
36568971|10003295
36568972|10003375
36568973|10008408
36568974|10008410
36568975|36568975
36568976|36568976
36568977|10033535
36568978|10033536
36568979|10033537
36568980|10033538
36568981|10033539
36568982|10033540
36568983|10033541
36568984|10033542
36568985|10033543
36568986|10033544
36568987|10033545
36568988|10003261
36568989|10003262
36568990|10018076
36568991|10021994
36568992|10032782
36568993|10032783
36568994|36568994
36568995|10036031
36568996|10036032
36568997|10036033
36568998|10036034
36568999|10036035
36569000|10045965
36569001|10046100
36569002|10046101
36569003|10046102
36569004|10046103
36569005|10046104
36569006|10046105
36569007|10046106
36569008|10046107
36569009|10046108
36569010|10046109
36569011|10046110
36569012|10050430
36569013|10062429
36569014|10066759
36569015|10067425
36569016|36569016
36569017|10039362
36569018|10001073
36569019|10001074
36569020|10040101
36569021|10040103
36569022|10040104
36569023|36569023
36569024|10065225
36569025|10065253
36569026|10065254
36569027|10008336
36569028|36569028
36569029|10068282
36569030|10008687
36569031|10008689
36569032|10008691
36569033|10008692
36569034|10008693
36569035|10008694
36569036|10008695
36569037|10008696
36569038|10008697
36569039|10008698
36569040|10008699
36569041|10008700
36569042|10008701
36569043|10008702
36569044|10008703
36569045|10008704
36569046|10008705
36569047|10008706
36569048|10008707
36569049|10008708
36569050|10008709
36569051|10008710
36569052|10008711
36569053|36569053
36569054|10066504
36569055|36569055
36569056|36569056
36569057|10048860
36569058|36569058
36569059|10003434
36569060|36569060
36569061|36569061
36569062|10008730
36569063|36569063
36569064|10066189
36569065|10066249
36569066|36569066
36569067|36569067
36569068|10058047
36569069|10002559
36569070|10002560
36569071|10002561
36569072|10002562
36569073|10002563
36569074|10002564
36569075|10002565
36569076|10002566
36569077|10002567
36569078|10002568
36569079|10002569
36569080|10002570
36569081|10002571
36569082|10002572
36569083|10002573
36569084|10002575
36569085|36569085
36569086|10010819
36569087|10010820
36569088|10010821
36569089|10010822
36569090|10010823
36569091|10010824
36569092|10010825
36569093|10010826
36569094|10010827
36569095|10010828
36569096|10010831
36569097|36569097
36569098|10012370
36569099|36569099
36569100|10012529
36569101|36569101
36569102|36569102
36569103|10049427
36569104|10053169
36569105|36569105
36569106|36569106
36569107|10024045
36569108|36569108
36569109|10002697
36569110|10008731
36569111|10008732
36569112|36569112
36569113|10001286
36569114|10007211
36569115|10007212
36569116|10017391
36569117|10017392
36569118|36569118
36569119|10049618
36569120|10058107
36569121|36569121
36569122|10043206
36569123|10043216
36569124|10043217
36569125|10043218
36569126|10043219
36569127|36569127
36569128|10043900
36569129|10062574
36569130|36569130
36569131|10000430
36569132|10000444
36569133|10000445
36569134|10000447
36569135|10000449
36569136|36569136
36569137|10003240
36569138|10003241
36569139|10003242
36569140|10003243
36569141|10003244
36569142|10003245
36569143|10011249
36569144|10018086
36569145|10023197
36569146|10023222
36569147|10023477
36569148|10033379
36569149|10033408
36569150|10033410
36569151|10033411
36569152|10033415
36569153|10033417
36569154|10033418
36569155|10033420
36569156|10033424
36569157|10033432
36569158|10033434
36569159|10033435
36569160|10033436
36569161|10033437
36569162|10033438
36569163|10033439
36569164|10033440
36569165|10033441
36569166|10033442
36569167|10033443
36569168|10033444
36569169|10033445
36569170|10033456
36569171|10033458
36569172|10033491
36569173|10033501
36569174|10033509
36569175|10033511
36569176|10033512
36569177|10036029
36569178|10039071
36569179|10039354
36569180|10040615
36569181|10040618
36569182|10043215
36569183|10048692
36569184|10048913
36569185|10062438
36569186|10064238
36569187|10068552
36569188|36569188
36569189|10011284
36569190|36569190
36569191|10053168
36569192|10002543
36569193|10014294
36569194|10014295
36569195|10014296
36569196|10014297
36569197|10014298
36569198|10014299
36569199|10014300
36569200|10014301
36569201|10014302
36569202|10014303
36569203|10014304
36569204|10014305
36569205|10014306
36569206|10014307
36569207|10014308
36569208|10014309
36569209|10014310
36569210|10014343
36569211|10020487
36569212|36569212
36569213|10023474
36569214|10048048
36569215|10048314
36569216|36569216
36569217|10065796
36569218|10065800
36569219|10002552
36569220|10014047
36569221|10023151
36569222|10023161
36569223|36569223
36569224|10040619
36569225|10042041
36569226|10042042
36569227|10042047
36569228|10042049
36569229|10042050
36569230|10042051
36569231|10042052
36569232|10042053
36569233|10042054
36569234|10042055
36569235|10042056
36569236|10042057
36569237|10042058
36569238|10042059
36569239|10049770
36569240|10059879
36569241|10068308
36569242|10002553
36569243|10002554
36569244|10002555
36569245|36569245
36569246|10023234
36569247|10023235
36569248|10042689
36569249|10042697
36569250|10042698
36569251|10042704
36569252|10042707
36569253|10042715
36569254|10042717
36569255|10042721
36569256|10042722
36569257|10042728
36569258|10050485
36569259|36569259
36569260|10024826
36569261|10024827
36569262|10024828
36569263|36569263
36569264|10024830
36569265|10024831
36569266|10024832
36569267|10024833
36569268|10024834
36569269|10024835
36569270|10024836
36569271|36569271
36569272|36569272
36569273|10008335
36569274|10040614
36569275|10049595
36569276|36569276
36569277|10051104
36569278|10062607
36569279|10006042
36569280|10019367
36569281|10019368
36569282|36569282
36569283|10002547
36569284|10003416
36569285|10003417
36569286|10003418
36569287|10012164
36569288|10013021
36569289|10013888
36569290|10014345
36569291|10016686
36569292|10016973
36569293|10018091
36569294|10018122
36569295|10019115
36569296|10020108
36569297|10023308
36569298|10023309
36569299|10023310
36569300|10023311
36569301|10023312
36569302|10023313
36569303|10023314
36569304|10023315
36569305|10023316
36569306|10023317
36569307|10023318
36569308|10023476
36569309|10024776
36569310|10029870
36569311|10029874
36569312|10029875
36569313|10029876
36569314|10029877
36569315|10029881
36569316|10031158
36569317|10031159
36569318|36569318
36569319|10031162
36569320|10031163
36569321|10031164
36569322|10031165
36569323|10031166
36569324|10031167
36569325|10031171
36569326|10031174
36569327|10031175
36569328|10031176
36569329|10031177
36569330|10031178
36569331|10031179
36569332|10031180
36569333|10031181
36569334|10031182
36569335|10031183
36569336|10031184
36569337|10031185
36569338|10031186
36569339|10031187
36569340|10031188
36569341|10031189
36569342|10031190
36569343|10031191
36569344|10031192
36569345|10031193
36569346|10031194
36569347|10031195
36569348|10031196
36569349|10031197
36569350|10031198
36569351|10031199
36569352|10031200
36569353|10031201
36569354|10031202
36569355|10031203
36569356|10031204
36569357|10031205
36569358|10031206
36569359|10031207
36569360|10031208
36569361|10031209
36569362|10031210
36569363|10031211
36569364|10031212
36569365|10031213
36569366|10031214
36569367|10031215
36569368|10031216
36569369|10031217
36569370|10031218
36569371|10031219
36569372|10031220
36569373|10031221
36569374|10031222
36569375|10031223
36569376|10031224
36569377|10031225
36569378|10035072
36569379|10040616
36569380|10043658
36569381|10043921
36569382|10048050
36569383|10048793
36569384|10048794
36569385|10049491
36569386|10049594
36569387|10049623
36569388|10058190
36569389|10058191
36569390|10058192
36569391|10058193
36569392|10058194
36569393|10058195
36569394|10058196
36569395|10058197
36569396|10058198
36569397|10058199
36569398|10058200
36569399|10058201
36569400|10059627
36569401|10062470
36569402|10062893
36569403|10063422
36569404|10064565
36569405|10065955
36569406|10067459
36569407|36569407
36569408|10002558
36569409|36569409
36569410|10054040
36569411|10054080
36569412|10008314
36569413|10008315
36569414|10008317
36569415|10012165
36569416|10020700
36569417|10021996
36569418|10025006
36569419|10025007
36569420|10025013
36569421|10025020
36569422|10029871
36569423|10029878
36569424|10029879
36569425|10029880
36569426|10031160
36569427|10031168
36569428|10031169
36569429|10031170
36569430|10031172
36569431|10032155
36569432|10032954
36569433|10039355
36569434|36569434
36569435|10041678
36569436|10041679
36569437|10041680
36569438|10041681
36569439|10041682
36569440|10041684
36569441|10043476
36569442|10043477
36569443|10043478
36569444|10050470
36569445|10056449
36569446|10058813
36569447|10063548
36569448|10066658
36569449|10003377
36569450|10037160
36569451|10037161
36569452|36569452
36569453|10037164
36569454|10037166
36569455|10066579
36569456|10066730
36569457|36569457
36569458|10003265
36569459|10041669
36569460|10041673
36569461|10058338
36569462|36569462
36569463|10045966
36569464|36569464
36569465|36569465
36569466|10022613
36569467|10028313
36569468|10028412
36569469|36569469
36569470|10031050
36569471|10044530
36569472|10058957
36569473|36569473
36569474|36569474
36569475|10016631
36569476|10016663
36569477|10028363
36569478|36569478
36569479|10063041
36569480|10066611
36569481|10018089
36569482|10028287
36569483|10028322
36569484|10028332
36569485|10028341
36569486|10028361
36569487|10028362
36569488|36569488
36569489|10033466
36569490|10036097
36569491|10036098
36569492|10036101
36569493|10043230
36569494|10048317
36569495|10051587
36569496|10062441
36569497|10063543
36569498|10063545
36569499|10022531
36569500|36569500
36569501|36569501
36569502|10003703
36569503|10003718
36569504|10012149
36569505|10013521
36569506|36569506
36569507|10028298
36569508|10028306
36569509|10028307
36569510|10028348
36569511|10028349
36569512|10028371
36569513|10010815
36569514|10016225
36569515|10016226
36569516|10016572
36569517|36569517
36569518|10028304
36569519|10028305
36569520|10012749
36569521|10013237
36569522|36569522
36569523|10028301
36569524|10032487
36569525|36569525
36569526|36569526
36569527|10019433
36569528|10019560
36569529|36569529
36569530|10028310
36569531|10055824
36569532|10055890
36569533|36569533
36569534|36569534
36569535|10011285
36569536|10011287
36569537|10011288
36569538|10011290
36569539|10011291
36569540|10011292
36569541|10011293
36569542|10011294
36569543|10011295
36569544|10011296
36569545|10011297
36569546|10011298
36569547|10011300
36569548|10011301
36569549|10016964
36569550|10018125
36569551|10024125
36569552|10028294
36569553|10028295
36569554|10028296
36569555|10028333
36569556|36569556
36569557|10028366
36569558|10028828
36569559|10029408
36569560|10029456
36569561|10041385
36569562|10041386
36569563|10041390
36569564|10041396
36569565|10041408
36569566|10043375
36569567|10048315
36569568|10049899
36569569|10052295
36569570|10058801
36569571|10063952
36569572|10067893
36569573|36569573
36569574|10028845
36569575|10034543
36569576|10043859
36569577|10043860
36569578|36569578
36569579|10049819
36569580|10028346
36569581|36569581
36569582|10045196
36569583|10045197
36569584|10045198
36569585|10045199
36569586|10045200
36569587|10045201
36569588|10045202
36569589|10045203
36569590|10045204
36569591|36569591
36569592|36569592
36569593|10048656
36569594|36569594
36569595|10027994
36569596|10028637
36569597|10028638
36569598|10029316
36569599|36569599
36569600|10032829
36569601|10044236
36569602|10064500
36569603|36569603
36569604|36569604
36569605|10052499
36569606|10024183
36569607|10038741
36569608|10038742
36569609|10042841
36569610|36569610
36569611|10064476
36569612|36569612
36569613|10048323
36569614|36569614
36569615|10039170
36569616|36569616
36569617|36569617
36569618|10018133
36569619|36569619
36569620|10020859
36569621|10020862
36569622|10021670
36569623|10028367
36569624|10028368
36569625|10028369
36569626|10043933
36569627|36569627
36569628|10000064
36569629|10003624
36569630|10003633
36569631|10011973
36569632|10016745
36569633|10016746
36569634|10016785
36569635|36569635
36569636|10025369
36569637|10028308
36569638|10028328
36569639|10028344
36569640|10028345
36569641|10029504
36569642|10040773
36569643|36569643
36569644|10024082
36569645|10026839
36569646|36569646
36569647|10028364
36569648|10035507
36569649|10039168
36569650|10039169
36569651|10039172
36569652|10039174
36569653|10063490
36569654|10016688
36569655|10024132
36569656|36569656
36569657|10028336
36569658|10041416
36569659|10041418
36569660|10048970
36569661|10068713
36569662|10068714
36569663|10028656
36569664|10028658
36569665|10048399
36569666|36569666
36569667|10028838
36569668|10028839
36569669|10039173
36569670|36569670
36569671|36569671
36569672|10041407
36569673|36569673
36569674|10044075
36569675|10044077
36569676|10044078
36569677|10048058
36569678|10048059
36569679|10048318
36569680|10058980
36569681|10064124
36569682|10065261
36569683|10066657
36569684|10037203
36569685|36569685
36569686|10023145
36569687|10023155
36569688|10023158
36569689|10024793
36569690|10039171
36569691|10041402
36569692|36569692
36569693|36569693
36569694|10019132
36569695|10024947
36569696|10028350
36569697|10028351
36569698|36569698
36569699|10028415
36569700|10047867
36569701|10047868
36569702|10047870
36569703|10048391
36569704|10048465
36569705|10050379
36569706|10059002
36569707|10059003
36569708|10062571
36569709|10062572
36569710|10062976
36569711|10065702
36569712|10065776
36569713|10065780
36569714|10065794
36569715|10065795
36569716|10065895
36569717|10030270
36569718|10034261
36569719|36569719
36569720|36569720
36569721|10014070
36569722|10028421
36569723|10028422
36569724|10028423
36569725|36569725
36569726|10028425
36569727|10037956
36569728|10062722
36569729|10067685
36569730|36569730
36569731|10066233
36569732|36569732
36569733|10002028
36569734|36569734
36569735|36569735
36569736|10066339
36569737|36569737
36569738|36569738
36569739|10028636
36569740|36569740
36569741|10028642
36569742|10028646
36569743|10028647
36569744|10028649
36569745|10032283
36569746|10037078
36569747|10037079
36569748|10042024
36569749|10042753
36569750|10042754
36569751|10066646
36569752|36569752
36569753|10052511
36569754|10063020
36569755|10028303
36569756|36569756
36569757|10009248
36569758|36569758
36569759|36569759
36569760|36569760
36569761|10067698
36569762|36569762
36569763|10011616
36569764|10011617
36569765|10014340
36569766|10014341
36569767|36569767
36569768|10006046
36569769|10016682
36569770|10026710
36569771|10031449
36569772|10031457
36569773|10042650
36569774|10045731
36569775|36569775
36569776|10000540
36569777|10000547
36569778|10007833
36569779|10007834
36569780|10009246
36569781|10015112
36569782|10016176
36569783|10016762
36569784|10016763
36569785|10016966
36569786|10019091
36569787|10019092
36569788|10019093
36569789|10019094
36569790|10019096
36569791|10019108
36569792|10031447
36569793|10031454
36569794|10032097
36569795|10034743
36569796|10034744
36569797|10034746
36569798|10043916
36569799|10043917
36569800|10045615
36569801|36569801
36569802|10062128
36569803|10066313
36569804|10066803
36569805|10066804
36569806|10067706
36569807|10067707
36569808|10068661
36569809|10009247
36569810|10009689
36569811|10050557
36569812|10059113
36569813|36569813
36569814|10018195
36569815|10018196
36569816|10018197
36569817|10018198
36569818|10018199
36569819|10018200
36569820|10023470
36569821|10023471
36569822|10023480
36569823|10031452
36569824|36569824
36569825|10000537
36569826|10000539
36569827|10000542
36569828|10024495
36569829|10024496
36569830|10031448
36569831|10031450
36569832|10031453
36569833|10031455
36569834|10031459
36569835|10045730
36569836|10045732
36569837|10050555
36569838|10050556
36569839|10053640
36569840|10053647
36569841|36569841
36569842|10060962
36569843|36569843
36569844|10045521
36569845|10052345
36569846|10052432
36569847|10053207
36569848|36569848
36569849|10046970
36569850|10047034
36569851|10048045
36569852|36569852
36569853|36569853
36569854|36569854
36569855|10008257
36569856|10012151
36569857|10012152
36569858|10012153
36569859|10012156
36569860|10012157
36569861|10022627
36569862|10024991
36569863|10052292
36569864|36569864
36569865|10065921
36569866|10008258
36569867|10013059
36569868|10013060
36569869|10022628
36569870|10022629
36569871|10022630
36569872|10022631
36569873|10022632
36569874|10022633
36569875|10022634
36569876|10022637
36569877|10024992
36569878|10024993
36569879|10031549
36569880|10031550
36569881|10031551
36569882|10031552
36569883|10031553
36569884|10039653
36569885|10039654
36569886|10039655
36569887|10039656
36569888|10039657
36569889|10051582
36569890|36569890
36569891|10065294
36569892|10013397
36569893|10013398
36569894|10013399
36569895|10013400
36569896|10013401
36569897|36569897
36569898|10022638
36569899|10036847
36569900|10036849
36569901|10036852
36569902|10041025
36569903|10041026
36569904|10041030
36569905|10048772
36569906|10048854
36569907|10048856
36569908|36569908
36569909|10050330
36569910|10063347
36569911|10066256
36569912|10066257
36569913|10066258
36569914|10067104
36569915|36569915
36569916|10011223
36569917|10023042
36569918|10023043
36569919|10025019
36569920|10029250
36569921|10037739
36569922|10039673
36569923|36569923
36569924|10039675
36569925|10039676
36569926|10049756
36569927|10049902
36569928|10050221
36569929|10050431
36569930|10056572
36569931|36569931
36569932|36569932
36569933|36569933
36569934|36569934
36569935|10054068
36569936|10019193
36569937|10031458
36569938|10032490
36569939|10045613
36569940|10048287
36569941|10048288
36569942|36569942
36569943|36569943
36569944|10000544
36569945|10029795
36569946|36569946
36569947|36569947
36569948|36569948
36569949|36569949
36569950|10069003
36569951|10069006
36569952|36569952
36569953|36569953
36569954|36569954
36569955|36569955
36569956|10041593
36569957|10041594
36569958|36569958
36569959|10051840
36569960|36569960
36569961|10001320
36569962|10020465
36569963|36569963
36569964|10023510
36569965|10023511
36569966|10023512
36569967|10032198
36569968|36569968
36569969|10024843
36569970|10024844
36569971|10024845
36569972|10032214
36569973|36569973
36569974|10041595
36569975|10041597
36569976|36569976
36569977|10051839
36569978|10000543
36569979|10028830
36569980|36569980
36569981|10023507
36569982|10032197
36569983|10036804
36569984|10038640
36569985|36569985
36569986|10039723
36569987|10039724
36569988|10043483
36569989|10064654
36569990|36569990
36569991|10041596
36569992|10041598
36569993|10041599
36569994|10041600
36569995|10041601
36569996|10011648
36569997|10011649
36569998|10011650
36569999|10012144
36570000|10023453
36570001|10031456
36570002|10031878
36570003|10031879
36570004|10045724
36570005|10045725
36570006|36570006
36570007|10000575
36570008|10041674
36570009|10048986
36570010|10049007
36570011|10050628
36570012|10052054
36570013|10052493
36570014|36570014
36570015|10063551
36570016|10065998
36570017|36570017
36570018|36570018
36570019|10067713
36570020|36570020
36570021|10000541
36570022|10048732
36570023|36570023
36570024|10064105
36570025|10067231
36570026|36570026
36570027|36570027
36570028|10000538
36570029|10011245
36570030|10011247
36570031|10020097
36570032|10031451
36570033|10045614
36570034|36570034
36570035|36570035
36570036|10000545
36570037|10034242
36570038|36570038
36570039|36570039
36570040|10052481
36570041|36570041
36570042|36570042
36570043|36570043
36570044|10010818
36570045|10010829
36570046|36570046
36570047|36570047
36570048|10016230
36570049|10016231
36570050|10016238
36570051|10051799
36570052|36570052
36570053|10016239
36570054|36570054
36570055|10057998
36570056|10066146
36570057|10000683
36570058|10003978
36570059|10003985
36570060|36570060
36570061|10003989
36570062|10003990
36570063|10003993
36570064|10003994
36570065|10008837
36570066|10013601
36570067|10024798
36570068|10024890
36570069|10024891
36570070|10024892
36570071|10024988
36570072|10024989
36570073|10024998
36570074|10025012
36570075|10031675
36570076|10033380
36570077|10033391
36570078|10033460
36570079|10033462
36570080|10033478
36570081|10041353
36570082|10046273
36570083|10048412
36570084|10048710
36570085|10052429
36570086|10052430
36570087|10064734
36570088|10066910
36570089|36570089
36570090|36570090
36570091|10007030
36570092|10024497
36570093|10024943
36570094|10024944
36570095|10036644
36570096|10036645
36570097|10049877
36570098|10054246
36570099|10054267
36570100|36570100
36570101|10008490
36570102|10008491
36570103|10008496
36570104|10033461
36570105|10048693
36570106|10048711
36570107|10048722
36570108|36570108
36570109|10003982
36570110|10013088
36570111|10028299
36570112|10028831
36570113|36570113
36570114|36570114
36570115|10054243
36570116|10054245
36570117|10054247
36570118|36570118
36570119|10032304
36570120|10033406
36570121|10033412
36570122|10033419
36570123|10033468
36570124|10033519
36570125|10039068
36570126|10039070
36570127|10039072
36570128|10040610
36570129|10040617
36570130|10048677
36570131|10063893
36570132|10064857
36570133|10066999
36570134|10068667
36570135|10000690
36570136|10008296
36570137|10008322
36570138|36570138
36570139|10033467
36570140|10049860
36570141|10000431
36570142|10000448
36570143|10000450
36570144|10007031
36570145|10016974
36570146|10019116
36570147|10024130
36570148|10033400
36570149|10033409
36570150|10033413
36570151|10033414
36570152|10033416
36570153|10033421
36570154|10033422
36570155|36570155
36570156|10033428
36570157|10033429
36570158|10033430
36570159|10033431
36570160|10033446
36570161|10033447
36570162|10033451
36570163|10033452
36570164|10033459
36570165|10033471
36570166|10033472
36570167|10033473
36570168|10033475
36570169|10033503
36570170|10033506
36570171|10033508
36570172|10033513
36570173|10033515
36570174|10033522
36570175|10041358
36570176|10048973
36570177|10052410
36570178|10059671
36570179|10068901
36570180|36570180
36570181|36570181
36570182|10003984
36570183|10013604
36570184|10031559
36570185|10032972
36570186|10033015
36570187|10028352
36570188|10032273
36570189|36570189
36570190|36570190
36570191|36570191
36570192|36570192
36570193|36570193
36570194|10018760
36570195|10018761
36570196|10019371
36570197|36570197
36570198|10066333
36570199|10066864
36570200|36570200
36570201|36570201
36570202|36570202
36570203|10036314
36570204|10047687
36570205|10047688
36570206|10048660
36570207|10051477
36570208|10061785
36570209|36570209
36570210|10000571
36570211|10000572
36570212|10013329
36570213|10028379
36570214|10029568
36570215|10029569
36570216|10029570
36570217|10029571
36570218|10029572
36570219|10029573
36570220|10029574
36570221|10029575
36570222|10029576
36570223|10029577
36570224|10029578
36570225|10031460
36570226|10031480
36570227|10031936
36570228|10031988
36570229|10032275
36570230|10032276
36570231|10032657
36570232|10032827
36570233|10045814
36570234|10046038
36570235|36570235
36570236|10065797
36570237|10014048
36570238|10016695
36570239|10024509
36570240|10028339
36570241|10028833
36570242|10028842
36570243|10028843
36570244|10042039
36570245|10042040
36570246|10042043
36570247|10042045
36570248|10042046
36570249|10042048
36570250|10042060
36570251|10051037
36570252|10052372
36570253|36570253
36570254|10029493
36570255|36570255
36570256|10002712
36570257|36570257
36570258|10064020
36570259|36570259
36570260|36570260
36570261|36570261
36570262|10019348
36570263|10019349
36570264|10019353
36570265|10019354
36570266|36570266
36570267|36570267
36570268|36570268
36570269|36570269
36570270|36570270
36570271|10067637
36570272|36570272
36570273|10049798
36570274|36570274
36570275|10064284
36570276|36570276
36570277|10016724
36570278|10048454
36570279|10050422
36570280|36570280
36570281|36570281
36570282|10033403
36570283|36570283
36570284|36570284
36570285|36570285
36570286|36570286
36570287|10031564
36570288|10032002
36570289|10041289
36570290|36570290
36570291|10065798
36570292|10065799
36570293|36570293
36570294|10055340
36570295|36570295
36570296|10065775
36570297|10065777
36570298|10065778
36570299|10065779
36570300|10065781
36570301|10065793
36570302|36570302
36570303|10002430
36570304|36570304
36570305|36570305
36570306|10004240
36570307|10004303
36570308|10004304
36570309|10004305
36570310|10004343
36570311|10004344
36570312|10004345
36570313|10004377
36570314|10004392
36570315|10004394
36570316|10004396
36570317|10004397
36570318|10004423
36570319|10006015
36570320|10056317
36570321|36570321
36570322|10004291
36570323|36570323
36570324|10048613
36570325|36570325
36570326|10004459
36570327|10031680
36570328|10031681
36570329|10031682
36570330|10031683
36570331|10031684
36570332|10031685
36570333|10031686
36570334|10031687
36570335|10031688
36570336|10031689
36570337|36570337
36570338|10004239
36570339|36570339
36570340|10007932
36570341|10062381
36570342|10062385
36570343|36570343
36570344|36570344
36570345|36570345
36570346|10008733
36570347|36570347
36570348|10051522
36570349|10051523
36570350|36570350
36570351|10059353
36570352|10059354
36570353|36570353
36570354|10013891
36570355|36570355
36570356|36570356
36570357|10016630
36570358|10029649
36570359|10045154
36570360|10057717
36570361|10032054
36570362|10032725
36570363|10032726
36570364|36570364
36570365|36570365
36570366|10049457
36570367|36570367
36570368|36570368
36570369|36570369
36570370|36570370
36570371|10024615
36570372|10024617
36570373|10024618
36570374|10024619
36570375|10024620
36570376|10024621
36570377|10024622
36570378|10024623
36570379|36570379
36570380|36570380
36570381|10004430
36570382|36570382
36570383|36570383
36570384|36570384
36570385|10001886
36570386|10001888
36570387|36570387
36570388|10001885
36570389|36570389
36570390|36570390
36570391|36570391
36570392|36570392
36570393|10005950
36570394|10007303
36570395|10025779
36570396|10025780
36570397|10025781
36570398|10025782
36570399|10026086
36570400|10026088
36570401|10026129
36570402|10026336
36570403|10026443
36570404|10026452
36570405|10026454
36570406|10026455
36570407|10026632
36570408|36570408
36570409|10056316
36570410|10002236
36570411|36570411
36570412|10006008
36570413|10008740
36570414|36570414
36570415|10027770
36570416|10031226
36570417|10031244
36570418|36570418
36570419|10031295
36570420|10031297
36570421|10039492
36570422|10039496
36570423|10043195
36570424|10008726
36570425|10008727
36570426|36570426
36570427|10008735
36570428|10008737
36570429|10008739
36570430|10011986
36570431|10011989
36570432|10027389
36570433|10027390
36570434|36570434
36570435|10011987
36570436|10027391
36570437|10008728
36570438|36570438
36570439|10011988
36570440|10027392
36570441|36570441
36570442|36570442
36570443|10015103
36570444|36570444
36570445|36570445
36570446|36570446
36570447|36570447
36570448|10015561
36570449|10015563
36570450|10015565
36570451|10015566
36570452|10015567
36570453|10015570
36570454|10025564
36570455|10058254
36570456|10062425
36570457|10062857
36570458|36570458
36570459|10015568
36570460|10058253
36570461|36570461
36570462|10015569
36570463|10058252
36570464|36570464
36570465|10015763
36570466|36570466
36570467|36570467
36570468|36570468
36570469|36570469
36570470|10015842
36570471|10015846
36570472|36570472
36570473|10015845
36570474|36570474
36570475|10015844
36570476|36570476
36570477|36570477
36570478|10015851
36570479|10015853
36570480|10031292
36570481|36570481
36570482|36570482
36570483|36570483
36570484|36570484
36570485|10016637
36570486|10016638
36570487|36570487
36570488|36570488
36570489|10009239
36570490|10023287
36570491|36570491
36570492|10055774
36570493|36570493
36570494|10024193
36570495|36570495
36570496|36570496
36570497|36570497
36570498|36570498
36570499|10024631
36570500|10024633
36570501|36570501
36570502|36570502
36570503|36570503
36570504|10016665
36570505|36570505
36570506|10025556
36570507|10025562
36570508|36570508
36570509|36570509
36570510|36570510
36570511|36570511
36570512|10025676
36570513|10025678
36570514|10027748
36570515|10027750
36570516|36570516
36570517|36570517
36570518|10027746
36570519|36570519
36570520|10027747
36570521|36570521
36570522|10027749
36570523|10050530
36570524|36570524
36570525|10025862
36570526|10025863
36570527|10025864
36570528|10025865
36570529|10025866
36570530|10025867
36570531|10025868
36570532|10025869
36570533|10025870
36570534|10026272
36570535|10026699
36570536|36570536
36570537|10015093
36570538|10024773
36570539|36570539
36570540|10027409
36570541|10027410
36570542|10039501
36570543|10062468
36570544|10062474
36570545|36570545
36570546|36570546
36570547|10005993
36570548|10006018
36570549|10006019
36570550|36570550
36570551|10039848
36570552|36570552
36570553|36570553
36570554|36570554
36570555|36570555
36570556|10049729
36570557|36570557
36570558|36570558
36570559|10041581
36570560|10041592
36570561|10029276
36570562|10029278
36570563|36570563
36570564|36570564
36570565|36570565
36570566|36570566
36570567|10002237
36570568|10008741
36570569|10025558
36570570|10027771
36570571|10031227
36570572|10031245
36570573|36570573
36570574|10043196
36570575|10002238
36570576|10008742
36570577|10025559
36570578|10027772
36570579|10031228
36570580|10031246
36570581|36570581
36570582|10043197
36570583|10002239
36570584|10008743
36570585|10025560
36570586|10027773
36570587|10031229
36570588|10031247
36570589|36570589
36570590|10043198
36570591|36570591
36570592|10057656
36570593|10057657
36570594|10034602
36570595|10034604
36570596|36570596
36570597|36570597
36570598|36570598
36570599|36570599
36570600|36570600
36570601|10039024
36570602|10039025
36570603|10039026
36570604|10039028
36570605|10039029
36570606|36570606
36570607|36570607
36570608|36570608
36570609|10039030
36570610|36570610
36570611|10039494
36570612|10065865
36570613|36570613
36570614|36570614
36570615|36570615
36570616|36570616
36570617|36570617
36570618|10042866
36570619|10069062
36570620|36570620
36570621|36570621
36570622|36570622
36570623|36570623
36570624|10005968
36570625|36570625
36570626|36570626
36570627|10005996
36570628|10028984
36570629|10029005
36570630|10029047
36570631|10054867
36570632|10056318
36570633|10050265
36570634|36570634
36570635|10010764
36570636|10029008
36570637|10029050
36570638|36570638
36570639|10018253
36570640|10018254
36570641|36570641
36570642|10062856
36570643|10067746
36570644|10067839
36570645|36570645
36570646|10067918
36570647|36570647
36570648|36570648
36570649|10024185
36570650|10051431
36570651|10067401
36570652|10068762
36570653|36570653
36570654|10048912
36570655|36570655
36570656|36570656
36570657|10051954
36570658|10057618
36570659|36570659
36570660|36570660
36570661|36570661
36570662|36570662
36570663|10000443
36570664|10006809
36570665|36570665
36570666|10006813
36570667|10016668
36570668|10030278
36570669|10031701
36570670|10036503
36570671|10036622
36570672|10040611
36570673|10041426
36570674|10042270
36570675|10042593
36570676|10043830
36570677|10059854
36570678|10066488
36570679|10004069
36570680|10017702
36570681|10017703
36570682|10017704
36570683|10017705
36570684|10017707
36570685|10032083
36570686|36570686
36570687|10042859
36570688|10042860
36570689|10053192
36570690|10063048
36570691|10067230
36570692|10068991
36570693|10032005
36570694|10032647
36570695|10032694
36570696|10042861
36570697|10045828
36570698|36570698
36570699|36570699
36570700|10042872
36570701|10042873
36570702|10042874
36570703|10042875
36570704|10042876
36570705|10047413
36570706|10047414
36570707|10047415
36570708|10047416
36570709|10047417
36570710|10047418
36570711|10047419
36570712|10047420
36570713|10047421
36570714|10047422
36570715|10047423
36570716|10049488
36570717|10056252
36570718|10059083
36570719|10064089
36570720|10066665
36570721|10067132
36570722|10067133
36570723|10067134
36570724|10037753
36570725|36570725
36570726|10056713
36570727|36570727
36570728|10007706
36570729|10013201
36570730|36570730
36570731|36570731
36570732|36570732
36570733|10063719
36570734|36570734
36570735|10003423
36570736|10003424
36570737|10003425
36570738|10003426
36570739|10003427
36570740|10003428
36570741|10003429
36570742|10003430
36570743|10003431
36570744|10003432
36570745|10007707
36570746|10007708
36570747|10051395
36570748|36570748
36570749|36570749
36570750|10060782
36570751|10011218
36570752|36570752
36570753|10043851
36570754|10043852
36570755|10063529
36570756|10001406
36570757|10007041
36570758|10015074
36570759|10015075
36570760|10023259
36570761|10023260
36570762|10023261
36570763|10023262
36570764|10023263
36570765|10023264
36570766|10031130
36570767|36570767
36570768|10031231
36570769|36570769
36570770|10031234
36570771|10031235
36570772|10031236
36570773|10031237
36570774|10031238
36570775|10031239
36570776|10032190
36570777|10034735
36570778|10039594
36570779|10039661
36570780|10054042
36570781|10063585
36570782|10063633
36570783|10064242
36570784|10064892
36570785|36570785
36570786|36570786
36570787|10067358
36570788|36570788
36570789|10006959
36570790|36570790
36570791|10024451
36570792|10030264
36570793|10030265
36570794|10030266
36570795|10030267
36570796|10030268
36570797|36570797
36570798|36570798
36570799|36570799
36570800|10031148
36570801|36570801
36570802|10058661
36570803|10058662
36570804|10058663
36570805|10042746
36570806|36570806
36570807|10068874
36570808|36570808
36570809|36570809
36570810|10014911
36570811|10014912
36570812|10014913
36570813|10014914
36570814|10014915
36570815|10014916
36570816|10014917
36570817|10014918
36570818|10014919
36570819|10032038
36570820|10032039
36570821|10032040
36570822|10032376
36570823|10034573
36570824|10041566
36570825|10045864
36570826|10010830
36570827|10010832
36570828|36570828
36570829|36570829
36570830|10013272
36570831|10013298
36570832|10043222
36570833|36570833
36570834|10043240
36570835|10050129
36570836|10059877
36570837|10065093
36570838|10050471
36570839|36570839
36570840|10000442
36570841|10004549
36570842|10032984
36570843|10032986
36570844|10042869
36570845|10042870
36570846|10042871
36570847|36570847
36570848|10043262
36570849|10063127
36570850|10067216
36570851|36570851
36570852|10044655
36570853|10044656
36600000|10029104
36602206|10006288
36602207|10006291
36602208|10040899
36602209|10014710
36602210|10014713
36602211|10017987
36602212|10017991
36602213|10019813
36602214|10019815
36602215|10027412
36602216|10027476
36602217|10027656
36602218|10027655
36602219|10068775
36602220|10029209
36602221|10029211
36602222|10038363
36602223|10038364
36602224|10038588
36602225|10038595
36602226|10038594
36602227|10038593
36602228|10038597
36602229|10038667
36602230|10038666
36602231|10040776
36602232|10040778
36602233|10040900
36602234|10041294
36602235|10041296
36602236|10041299
36603298|10006287
36603299|10006290
36603300|10006292
36603301|10068207
36603302|10040898
36603303|10001377
36603304|10014711
36603305|10043748
36603306|10001378
36603307|10007283
36603308|10014161
36603309|10014712
36603310|10035099
36603311|10023051
36603312|10028196
36603313|10043749
36603314|10017989
36603315|10024531
36603316|10024948
36603317|10046275
36603318|10002125
36603319|10009945
36603320|10010039
36603321|10010023
36603322|10017994
36603323|10017992
36603324|10024532
36603325|10024530
36603326|10030177
36603327|10033633
36603328|10038039
36603329|10039396
36603330|10039419
36603331|10041100
36603332|10068204
36603333|10004613
36603334|10017634
36603335|10019703
36603336|10019814
36603337|10019816
36603338|10019825
36603339|10027413
36603340|10027414
36603341|10027467
36603342|10027471
36603343|10003792
36603344|10007656
36603345|10029106
36603346|10003793
36603347|10007657
36603348|10015791
36603349|10018205
36603350|10029105
36603351|10029111
36603352|10030315
36603353|10067229
36603354|10018339
36603355|10027195
36603356|10068205
36603357|10029210
36603358|10029312
36603359|10007960
36603360|10018335
36603361|10027196
36603362|10029212
36603363|10029213
36603364|10035055
36603365|10038487
36603366|10046584
36603367|10005013
36603368|10068208
36603369|10038502
36603370|10046585
36603371|10046586
36603372|10018187
36603373|10008291
36603374|10033273
36603375|10038596
36603376|10046806
36603377|10046934
36603378|10047762
36603379|10008230
36603380|10014742
36603381|10016181
36603382|10016413
36603383|10016414
36603384|10033222
36603385|10033129
36603386|10046807
36603387|10046896
36603388|10047750
36603389|10036928
36603390|10038598
36603391|10034300
36603392|10036908
36603393|10038599
36603394|10038600
36603395|10043322
36603396|10027079
36603397|10028722
36603398|10031119
36603399|10034807
36603400|10038722
36603401|10021043
36603402|10023844
36603403|10023826
36603404|10027080
36603405|10027081
36603406|10029664
36603407|10028801
36603408|10033853
36603409|10034812
36603410|10038736
36603411|10038723
36603412|10041059
36603413|10005997
36603414|10007711
36603415|10040769
36603416|10005998
36603417|10005999
36603418|10039498
36603419|10039499
36603420|10027156
36603421|10040901
36603422|10041295
36603423|10025553
36603424|10041293
36603425|10001883
36603426|10015100
36603427|10015760
36603428|10015839
36603429|10015848
36603430|10016634
36603431|10023285
36603432|10024190
36603433|10024628
36603434|10025224
36603435|10025673
36603436|10029273
36603437|10039023
36603438|10041298
36617153|10004243
36617154|10063087
36617155|10006220
36617156|10063088
36617157|10016613
36617158|10016621
36617159|10018820
36617160|10022781
36617161|10024616
36617162|10006187
36617163|10057654
36617164|10006189
36617165|10061020
36617166|10055113
36617167|10006198
36617168|10006199
36617169|10006200
36617170|10006201
36617171|10006202
36617172|10068582
36617173|10068583
36617174|10068584
36617175|10054784
36617176|10011813
36617177|10021977
36617178|10021978
36617179|10021979
36617180|10021980
36617181|10062051
36617182|10053129
36617183|10053128
36617184|10033367
36617185|10006279
36617186|10056286
36617187|10012426
36617188|10065670
36617189|10059394
36617190|10000591
36617191|10004192
36617192|10004398
36617193|10006060
36617194|10015106
36617195|10053717
36617196|10018823
36617197|10019043
36617198|10023256
36617199|10023347
36617200|10065415
36617201|10027145
36617202|10062955
36617203|10048902
36617204|10037649
36617205|10062919
36617206|10039796
36617207|10042658
36617208|10068856
36617209|10052575
36617210|10057444
36617211|10004442
36617212|10027406
36617213|10035603
36617214|10059518
36617215|10035605
36617216|10035607
36617217|10049722
36617218|10027454
36617219|10059282
36617220|10051665
36617221|10049727
36617222|10027455
36617223|10051668
36617224|10027458
36617225|10051696
36617226|10051670
36617227|10061287
36617228|10027462
36617229|10051672
36617230|10051674
36617231|10058307
36617232|10051677
36617233|10049725
36617234|10027463
36617235|10051678
36617236|10061288
36617237|10027465
36617238|10051683
36617239|10027469
36617240|10061600
36617241|10051684
36617242|10051685
36617243|10056251
36617244|10049726
36617245|10062194
36617246|10056253
36617247|10018814
36617248|10060711
36617249|10001233
36617250|10060999
36617251|10051227
36617252|10048757
36617253|10033713
36617254|10048460
36617255|10002476
36617256|10002477
36617257|10057700
36617258|10002480
36617259|10025566
36617260|10025567
36617261|10025568
36617262|10025570
36617263|10059498
36617264|10055031
36617265|10015789
36617266|10061847
36617267|10015800
36617268|10015801
36617269|10015802
36617270|10061848
36617271|10061849
36617272|10015805
36617273|10015806
36617274|10015809
36617275|10015810
36617276|10015811
36617277|10015812
36617278|10015815
36617279|10015816
36617280|10025598
36617281|10008757
36617282|10061184
36617283|10068971
36617284|10061988
36617285|10043276
36617286|10048251
36617287|10001141
36617288|10053231
36617289|10068873
36617290|10004178
36617291|10065305
36617292|10061450
36617293|10067821
36617294|10025654
36617295|10051398
36617296|10064912
36617297|10061289
36617298|10063569
36617299|10057269
36617300|10028997
36617301|10038111
36617302|10057266
36617303|10041056
36617304|10041823
36617305|10064390
36617306|10060980
36617307|10018825
36617308|10028980
36617309|10061309
36617310|10061864
36617311|10061336
36617312|10051807
36617313|10037732
36617314|10000350
36617315|10004231
36617316|10058019
36617317|10065163
36617318|10068834
36617319|10054096
36617320|10022775
36617321|10026673
36617322|10060821
36617323|10059049
36617324|10066930
36617325|10029984
36617326|10067777
36617327|10065249
36617328|10058988
36617329|10064771
36617330|10060905
36617331|10052243
36617332|10068268
36617333|10045168
36617334|10045169
36617335|10049750
36617336|10068679
36617337|10054094
36617338|10045171
36617339|10068067
36617340|10065247
36617341|10048705
36617342|10059420
36617343|10065869
36617344|10006144
36617345|10030287
36617346|10027192
36617347|10041579
36617348|10049005
36617349|10061445
36617350|10051086
36617351|10051766
36617352|10068650
36617353|10067375
36617354|10004380
36617355|10004406
36617356|10006129
36617357|10059273
36617358|10048788
36617359|10052370
36617360|10008777
36617361|10061095
36617362|10011319
36617363|10014969
36617364|10056563
36617365|10018813
36617366|10022759
36617367|10061283
36617368|10029235
36617369|10029267
36617370|10065275
36617371|10017709
36617372|10049691
36617373|10029308
36617374|10055093
36617375|10006131
36617376|10068394
36617377|10065852
36617378|10066231
36617379|10008126
36617380|10067478
36617381|10061238
36617382|10026472
36617383|10065871
36617384|10002224
36617385|10060971
36617386|10006143
36617387|10014968
36617388|10018336
36617389|10018337
36617390|10066254
36617391|10018340
36617392|10065443
36617393|10026659
36617394|10027107
36617395|10066594
36617396|10063157
36617397|10027743
36617398|10027769
36617399|10018826
36617400|10022770
36617401|10056973
36617402|10027193
36617403|10041580
36617404|10001433
36617405|10017708
36617406|10061268
36617407|10029236
36617408|10057846
36617409|10068910
36617410|10003571
36617411|10061019
36617412|10007690
36617413|10007958
36617414|10061750
36617415|10014967
36617416|10018338
36617417|10068601
36617418|10061282
36617419|10027191
36617420|10061311
36617421|10029234
36617422|10056672
36617423|10030286
36617424|10030935
36617425|10062069
36617426|10062261
36617427|10035052
36617428|10061348
36617429|10061537
36617430|10050487
36617431|10035057
36617432|10035059
36617433|10061001
36617434|10033702
36617435|10051948
36617436|10038423
36617437|10049814
36617438|10050176
36617439|10004302
36617440|10004418
36617441|10004419
36617442|10061006
36617443|10058524
36617444|10005064
36617445|10065914
36617446|10051506
36617447|10051638
36617448|10049502
36617449|10051507
36617450|10051639
36617451|10049794
36617452|10004986
36617453|10004987
36617454|10004988
36617455|10004989
36617456|10004990
36617457|10004991
36617458|10004992
36617459|10005003
36617460|10005005
36617461|10005006
36617462|10005007
36617463|10005008
36617464|10005009
36617465|10005010
36617466|10005011
36617467|10005012
36617468|10005075
36617469|10005076
36617470|10005077
36617471|10005078
36617472|10005079
36617473|10005080
36617474|10005081
36617475|10005084
36617476|10066750
36617477|10066749
36617478|10066751
36617479|10066753
36617480|10066754
36617481|10066752
36617482|10007356
36617483|10057352
36617484|10009253
36617485|10050513
36617486|10029145
36617487|10061872
36617488|10038389
36617489|10050018
36617490|10038390
36617491|10038391
36617492|10038392
36617493|10038393
36617494|10038394
36617495|10067946
36617496|10038410
36617497|10038411
36617498|10038412
36617499|10038413
36617500|10038414
36617501|10039019
36617502|10026426
36617503|10044406
36617504|10044407
36617505|10044408
36617506|10044410
36617507|10044411
36617508|10046392
36617509|10046393
36617510|10046394
36617511|10046396
36617512|10046397
36617513|10026326
36617514|10061272
36617515|10044412
36617516|10046431
36617517|10046432
36617518|10046433
36617519|10046435
36617520|10046436
36617521|10061396
36617522|10005056
36617523|10061482
36617524|10062221
36617525|10062223
36617526|10061398
36617527|10053178
36617528|10061183
36617529|10066058
36617530|10004312
36617531|10008254
36617532|10008297
36617533|10008338
36617534|10004433
36617535|10060781
36617536|10048991
36617537|10033132
36617538|10033136
36617539|10049670
36617540|10064257
36617541|10033236
36617542|10052456
36617543|10053865
36617544|10060995
36617545|10004272
36617546|10050697
36617547|10056718
36617548|10035142
36617549|10061007
36617550|10012158
36617551|10014728
36617552|10048931
36617553|10046798
36617554|10046811
36617555|10004140
36617556|10004472
36617557|10046900
36617558|10046939
36617559|10004475
36617560|10050475
36617561|10047765
36617562|10001197
36617563|10001244
36617564|10055094
36617565|10008342
36617566|10008344
36617567|10061809
36617568|10008345
36617569|10008346
36617570|10008347
36617571|10008348
36617572|10041057
36617573|10041848
36617574|10009252
36617575|10014733
36617576|10014734
36617577|10014736
36617578|10014737
36617579|10014738
36617580|10014739
36617581|10014740
36617582|10014741
36617583|10057649
36617584|10067065
36617585|10067064
36617586|10028076
36617587|10033700
36617588|10041883
36617589|10016180
36617590|10016182
36617591|10016184
36617592|10016185
36617593|10016186
36617594|10016187
36617595|10061154
36617596|10018160
36617597|10026350
36617598|10026616
36617599|10066057
36617600|10006032
36617601|10008354
36617602|10014759
36617603|10052825
36617604|10061855
36617605|10061153
36617606|10057376
36617607|10061535
36617608|10061349
36617609|10046803
36617610|10062165
36617611|10062135
36617612|10033144
36617613|10033148
36617614|10033152
36617615|10033156
36617616|10052759
36617617|10056266
36617618|10061893
36617619|10061894
36617620|10061895
36617621|10061896
36617622|10061897
36617623|10033183
36617624|10033187
36617625|10033191
36617626|10033195
36617627|10033196
36617628|10033200
36617629|10033204
36617630|10033208
36617631|10033218
36617632|10033219
36617633|10033220
36617634|10033221
36617635|10033223
36617636|10033227
36617637|10033231
36617638|10033235
36617639|10033237
36617640|10033241
36617641|10033245
36617642|10033249
36617643|10026662
36617644|10033128
36617645|10057529
36617646|10066697
36617647|10061328
36617648|10033158
36617649|10033160
36617650|10033161
36617651|10033162
36617652|10033163
36617653|10033164
36617654|10033268
36617655|10065858
36617656|10068116
36617657|10046766
36617658|10046770
36617659|10046885
36617660|10046887
36617661|10046889
36617662|10046890
36617663|10046891
36617664|10046892
36617665|10046893
36617666|10046894
36617667|10046895
36617668|10033369
36617669|10047741
36617670|10047742
36617671|10047744
36617672|10047745
36617673|10047746
36617674|10047747
36617675|10047748
36617676|10047749
36617677|10004385
36617678|10036940
36617679|10067640
36617680|10060998
36617681|10004323
36617682|10004395
36617683|10068125
36617684|10004410
36617685|10004437
36617686|10014994
36617687|10052480
36617688|10051637
36617689|10048872
36617690|10055033
36617691|10043355
36617692|10007384
36617693|10033365
36617694|10061337
36617695|10062064
36617696|10034329
36617697|10034331
36617698|10034332
36617699|10034333
36617700|10034334
36617701|10034335
36617702|10060862
36617703|10036909
36617704|10036911
36617705|10036912
36617706|10036917
36617707|10036918
36617708|10036919
36617709|10036920
36617710|10018161
36617711|10061235
36617712|10025898
36617713|10068124
36617714|10026470
36617715|10039744
36617716|10055103
36617717|10069101
36617718|10052824
36617719|10061236
36617720|10029096
36617721|10061913
36617722|10061379
36617723|10039956
36617724|10043279
36617725|10062122
36617726|10043303
36617727|10043304
36617728|10043305
36617729|10062123
36617730|10043309
36617731|10043310
36617732|10043311
36617733|10061378
36617734|10068694
36617735|10043331
36617736|10043332
36617737|10043333
36617738|10043339
36617739|10043340
36617740|10043341
36617741|10062124
36617742|10043350
36617743|10043351
36617744|10043352
36617745|10043357
36617746|10043358
36617747|10043359
36617748|10057644
36617749|10004288
36617750|10050168
36617751|10051712
36617752|10051711
36617753|10028756
36617754|10062321
36617755|10057447
36617756|10040749
36617757|10040750
36617758|10028802
36617759|10057451
36617760|10044004
36617761|10004278
36617762|10057437
36617763|10021051
36617764|10051848
36617765|10023851
36617766|10034821
36617767|10034828
36617768|10051943
36617769|10051515
36617770|10047675
36617771|10051545
36617772|10004280
36617773|10004443
36617774|10061002
36617775|10004466
36617776|10052247
36617777|10057346
36617778|10014654
36617779|10068749
36617780|10021042
36617781|10021044
36617782|10021045
36617783|10021046
36617784|10021047
36617785|10021048
36617786|10021049
36617787|10056305
36617788|10023841
36617789|10057038
36617790|10057438
36617791|10018395
36617792|10023825
36617793|10023828
36617794|10023829
36617795|10023830
36617796|10023831
36617797|10023832
36617798|10023833
36617799|10036334
36617800|10027086
36617801|10043670
36617802|10061241
36617803|10026532
36617804|10055108
36617805|10061031
36617806|10043674
36617807|10001245
36617808|10001247
36617809|10001248
36617810|10001249
36617811|10001250
36617812|10001251
36617813|10001254
36617814|10023724
36617815|10023775
36617816|10023776
36617817|10023777
36617818|10023778
36617819|10023779
36617820|10023780
36617821|10025031
36617822|10064049
36617823|10025033
36617824|10025034
36617825|10025035
36617826|10025036
36617827|10025037
36617828|10025038
36617829|10025120
36617830|10025121
36617831|10025122
36617832|10025123
36617833|10025124
36617834|10025125
36617835|10025126
36617836|10061873
36617837|10059515
36617838|10029515
36617839|10029516
36617840|10029517
36617841|10029518
36617842|10029519
36617843|10029520
36617844|10029521
36617845|10029522
36617846|10061306
36617847|10028787
36617848|10028788
36617849|10028789
36617850|10028790
36617851|10028791
36617852|10028792
36617853|10044002
36617854|10062131
36617855|10028729
36617856|10060768
36617857|10028767
36617858|10061909
36617859|10033855
36617860|10033856
36617861|10033857
36617862|10033858
36617863|10033859
36617864|10033860
36617865|10055105
36617866|10055104
36617867|10034813
36617868|10034814
36617869|10034815
36617870|10034816
36617871|10034817
36617872|10034818
36617873|10034819
36617874|10062075
36617875|10052245
36617876|10051932
36617877|10062042
36617878|10026956
36617879|10057448
36617880|10061352
36617881|10061486
36617882|10062133
36617883|10006417
36617884|10058354
36617885|10007401
36617886|10050017
36617887|10025065
36617888|10025066
36617889|10025067
36617890|10025068
36617891|10025069
36617892|10025070
36617893|10062041
36617894|10058467
36617895|10026351
36617896|10061270
36617897|10058306
36617898|10033572
36617899|10051945
36617900|10051950
36617901|10038724
36617902|10043515
36617903|10044285
36617904|10041068
36617905|10041069
36617906|10059514
36617907|10041070
36617908|10041071
36617909|10000585
36617910|10000586
36617911|10000587
36617912|10000588
36617913|10000589
36617914|10024220
36617915|10024221
36617916|10024222
36617917|10024223
36617918|10024224
36617919|10024225
36617920|10025650
36617921|10025652
36617922|10025668
36617923|10025669
36617924|10025670
36617925|10025671
36617926|10066600
36617927|10027480
36617928|10042549
36617929|10042550
36617930|10042551
36617931|10042552
36617932|10042553
36617933|10064755
36617934|10004146
36617935|10004179
36617936|10006059
36617937|10007390
36617938|10013960
36617939|10068223
36617940|10026890
36617941|10029098
36617942|10033366
36617943|10063609
36617944|10068784
36617945|10040808
36617946|10055115
36617947|10060712
36617948|10041834
36617949|10057341
36617950|10018381
36617951|10054837
36617952|10059047
36617953|10057043
36617954|10057340
36617955|10046799
36617956|10039497
36617957|10051690
36670854|36670854
36670855|10004244
36670856|10004308
36670857|10006265
36670858|10006280
36670859|10006314
36670860|10006316
36670861|10065655
36670862|36670862
36670863|36670863
36670864|10011736
36670865|10041310
36670866|36670866
36670867|10006249
36670868|10006276
36670869|36670869
36670870|10016614
36670871|10016616
36670872|10016617
36670873|10016618
36670874|10063384
36670875|10066246
36670876|10001243
36670877|10006222
36670878|10006250
36670879|10006251
36670880|10006252
36670881|10006274
36670882|10011759
36670883|10012813
36670884|10013100
36670885|10013101
36670886|10016620
36670887|36670887
36670888|10016622
36670889|10026867
36670890|10051285
36670891|10058333
36670892|36670892
36670893|10055393
36670894|36670894
36670895|36670895
36670896|10006173
36670897|36670897
36670898|10006190
36670899|10006192
36670900|10006203
36670901|10006204
36670902|10006206
36670903|10006235
36670904|10006236
36670905|10006266
36670906|10006315
36670907|10006317
36670908|10006860
36670909|10007305
36670910|10009928
36670911|10021944
36670912|10022882
36670913|10024745
36670914|10024750
36670915|10025541
36670916|36670916
36670917|10028058
36670918|10048406
36670919|10053566
36670920|10063102
36670921|36670921
36670922|10066205
36670923|36670923
36670924|10066207
36670925|10006188
36670926|10006283
36670927|10025732
36670928|10025786
36670929|10025824
36670930|10025920
36670931|10025921
36670932|10026106
36670933|10026107
36670934|10026176
36670935|10026274
36670936|10026585
36670937|10026586
36670938|10028070
36670939|36670939
36670940|10057663
36670941|36670941
36670942|10007358
36670943|10007360
36670944|10007361
36670945|10013806
36670946|10022779
36670947|10024744
36670948|10024756
36670949|10029645
36670950|10066139
36670951|10066275
36670952|10069127
36670953|10006191
36670954|10006284
36670955|10007105
36670956|10025542
36670957|10026127
36670958|10026177
36670959|10026200
36670960|36670960
36670961|10027475
36670962|36670962
36670963|10063107
36670964|10065348
36670965|10006174
36670966|10006193
36670967|36670967
36670968|10006207
36670969|10006212
36670970|10007306
36670971|10009929
36670972|10024751
36670973|10027096
36670974|10028059
36670975|10028071
36670976|10006175
36670977|10006194
36670978|36670978
36670979|10006208
36670980|10006213
36670981|10007307
36670982|10009930
36670983|10013802
36670984|10024746
36670985|10024752
36670986|10027097
36670987|10028060
36670988|10028072
36670989|10063103
36670990|10006176
36670991|10006195
36670992|36670992
36670993|10006209
36670994|10006214
36670995|10007308
36670996|10009931
36670997|10013803
36670998|10024747
36670999|10024753
36671000|10027098
36671001|10028061
36671002|10028073
36671003|10063104
36671004|10006177
36671005|10006196
36671006|36671006
36671007|10006210
36671008|10006215
36671009|10007309
36671010|10009932
36671011|10013804
36671012|10024748
36671013|10024754
36671014|10027099
36671015|10028062
36671016|10028074
36671017|10063105
36671018|10006178
36671019|10006197
36671020|36671020
36671021|10006211
36671022|10006216
36671023|10007310
36671024|10009933
36671025|10013805
36671026|10024749
36671027|10024755
36671028|10027100
36671029|10028063
36671030|10028075
36671031|10041043
36671032|10063106
36671033|36671033
36671034|36671034
36671035|36671035
36671036|36671036
36671037|36671037
36671038|10053130
36671039|36671039
36671040|10021975
36671041|36671041
36671042|10021976
36671043|36671043
36671044|10006205
36671045|10021974
36671046|36671046
36671047|10026657
36671048|36671048
36671049|36671049
36671050|36671050
36671051|36671051
36671052|36671052
36671053|10033368
36671054|36671054
36671055|10006281
36671056|10006282
36671057|10006285
36671058|10006286
36671059|10022778
36671060|10022780
36671061|10028985
36671062|10029007
36671063|10029049
36671064|10029089
36671065|10053131
36671066|36671066
36671067|10011738
36671068|10011752
36671069|36671069
36671070|10012427
36671071|10014983
36671072|10014984
36671073|10035034
36671074|10039778
36671075|10040821
36671076|10040822
36671077|10047907
36671078|10054099
36671079|10068807
36671080|10039758
36671081|36671081
36671082|36671082
36671083|36671083
36671084|10040928
36671085|10060716
36671086|36671086
36671087|10004193
36671088|10035030
36671089|10062798
36671090|10004320
36671091|10004321
36671092|10004372
36671093|10004393
36671094|36671094
36671095|10004399
36671096|10004400
36671097|10004401
36671098|10004402
36671099|10004403
36671100|10004404
36671101|10004457
36671102|10040802
36671103|10056758
36671104|10056759
36671105|10056782
36671106|36671106
36671107|10006061
36671108|36671108
36671109|10028255
36671110|10012494
36671111|10012495
36671112|10020115
36671113|36671113
36671114|10002461
36671115|10004948
36671116|10007197
36671117|36671117
36671118|10019399
36671119|10019400
36671120|10019404
36671121|10042171
36671122|10042172
36671123|10055906
36671124|10062789
36671125|10062803
36671126|10019041
36671127|10019042
36671128|36671128
36671129|10035040
36671130|10044610
36671131|10044611
36671132|10044612
36671133|10057991
36671134|10062452
36671135|10063951
36671136|10065135
36671137|10023255
36671138|36671138
36671139|10041632
36671140|10062802
36671141|10068390
36671142|36671142
36671143|36671143
36671144|10005882
36671145|36671145
36671146|10019097
36671147|10023245
36671148|36671148
36671149|10027806
36671150|10028677
36671151|10028678
36671152|10028679
36671153|10028680
36671154|10029217
36671155|10029218
36671156|10029384
36671157|10029385
36671158|10029391
36671159|10035031
36671160|10049663
36671161|10052902
36671162|10058115
36671163|10058131
36671164|10058170
36671165|10058171
36671166|10058537
36671167|10062788
36671168|10062792
36671169|10062794
36671170|10062796
36671171|10062797
36671172|10062799
36671173|10068668
36671174|10068673
36671175|36671175
36671176|10062978
36671177|36671177
36671178|10048982
36671179|36671179
36671180|10037650
36671181|36671181
36671182|10004152
36671183|10004237
36671184|10021949
36671185|10032460
36671186|10039791
36671187|36671187
36671188|10039797
36671189|10039979
36671190|10039991
36671191|10058231
36671192|10062833
36671193|10011729
36671194|10012425
36671195|10014083
36671196|10020042
36671197|10042657
36671198|36671198
36671199|10042659
36671200|10042926
36671201|10042927
36671202|10059019
36671203|10065278
36671204|36671204
36671205|10013454
36671206|36671206
36671207|36671207
36671208|36671208
36671209|10035604
36671210|36671210
36671211|36671211
36671212|10035606
36671213|36671213
36671214|36671214
36671215|36671215
36671216|36671216
36671217|10006275
36671218|36671218
36671219|10039850
36671220|10006128
36671221|10006139
36671222|10027453
36671223|10039849
36671224|10050061
36671225|36671225
36671226|36671226
36671227|36671227
36671228|36671228
36671229|10038480
36671230|10039852
36671231|36671231
36671232|10014655
36671233|10025111
36671234|10025119
36671235|36671235
36671236|10027473
36671237|10037420
36671238|10037432
36671239|10039854
36671240|10024233
36671241|36671241
36671242|10052170
36671243|10060826
36671244|10066061
36671245|10066062
36671246|36671246
36671247|10027461
36671248|10029206
36671249|10039858
36671250|36671250
36671251|36671251
36671252|10033269
36671253|10039864
36671254|10068811
36671255|10068816
36671256|36671256
36671257|36671257
36671258|10051675
36671259|36671259
36671260|36671260
36671261|36671261
36671262|36671262
36671263|10035608
36671264|10039865
36671265|36671265
36671266|10027464
36671267|10038603
36671268|10039851
36671269|36671269
36671270|36671270
36671271|10039868
36671272|10040892
36671273|36671273
36671274|10027077
36671275|36671275
36671276|10039855
36671277|10027470
36671278|10038704
36671279|10039859
36671280|36671280
36671281|36671281
36671282|36671282
36671283|10027472
36671284|10039863
36671285|10046582
36671286|36671286
36671287|36671287
36671288|10027449
36671289|10039824
36671290|10039825
36671291|10039860
36671292|10039861
36671293|10039862
36671294|10039866
36671295|36671295
36671296|36671296
36671297|10000548
36671298|10000552
36671299|10002459
36671300|10002460
36671301|36671301
36671302|10018815
36671303|10018816
36671304|10018817
36671305|10018819
36671306|10018824
36671307|10019386
36671308|10019387
36671309|10019388
36671310|10019389
36671311|10019390
36671312|10019392
36671313|10019393
36671314|10019397
36671315|10019401
36671316|10019402
36671317|10019403
36671318|10019405
36671319|10029390
36671320|10055898
36671321|10055899
36671322|10055900
36671323|10055903
36671324|10055904
36671325|10055905
36671326|10058257
36671327|36671327
36671328|10060724
36671329|10060725
36671330|10060729
36671331|10001231
36671332|36671332
36671333|10001234
36671334|10001236
36671335|10063549
36671336|10004299
36671337|10004358
36671338|10004366
36671339|10004417
36671340|36671340
36671341|36671341
36671342|36671342
36671343|10048760
36671344|36671344
36671345|10033715
36671346|10033725
36671347|10051278
36671348|36671348
36671349|36671349
36671350|10002479
36671351|10002481
36671352|10018827
36671353|10018828
36671354|10019407
36671355|10050367
36671356|10060540
36671357|36671357
36671358|10002478
36671359|36671359
36671360|36671360
36671361|36671361
36671362|10025569
36671363|10025571
36671364|10060650
36671365|10060654
36671366|36671366
36671367|10060651
36671368|36671368
36671369|10060652
36671370|36671370
36671371|10060653
36671372|36671372
36671373|36671373
36671374|36671374
36671375|10015790
36671376|36671376
36671377|10015792
36671378|10015795
36671379|10015798
36671380|36671380
36671381|10062420
36671382|10015793
36671383|10015796
36671384|10015799
36671385|36671385
36671386|10062421
36671387|10015794
36671388|10015797
36671389|36671389
36671390|10062422
36671391|10015803
36671392|36671392
36671393|10015804
36671394|36671394
36671395|36671395
36671396|36671396
36671397|10015807
36671398|10015808
36671399|36671399
36671400|36671400
36671401|36671401
36671402|36671402
36671403|10015813
36671404|10015814
36671405|36671405
36671406|36671406
36671407|10020483
36671408|36671408
36671409|10035131
36671410|10051216
36671411|36671411
36671412|10008758
36671413|10008759
36671414|10018204
36671415|10018207
36671416|36671416
36671417|36671417
36671418|10018211
36671419|10018212
36671420|36671420
36671421|36671421
36671422|10043277
36671423|10014718
36671424|36671424
36671425|10062419
36671426|36671426
36671427|10001166
36671428|10061564
36671429|10063387
36671430|10064646
36671431|10066570
36671432|36671432
36671433|36671433
36671434|10004154
36671435|10004162
36671436|36671436
36671437|10007287
36671438|36671438
36671439|10007052
36671440|10007353
36671441|10007359
36671442|10007379
36671443|10007382
36671444|10007402
36671445|10021570
36671446|36671446
36671447|10025959
36671448|10025960
36671449|36671449
36671450|36671450
36671451|36671451
36671452|10025666
36671453|10062281
36671454|36671454
36671455|10057096
36671456|10065302
36671457|36671457
36671458|10007460
36671459|10007506
36671460|10013430
36671461|10013432
36671462|10013447
36671463|10025690
36671464|10027474
36671465|10027477
36671466|10027478
36671467|10027482
36671468|10045547
36671469|10053642
36671470|10054993
36671471|36671471
36671472|36671472
36671473|10063572
36671474|36671474
36671475|10007050
36671476|10007051
36671477|36671477
36671478|10007284
36671479|10007423
36671480|10025689
36671481|10025691
36671482|10025692
36671483|10026089
36671484|10026187
36671485|10026255
36671486|10026337
36671487|10026567
36671488|10026655
36671489|36671489
36671490|10028998
36671491|10032248
36671492|36671492
36671493|10044343
36671494|10048683
36671495|10049516
36671496|10050512
36671497|10065143
36671498|10065147
36671499|10065956
36671500|10037992
36671501|36671501
36671502|36671502
36671503|36671503
36671504|10007349
36671505|10007473
36671506|10014987
36671507|36671507
36671508|10059813
36671509|36671509
36671510|10064392
36671511|36671511
36671512|10060982
36671513|36671513
36671514|10060541
36671515|10011812
36671516|10015105
36671517|36671517
36671518|10029000
36671519|10029010
36671520|10029025
36671521|10029029
36671522|10029045
36671523|10029052
36671524|10029066
36671525|10029069
36671526|10029085
36671527|10029087
36671528|10029091
36671529|10029093
36671530|10029095
36671531|10029110
36671532|10048524
36671533|10049280
36671534|10065252
36671535|10028994
36671536|10051595
36671537|10053563
36671538|10058218
36671539|36671539
36671540|10062612
36671541|10062614
36671542|10029097
36671543|36671543
36671544|10048882
36671545|10048936
36671546|36671546
36671547|36671547
36671548|36671548
36671549|36671549
36671550|10000530
36671551|36671551
36671552|10004232
36671553|10004233
36671554|36671554
36671555|36671555
36671556|36671556
36671557|10049997
36671558|36671558
36671559|10054102
36671560|36671560
36671561|10055296
36671562|10062461
36671563|36671563
36671564|10050220
36671565|10062295
36671566|36671566
36671567|10060907
36671568|36671568
36671569|10059068
36671570|36671570
36671571|36671571
36671572|10034439
36671573|10046710
36671574|10066917
36671575|10066921
36671576|36671576
36671577|36671577
36671578|10042568
36671579|36671579
36671580|10042642
36671581|36671581
36671582|36671582
36671583|36671583
36671584|36671584
36671585|10067569
36671586|36671586
36671587|10068270
36671588|10045149
36671589|36671589
36671590|10045150
36671591|36671591
36671592|36671592
36671593|10055351
36671594|36671594
36671595|10064942
36671596|36671596
36671597|10068680
36671598|36671598
36671599|10054101
36671600|10045158
36671601|36671601
36671602|36671602
36671603|10068070
36671604|36671604
36671605|36671605
36671606|10048300
36671607|36671607
36671608|10008094
36671609|10023265
36671610|36671610
36671611|10065889
36671612|36671612
36671613|36671613
36671614|10004290
36671615|10004311
36671616|36671616
36671617|10004407
36671618|10004461
36671619|36671619
36671620|10067793
36671621|36671621
36671622|10063068
36671623|10008098
36671624|10008099
36671625|36671625
36671626|10066446
36671627|36671627
36671628|10051485
36671629|36671629
36671630|10051770
36671631|36671631
36671632|36671632
36671633|36671633
36671634|10004381
36671635|36671635
36671636|10004460
36671637|10041562
36671638|10064898
36671639|10004241
36671640|10004306
36671641|36671641
36671642|10006130
36671643|36671643
36671644|10059275
36671645|36671645
36671646|10055390
36671647|36671647
36671648|36671648
36671649|10004250
36671650|10004318
36671651|10011311
36671652|36671652
36671653|36671653
36671654|36671654
36671655|36671655
36671656|10056573
36671657|36671657
36671658|10019385
36671659|10019395
36671660|36671660
36671661|10055395
36671662|10055902
36671663|10004307
36671664|10004353
36671665|10004370
36671666|10004427
36671667|10029207
36671668|36671668
36671669|36671669
36671670|10029238
36671671|10039668
36671672|36671672
36671673|10065866
36671674|36671674
36671675|10065285
36671676|10017700
36671677|36671677
36671678|10063564
36671679|36671679
36671680|36671680
36671681|10029310
36671682|10029311
36671683|36671683
36671684|36671684
36671685|10007304
36671686|10025539
36671687|10025783
36671688|10025784
36671689|10025785
36671690|10025825
36671691|10025826
36671692|10025828
36671693|10025937
36671694|10026179
36671695|10026210
36671696|10026327
36671697|10026526
36671698|10026631
36671699|10056793
36671700|10065870
36671701|36671701
36671702|36671702
36671703|36671703
36671704|10052367
36671705|10054472
36671706|36671706
36671707|10067299
36671708|36671708
36671709|10002225
36671710|36671710
36671711|10025545
36671712|10025873
36671713|36671713
36671714|36671714
36671715|10026700
36671716|10065853
36671717|36671717
36671718|36671718
36671719|10003572
36671720|10008024
36671721|10008093
36671722|36671722
36671723|36671723
36671724|10002226
36671725|10014966
36671726|36671726
36671727|36671727
36671728|36671728
36671729|36671729
36671730|36671730
36671731|36671731
36671732|36671732
36671733|10030288
36671734|36671734
36671735|36671735
36671736|36671736
36671737|36671737
36671738|10027744
36671739|36671739
36671740|36671740
36671741|10019406
36671742|36671742
36671743|10025544
36671744|36671744
36671745|10025672
36671746|10025827
36671747|36671747
36671748|10027194
36671749|10026473
36671750|10026701
36671751|36671751
36671752|36671752
36671753|10015498
36671754|10028732
36671755|10033863
36671756|36671756
36671757|10026175
36671758|10026199
36671759|10026302
36671760|10026656
36671761|36671761
36671762|10026667
36671763|36671763
36671764|10029239
36671765|10034589
36671766|36671766
36671767|10058387
36671768|10035638
36671769|10035639
36671770|10035640
36671771|10035641
36671772|36671772
36671773|10057849
36671774|36671774
36671775|10068917
36671776|36671776
36671777|10006132
36671778|10006153
36671779|10006154
36671780|10006155
36671781|10006156
36671782|10029088
36671783|36671783
36671784|10061030
36671785|10007689
36671786|36671786
36671787|36671787
36671788|10007959
36671789|10009714
36671790|10009715
36671791|10009716
36671792|10028992
36671793|10029006
36671794|10029048
36671795|10008073
36671796|10008074
36671797|36671797
36671798|36671798
36671799|10012773
36671800|36671800
36671801|36671801
36671802|36671802
36671803|10068602
36671804|10068603
36671805|10068604
36671806|10027189
36671807|10029018
36671808|10029059
36671809|36671809
36671810|36671810
36671811|10062961
36671812|10062980
36671813|36671813
36671814|10065014
36671815|10029023
36671816|10029064
36671817|10029208
36671818|36671818
36671819|36671819
36671820|10029237
36671821|36671821
36671822|36671822
36671823|36671823
36671824|36671824
36671825|10051941
36671826|36671826
36671827|10049762
36671828|36671828
36671829|36671829
36671830|10029032
36671831|10029072
36671832|10035053
36671833|36671833
36671834|10026347
36671835|10026348
36671836|10026670
36671837|10035054
36671838|36671838
36671839|10035056
36671840|10035058
36671841|36671841
36671842|36671842
36671843|36671843
36671844|10004336
36671845|10004387
36671846|10004449
36671847|10056780
36671848|36671848
36671849|36671849
36671850|10051926
36671851|36671851
36671852|10011744
36671853|10011745
36671854|10037608
36671855|36671855
36671856|10038424
36671857|10038426
36671858|10065379
36671859|36671859
36671860|36671860
36671861|10004238
36671862|36671862
36671863|10066276
36671864|36671864
36671865|10004468
36671866|36671866
36671867|10004469
36671868|10004335
36671869|10004368
36671870|10004373
36671871|10004420
36671872|10004425
36671873|10004470
36671874|36671874
36671875|36671875
36671876|36671876
36671877|10005086
36671878|10033717
36671879|36671879
36671880|36671880
36671881|36671881
36671882|10046440
36671883|10046441
36671884|36671884
36671885|10068721
36671886|36671886
36671887|36671887
36671888|36671888
36671889|10001206
36671890|36671890
36671891|10001207
36671892|36671892
36671893|10001208
36671894|36671894
36671895|10001209
36671896|36671896
36671897|10001210
36671898|36671898
36671899|10001211
36671900|36671900
36671901|10001212
36671902|10004985
36671903|36671903
36671904|36671904
36671905|10005004
36671906|10005014
36671907|10005015
36671908|10006851
36671909|10007293
36671910|10007478
36671911|10022877
36671912|10025710
36671913|10025735
36671914|10025736
36671915|10025753
36671916|10025875
36671917|10026065
36671918|10026256
36671919|10026379
36671920|10026556
36671921|10026587
36671922|10026601
36671923|10046518
36671924|36671924
36671925|10005016
36671926|10006852
36671927|10007294
36671928|10007479
36671929|10025711
36671930|10025737
36671931|10025745
36671932|10025754
36671933|10025876
36671934|10026066
36671935|10026257
36671936|10026380
36671937|10026557
36671938|10026588
36671939|10026602
36671940|10046519
36671941|36671941
36671942|10005017
36671943|10006853
36671944|10007295
36671945|10007480
36671946|10025712
36671947|10025738
36671948|10025746
36671949|10025755
36671950|10025877
36671951|10026067
36671952|10026258
36671953|10026381
36671954|10026558
36671955|10026589
36671956|10026603
36671957|10046520
36671958|36671958
36671959|10005018
36671960|10006854
36671961|10007296
36671962|10007481
36671963|10025713
36671964|10025739
36671965|10025747
36671966|10025756
36671967|10025878
36671968|10026068
36671969|10026259
36671970|10026382
36671971|10026559
36671972|10026590
36671973|10026604
36671974|10046521
36671975|36671975
36671976|10005019
36671977|10006855
36671978|10007297
36671979|10007482
36671980|10025714
36671981|10025740
36671982|10025748
36671983|10025757
36671984|10025879
36671985|10026069
36671986|10026260
36671987|10026383
36671988|10026560
36671989|10026591
36671990|10026605
36671991|10046522
36671992|36671992
36671993|10005020
36671994|10006856
36671995|10007298
36671996|10007483
36671997|10025715
36671998|10025741
36671999|10025749
36672000|10025758
36672001|10025880
36672002|10026070
36672003|10026261
36672004|10026384
36672005|10026561
36672006|10026592
36672007|10026606
36672008|10046523
36672009|36672009
36672010|10005021
36672011|10006857
36672012|10007299
36672013|10007484
36672014|10022878
36672015|10025716
36672016|10025742
36672017|10025750
36672018|10025759
36672019|10025881
36672020|10026071
36672021|10026262
36672022|10026385
36672023|10026562
36672024|10026593
36672025|10026607
36672026|10046524
36672027|36672027
36672028|10005022
36672029|10006858
36672030|10007300
36672031|10007485
36672032|10022879
36672033|10025717
36672034|10025743
36672035|10025751
36672036|10025760
36672037|10025882
36672038|10026072
36672039|10026263
36672040|10026386
36672041|10026563
36672042|10026594
36672043|10026608
36672044|10046525
36672045|36672045
36672046|10005023
36672047|10006859
36672048|10007301
36672049|10007486
36672050|10022880
36672051|10025718
36672052|10025744
36672053|10025752
36672054|10025761
36672055|10025883
36672056|10026073
36672057|10026264
36672058|10026387
36672059|10026564
36672060|10026595
36672061|10026609
36672062|10046526
36672063|36672063
36672064|10041817
36672065|10041841
36672066|36672066
36672067|10041818
36672068|10041842
36672069|36672069
36672070|10041819
36672071|10041843
36672072|36672072
36672073|10041820
36672074|10041844
36672075|36672075
36672076|10041821
36672077|10041845
36672078|36672078
36672079|10041822
36672080|10041846
36672081|10005074
36672082|36672082
36672083|10041847
36672084|10001213
36672085|36672085
36672086|10041876
36672087|10044420
36672088|10046714
36672089|10061620
36672090|10062114
36672091|10066280
36672092|10001214
36672093|10041877
36672094|10046715
36672095|36672095
36672096|10001215
36672097|10041878
36672098|10044413
36672099|10044414
36672100|10046716
36672101|10046717
36672102|36672102
36672103|10001216
36672104|10041879
36672105|10044415
36672106|10044416
36672107|10046718
36672108|10046719
36672109|36672109
36672110|10001217
36672111|10041880
36672112|10044417
36672113|10046720
36672114|36672114
36672115|10001218
36672116|10041881
36672117|10044418
36672118|10046721
36672119|36672119
36672120|10001219
36672121|10041882
36672122|10044419
36672123|10046722
36672124|36672124
36672125|36672125
36672126|10007357
36672127|10007400
36672128|36672128
36672129|36672129
36672130|36672130
36672131|36672131
36672132|10047985
36672133|10047986
36672134|10047987
36672135|10029508
36672136|36672136
36672137|10064886
36672138|10007404
36672139|10023400
36672140|10023406
36672141|10026008
36672142|36672142
36672143|10038395
36672144|10056796
36672145|36672145
36672146|10050076
36672147|10007405
36672148|10023401
36672149|10023407
36672150|10023444
36672151|10026009
36672152|36672152
36672153|10038396
36672154|10056797
36672155|10007406
36672156|10023402
36672157|10023408
36672158|10023445
36672159|10026010
36672160|36672160
36672161|10038397
36672162|10056798
36672163|10007407
36672164|10023403
36672165|10023409
36672166|10023446
36672167|10026011
36672168|36672168
36672169|10038398
36672170|10056799
36672171|10007408
36672172|10023404
36672173|10023410
36672174|10023447
36672175|10026012
36672176|36672176
36672177|10038399
36672178|10056800
36672179|10007409
36672180|10023405
36672181|10023411
36672182|10023448
36672183|10026013
36672184|36672184
36672185|10038400
36672186|10056801
36672187|10001174
36672188|10009251
36672189|10018672
36672190|10020681
36672191|10038401
36672192|10038407
36672193|10038409
36672194|10038415
36672195|10038416
36672196|10038458
36672197|10066351
36672198|10066352
36672199|10067945
36672200|36672200
36672201|10067968
36672202|10020682
36672203|10038402
36672204|36672204
36672205|10020683
36672206|10038403
36672207|36672207
36672208|10020684
36672209|10038404
36672210|36672210
36672211|10020685
36672212|10038405
36672213|36672213
36672214|10020686
36672215|10038406
36672216|36672216
36672217|36672217
36672218|36672218
36672219|10038517
36672220|10026428
36672221|10038498
36672222|10038504
36672223|10038509
36672224|10038514
36672225|36672225
36672226|10026429
36672227|10038499
36672228|10038505
36672229|10038510
36672230|10038515
36672231|36672231
36672232|10044409
36672233|10026427
36672234|10038497
36672235|10038503
36672236|10038508
36672237|10038513
36672238|36672238
36672239|10026430
36672240|10038500
36672241|10038506
36672242|10038511
36672243|10038516
36672244|36672244
36672245|10026431
36672246|10038501
36672247|10038507
36672248|10038512
36672249|36672249
36672250|10026596
36672251|10044421
36672252|10046375
36672253|10046382
36672254|10046384
36672255|36672255
36672256|10046395
36672257|10046723
36672258|10026597
36672259|10044422
36672260|10046376
36672261|36672261
36672262|10046724
36672263|10026598
36672264|10044423
36672265|10046377
36672266|36672266
36672267|10046725
36672268|10026599
36672269|10044424
36672270|10046378
36672271|36672271
36672272|10046726
36672273|10026600
36672274|10044425
36672275|10046379
36672276|36672276
36672277|10046727
36672278|36672278
36672279|10026007
36672280|10026308
36672281|10026615
36672282|10026706
36672283|36672283
36672284|10007477
36672285|36672285
36672286|10064467
36672287|10026610
36672288|36672288
36672289|10046418
36672290|36672290
36672291|10046434
36672292|10046728
36672293|10026611
36672294|10044427
36672295|10046419
36672296|36672296
36672297|10046729
36672298|10026612
36672299|10044428
36672300|10046420
36672301|36672301
36672302|10046730
36672303|10026613
36672304|10044429
36672305|10046421
36672306|36672306
36672307|10046731
36672308|10026614
36672309|10044430
36672310|10046422
36672311|36672311
36672312|10046732
36672313|10007380
36672314|10046565
36672315|36672315
36672316|36672316
36672317|10005057
36672318|10028983
36672319|10029004
36672320|10029046
36672321|10029086
36672322|10029100
36672323|10028979
36672324|10038484
36672325|10038485
36672326|36672326
36672327|10051868
36672328|36672328
36672329|10051869
36672330|36672330
36672331|10029013
36672332|10029026
36672333|10029027
36672334|10029043
36672335|10029067
36672336|10046583
36672337|36672337
36672338|36672338
36672339|10018192
36672340|10029011
36672341|10029053
36672342|10029092
36672343|10029101
36672344|10046701
36672345|10046702
36672346|10046703
36672347|36672347
36672348|36672348
36672349|10004246
36672350|10004247
36672351|36672351
36672352|10048864
36672353|36672353
36672354|10028673
36672355|36672355
36672356|10008320
36672357|10028138
36672358|10036124
36672359|10050072
36672360|10066346
36672361|10001239
36672362|10008225
36672363|36672363
36672364|10036125
36672365|10004374
36672366|10004432
36672367|36672367
36672368|10033281
36672369|10033282
36672370|10005102
36672371|10018983
36672372|10055267
36672373|36672373
36672374|10060783
36672375|10064134
36672376|36672376
36672377|10049667
36672378|10049672
36672379|10049686
36672380|10058334
36672381|10004431
36672382|10011116
36672383|10011117
36672384|10011118
36672385|10011746
36672386|10011750
36672387|10016920
36672388|10025144
36672389|10028069
36672390|10031614
36672391|36672391
36672392|10033133
36672393|10033135
36672394|10058696
36672395|36672395
36672396|10039308
36672397|36672397
36672398|36672398
36672399|10012524
36672400|36672400
36672401|36672401
36672402|10004329
36672403|36672403
36672404|10004266
36672405|10004330
36672406|10004360
36672407|10004367
36672408|36672408
36672409|36672409
36672410|10020481
36672411|10020482
36672412|10020484
36672413|10065063
36672414|36672414
36672415|10058332
36672416|36672416
36672417|36672417
36672418|10035143
36672419|10035144
36672420|10035145
36672421|10004317
36672422|10004365
36672423|10004421
36672424|10004471
36672425|10031690
36672426|10031691
36672427|36672427
36672428|36672428
36672429|10016626
36672430|10024187
36672431|10046785
36672432|36672432
36672433|36672433
36672434|10060720
36672435|10016627
36672436|10016628
36672437|10022794
36672438|10024186
36672439|10024188
36672440|10042420
36672441|10042425
36672442|10046783
36672443|10046784
36672444|10046786
36672445|10046787
36672446|36672446
36672447|10046801
36672448|10048417
36672449|10004444
36672450|10014769
36672451|10036121
36672452|10036123
36672453|10036126
36672454|36672454
36672455|10046812
36672456|10059493
36672457|36672457
36672458|10011741
36672459|10004422
36672460|36672460
36672461|10004473
36672462|10004474
36672463|10046924
36672464|36672464
36672465|10036129
36672466|36672466
36672467|10004424
36672468|36672468
36672469|36672469
36672470|10050479
36672471|10036127
36672472|36672472
36672473|36672473
36672474|10008224
36672475|36672475
36672476|10008226
36672477|36672477
36672478|10065593
36672479|10006863
36672480|10007323
36672481|10007487
36672482|10007493
36672483|10008229
36672484|10008238
36672485|36672485
36672486|10008362
36672487|10025831
36672488|10025837
36672489|10025891
36672490|10025903
36672491|10026266
36672492|10064444
36672493|10065350
36672494|10065698
36672495|10006864
36672496|10007325
36672497|10007488
36672498|10007495
36672499|10008231
36672500|10008239
36672501|36672501
36672502|10008355
36672503|10008363
36672504|10025832
36672505|10025892
36672506|10025904
36672507|10026267
36672508|10028987
36672509|10065592
36672510|10007324
36672511|10007363
36672512|10007364
36672513|10007494
36672514|10008232
36672515|10008237
36672516|10008343
36672517|10009215
36672518|10021571
36672519|10046771
36672520|10059383
36672521|36672521
36672522|10065351
36672523|10065696
36672524|10065697
36672525|10006865
36672526|10007326
36672527|10007489
36672528|10007496
36672529|10008233
36672530|10008240
36672531|10008241
36672532|10008242
36672533|36672533
36672534|10008356
36672535|10008364
36672536|10025833
36672537|10025893
36672538|10025905
36672539|10026268
36672540|10028988
36672541|10065352
36672542|10067069
36672543|10006866
36672544|10007327
36672545|10007490
36672546|10007497
36672547|10008234
36672548|10008243
36672549|10008244
36672550|10008245
36672551|36672551
36672552|10008357
36672553|10008365
36672554|10025834
36672555|10025894
36672556|10025906
36672557|10026269
36672558|10028989
36672559|10065353
36672560|10006867
36672561|10007328
36672562|10007491
36672563|10007498
36672564|10008235
36672565|10008246
36672566|36672566
36672567|10008358
36672568|10008366
36672569|10025835
36672570|10025895
36672571|10025907
36672572|10026270
36672573|10028990
36672574|10065354
36672575|10006868
36672576|10007329
36672577|10007492
36672578|10007499
36672579|10008236
36672580|10008247
36672581|10008248
36672582|10008249
36672583|36672583
36672584|10008359
36672585|10008367
36672586|10025836
36672587|10025896
36672588|10025908
36672589|10026271
36672590|10028991
36672591|10065355
36672592|36672592
36672593|36672593
36672594|36672594
36672595|10001142
36672596|10006869
36672597|10007063
36672598|10007342
36672599|36672599
36672600|36672600
36672601|10014735
36672602|10014743
36672603|10014744
36672604|10014760
36672605|10014770
36672606|10064884
36672607|10001143
36672608|10006870
36672609|10007064
36672610|10007343
36672611|10014721
36672612|36672612
36672613|10014745
36672614|10014761
36672615|10014771
36672616|10001144
36672617|10006871
36672618|10007065
36672619|10007344
36672620|10014722
36672621|36672621
36672622|10014747
36672623|10014762
36672624|10014772
36672625|10001145
36672626|10006872
36672627|10007066
36672628|10007345
36672629|10014723
36672630|36672630
36672631|10014748
36672632|10014763
36672633|10014773
36672634|10001146
36672635|10006873
36672636|10007067
36672637|10007346
36672638|10014724
36672639|36672639
36672640|10014764
36672641|10014774
36672642|10001147
36672643|10006874
36672644|10007068
36672645|10007347
36672646|10014725
36672647|36672647
36672648|10014749
36672649|10014765
36672650|10014775
36672651|10001148
36672652|10006875
36672653|10007069
36672654|10007348
36672655|10014726
36672656|36672656
36672657|10014750
36672658|10014766
36672659|10014776
36672660|10001149
36672661|10006876
36672662|10007070
36672663|10014727
36672664|36672664
36672665|10014751
36672666|10014767
36672667|10014777
36672668|36672668
36672669|36672669
36672670|36672670
36672671|36672671
36672672|10014746
36672673|36672673
36672674|36672674
36672675|36672675
36672676|36672676
36672677|10016183
36672678|10025913
36672679|10025915
36672680|36672680
36672681|10025914
36672682|36672682
36672683|10025916
36672684|36672684
36672685|10025917
36672686|36672686
36672687|10025918
36672688|36672688
36672689|10025919
36672690|10007375
36672691|10016410
36672692|10016415
36672693|36672693
36672694|10016411
36672695|36672695
36672696|10025550
36672697|10025551
36672698|10025922
36672699|10026191
36672700|10026275
36672701|10026311
36672702|36672702
36672703|10025787
36672704|10026444
36672705|36672705
36672706|10026617
36672707|36672707
36672708|10066063
36672709|36672709
36672710|10062387
36672711|10008290
36672712|36672712
36672713|10028986
36672714|10029103
36672715|10014758
36672716|36672716
36672717|10014768
36672718|10028993
36672719|36672719
36672720|10051849
36672721|36672721
36672722|10016412
36672723|10016418
36672724|10029021
36672725|10029062
36672726|36672726
36672727|36672727
36672728|10057378
36672729|10062594
36672730|10029030
36672731|10029070
36672732|10033138
36672733|10033271
36672734|10033272
36672735|36672735
36672736|10062581
36672737|10064885
36672738|10029034
36672739|10029074
36672740|10035140
36672741|36672741
36672742|10029044
36672743|10029084
36672744|10029102
36672745|10045161
36672746|10045162
36672747|10045163
36672748|10045164
36672749|10045165
36672750|10045166
36672751|10045177
36672752|36672752
36672753|10046804
36672754|10049801
36672755|10049574
36672756|36672756
36672757|10049575
36672758|36672758
36672759|36672759
36672760|10033145
36672761|10033146
36672762|10033147
36672763|36672763
36672764|10033149
36672765|10033150
36672766|10033151
36672767|36672767
36672768|10033153
36672769|10033154
36672770|10033155
36672771|36672771
36672772|36672772
36672773|36672773
36672774|10052311
36672775|36672775
36672776|10033170
36672777|10033171
36672778|10033172
36672779|10033173
36672780|36672780
36672781|10033174
36672782|10033175
36672783|10033176
36672784|10033177
36672785|36672785
36672786|10033178
36672787|10033179
36672788|10033180
36672789|10033181
36672790|36672790
36672791|10033182
36672792|36672792
36672793|36672793
36672794|10033184
36672795|10033185
36672796|10033186
36672797|36672797
36672798|10033188
36672799|10033189
36672800|10033190
36672801|36672801
36672802|10033192
36672803|10033193
36672804|10033194
36672805|36672805
36672806|36672806
36672807|10033197
36672808|10033198
36672809|10033199
36672810|36672810
36672811|10033201
36672812|10033202
36672813|10033203
36672814|36672814
36672815|10033205
36672816|10033206
36672817|10033207
36672818|36672818
36672819|10033209
36672820|10033210
36672821|10033211
36672822|36672822
36672823|10033250
36672824|10033251
36672825|10033252
36672826|10033253
36672827|10033212
36672828|10033213
36672829|10033214
36672830|36672830
36672831|10033254
36672832|10033255
36672833|10033256
36672834|10033257
36672835|10033215
36672836|10033216
36672837|10033217
36672838|36672838
36672839|10033258
36672840|10033259
36672841|10033260
36672842|10033261
36672843|36672843
36672844|10033262
36672845|36672845
36672846|10033224
36672847|10033225
36672848|10033226
36672849|36672849
36672850|10033228
36672851|10033229
36672852|10033230
36672853|36672853
36672854|10033232
36672855|10033233
36672856|10033234
36672857|36672857
36672858|36672858
36672859|10033238
36672860|10033239
36672861|10033240
36672862|36672862
36672863|10033242
36672864|10033243
36672865|10033244
36672866|36672866
36672867|10033246
36672868|10033247
36672869|10033248
36672870|36672870
36672871|36672871
36672872|10033134
36672873|10006888
36672874|10007107
36672875|10026310
36672876|36672876
36672877|10033130
36672878|10033131
36672879|10052204
36672880|36672880
36672881|36672881
36672882|10033159
36672883|10051938
36672884|36672884
36672885|36672885
36672886|36672886
36672887|36672887
36672888|36672888
36672889|36672889
36672890|36672890
36672891|36672891
36672892|36672892
36672893|36672893
36672894|10003758
36672895|10033123
36672896|10033267
36672897|36672897
36672898|10058228
36672899|10058229
36672900|36672900
36672901|36672901
36672902|10007053
36672903|10007119
36672904|10007261
36672905|10007302
36672906|10007339
36672907|10007508
36672908|10011119
36672909|10025778
36672910|10025872
36672911|10025998
36672912|10026265
36672913|10026309
36672914|10026324
36672915|10026618
36672916|36672916
36672917|10046767
36672918|10046768
36672919|10046769
36672920|10052746
36672921|10056794
36672922|10007378
36672923|36672923
36672924|10007120
36672925|10026620
36672926|36672926
36672927|36672927
36672928|10046888
36672929|10046925
36672930|36672930
36672931|10007121
36672932|10026621
36672933|10041867
36672934|10046871
36672935|36672935
36672936|10046926
36672937|10007122
36672938|10026622
36672939|10041868
36672940|10046872
36672941|36672941
36672942|10046927
36672943|10007123
36672944|10026623
36672945|10041869
36672946|10046873
36672947|10046886
36672948|36672948
36672949|10046928
36672950|10056582
36672951|10057310
36672952|10007124
36672953|10026624
36672954|10041870
36672955|10046874
36672956|36672956
36672957|10046929
36672958|10007125
36672959|10026625
36672960|10041871
36672961|10046875
36672962|36672962
36672963|10046930
36672964|10007126
36672965|10026626
36672966|10041872
36672967|10046876
36672968|36672968
36672969|10046931
36672970|10007127
36672971|10026627
36672972|10041873
36672973|10046877
36672974|36672974
36672975|10046932
36672976|10007128
36672977|10026628
36672978|10041874
36672979|10046878
36672980|36672980
36672981|10046933
36672982|36672982
36672983|10025840
36672984|10026014
36672985|10026022
36672986|10026648
36672987|10036459
36672988|36672988
36672989|36672989
36672990|10047743
36672991|10047777
36672992|10051963
36672993|36672993
36672994|10025841
36672995|10026015
36672996|10026023
36672997|10026641
36672998|36672998
36672999|10025842
36673000|10026016
36673001|10026024
36673002|10026642
36673003|36673003
36673004|10025843
36673005|10026017
36673006|10026025
36673007|10026643
36673008|36673008
36673009|10047778
36673010|10056579
36673011|10057313
36673012|10025844
36673013|10026018
36673014|10026026
36673015|10026644
36673016|36673016
36673017|10025845
36673018|10026019
36673019|10026027
36673020|10026645
36673021|36673021
36673022|10025846
36673023|10026020
36673024|10026028
36673025|10026646
36673026|36673026
36673027|10025847
36673028|10026021
36673029|10026029
36673030|10026647
36673031|36673031
36673032|36673032
36673033|10004448
36673034|10036906
36673035|36673035
36673036|36673036
36673037|10004284
36673038|10004348
36673039|10004349
36673040|10004369
36673041|36673041
36673042|10004253
36673043|36673043
36673044|36673044
36673045|10004454
36673046|36673046
36673047|36673047
36673048|10004462
36673049|10004378
36673050|36673050
36673051|36673051
36673052|36673052
36673053|36673053
36673054|36673054
36673055|36673055
36673056|36673056
36673057|36673057
36673058|10034312
36673059|10034328
36673060|36673060
36673061|10025767
36673062|10025948
36673063|10026339
36673064|10026388
36673065|10034307
36673066|36673066
36673067|36673067
36673068|10034330
36673069|36673069
36673070|36673070
36673071|10034313
36673072|36673072
36673073|10034314
36673074|36673074
36673075|10034315
36673076|36673076
36673077|10034316
36673078|36673078
36673079|10034317
36673080|36673080
36673081|10034318
36673082|36673082
36673083|10001186
36673084|10006890
36673085|10007113
36673086|10007462
36673087|10007463
36673088|10026389
36673089|10036910
36673090|10036921
36673091|10036946
36673092|10036955
36673093|36673093
36673094|36673094
36673095|10066489
36673096|10001198
36673097|10007453
36673098|36673098
36673099|10036947
36673100|10001199
36673101|10007454
36673102|36673102
36673103|10036948
36673104|10007385
36673105|36673105
36673106|10036949
36673107|10001200
36673108|10007455
36673109|10036913
36673110|36673110
36673111|10036950
36673112|10001201
36673113|10007456
36673114|10036914
36673115|36673115
36673116|10036951
36673117|10001202
36673118|10007457
36673119|10036915
36673120|36673120
36673121|10036952
36673122|10001203
36673123|10007458
36673124|10036916
36673125|36673125
36673126|10036953
36673127|36673127
36673128|10025637
36673129|10026128
36673130|10026294
36673131|10026338
36673132|10007376
36673133|10025516
36673134|36673134
36673135|10025547
36673136|36673136
36673137|36673137
36673138|36673138
36673139|10026453
36673140|36673140
36673141|36673141
36673142|10015009
36673143|36673143
36673144|36673144
36673145|10025519
36673146|10029022
36673147|10029063
36673148|36673148
36673149|10029002
36673150|10029037
36673151|10029077
36673152|36673152
36673153|10036927
36673154|10036965
36673155|10064027
36673156|10049570
36673157|36673157
36673158|10029041
36673159|10029082
36673160|10043342
36673161|36673161
36673162|36673162
36673163|10043278
36673164|36673164
36673165|10051876
36673166|36673166
36673167|36673167
36673168|36673168
36673169|36673169
36673170|10052484
36673171|36673171
36673172|36673172
36673173|36673173
36673174|36673174
36673175|10018506
36673176|10043321
36673177|10043338
36673178|10043344
36673179|36673179
36673180|36673180
36673181|10043323
36673182|10043326
36673183|10043329
36673184|36673184
36673185|10043324
36673186|10043327
36673187|10043330
36673188|36673188
36673189|10043325
36673190|10043328
36673191|36673191
36673192|36673192
36673193|36673193
36673194|36673194
36673195|10043353
36673196|36673196
36673197|36673197
36673198|36673198
36673199|36673199
36673200|10043312
36673201|36673201
36673202|10043313
36673203|36673203
36673204|10043314
36673205|36673205
36673206|10001204
36673207|10001379
36673208|10007475
36673209|10018510
36673210|36673210
36673211|10026201
36673212|10026527
36673213|10026528
36673214|10026529
36673215|10026565
36673216|10027314
36673217|10029557
36673218|10043302
36673219|10043360
36673220|10043362
36673221|36673221
36673222|10062374
36673223|10062450
36673224|10062464
36673225|36673225
36673226|10004289
36673227|10004350
36673228|36673228
36673229|36673229
36673230|10051966
36673231|36673231
36673232|10028754
36673233|36673233
36673234|10036128
36673235|10036138
36673236|10046043
36673237|10057356
36673238|10069001
36673239|10062320
36673240|36673240
36673241|10062324
36673242|36673242
36673243|10002845
36673244|10026955
36673245|10032391
36673246|36673246
36673247|10036134
36673248|36673248
36673249|10004298
36673250|10004352
36673251|36673251
36673252|36673252
36673253|10004415
36673254|10004465
36673255|36673255
36673256|36673256
36673257|10004339
36673258|10023842
36673259|10023914
36673260|10036131
36673261|36673261
36673262|10004276
36673263|10004333
36673264|36673264
36673265|36673265
36673266|36673266
36673267|10011747
36673268|36673268
36673269|10004379
36673270|10004439
36673271|36673271
36673272|36673272
36673273|36673273
36673274|10036130
36673275|36673275
36673276|36673276
36673277|36673277
36673278|10004309
36673279|10051973
36673280|10004384
36673281|36673281
36673282|10004371
36673283|10004388
36673284|10004389
36673285|10004451
36673286|36673286
36673287|10004416
36673288|36673288
36673289|36673289
36673290|36673290
36673291|10057355
36673292|36673292
36673293|10050350
36673294|36673294
36673295|36673295
36673296|10021050
36673297|10025723
36673298|10025963
36673299|10025970
36673300|10026280
36673301|10026356
36673302|10026363
36673303|10026410
36673304|36673304
36673305|36673305
36673306|10021052
36673307|10025724
36673308|10025964
36673309|10025971
36673310|10026281
36673311|10026357
36673312|10026364
36673313|10026411
36673314|10041850
36673315|36673315
36673316|10021053
36673317|10025725
36673318|10025965
36673319|10025972
36673320|10026282
36673321|10026358
36673322|10026365
36673323|10026412
36673324|10041851
36673325|36673325
36673326|10021054
36673327|10025726
36673328|10025966
36673329|10025973
36673330|10026283
36673331|10026359
36673332|10026366
36673333|10026413
36673334|10041852
36673335|36673335
36673336|10021055
36673337|10025727
36673338|10025967
36673339|10025974
36673340|10026284
36673341|10026360
36673342|10026367
36673343|10026414
36673344|10041853
36673345|36673345
36673346|10021056
36673347|10025728
36673348|10025968
36673349|10025975
36673350|10026285
36673351|10026361
36673352|10026368
36673353|10026415
36673354|10041854
36673355|36673355
36673356|10021057
36673357|10025729
36673358|10025969
36673359|10025976
36673360|10026286
36673361|10026362
36673362|10026369
36673363|10026416
36673364|10041855
36673365|36673365
36673366|10023840
36673367|36673367
36673368|10023843
36673369|10028995
36673370|10029014
36673371|10029055
36673372|36673372
36673373|36673373
36673374|10007352
36673375|36673375
36673376|10025949
36673377|10007077
36673378|10007083
36673379|10007410
36673380|10007427
36673381|10007500
36673382|10023813
36673383|36673383
36673384|10023827
36673385|36673385
36673386|10023865
36673387|10023900
36673388|10023906
36673389|10023915
36673390|10026032
36673391|10026038
36673392|10026044
36673393|10026288
36673394|10026487
36673395|10026514
36673396|10007078
36673397|10007084
36673398|10007411
36673399|10007428
36673400|10007501
36673401|10023814
36673402|36673402
36673403|10023857
36673404|10023866
36673405|10023901
36673406|10023907
36673407|10023916
36673408|10026033
36673409|10026039
36673410|10026045
36673411|10026289
36673412|10026488
36673413|10026515
36673414|10007370
36673415|36673415
36673416|10023834
36673417|10023835
36673418|10007079
36673419|10007085
36673420|10007412
36673421|10007429
36673422|10007502
36673423|10023815
36673424|36673424
36673425|10023858
36673426|10023867
36673427|10023902
36673428|10023908
36673429|10023917
36673430|10026034
36673431|10026040
36673432|10026046
36673433|10026290
36673434|10026489
36673435|10026516
36673436|10007080
36673437|10007086
36673438|10007413
36673439|10007430
36673440|10007503
36673441|10023816
36673442|36673442
36673443|10023859
36673444|10023868
36673445|10023903
36673446|10023909
36673447|10023918
36673448|10026035
36673449|10026041
36673450|10026047
36673451|10026291
36673452|10026490
36673453|10026517
36673454|10007081
36673455|10007087
36673456|10007414
36673457|10007431
36673458|10007504
36673459|10023817
36673460|36673460
36673461|10023860
36673462|10023869
36673463|10023904
36673464|10023910
36673465|10023919
36673466|10026036
36673467|10026042
36673468|10026048
36673469|10026292
36673470|10026491
36673471|10026518
36673472|10007082
36673473|10007088
36673474|10007415
36673475|10007432
36673476|10007505
36673477|10023818
36673478|36673478
36673479|10023861
36673480|10023870
36673481|10023905
36673482|10023911
36673483|10023920
36673484|10026037
36673485|10026043
36673486|10026049
36673487|10026293
36673488|10026492
36673489|10026519
36673490|36673490
36673491|10027078
36673492|36673492
36673493|10029036
36673494|10029076
36673495|36673495
36673496|10043675
36673497|10025649
36673498|10025700
36673499|10026137
36673500|10026223
36673501|10026370
36673502|10026534
36673503|36673503
36673504|36673504
36673505|36673505
36673506|10015094
36673507|10015095
36673508|10015096
36673509|10025272
36673510|10025273
36673511|10025274
36673512|10025286
36673513|10025287
36673514|10025288
36673515|10026533
36673516|10041607
36673517|10041608
36673518|10041609
36673519|10043671
36673520|10043672
36673521|10043673
36673522|36673522
36673523|10015097
36673524|10025275
36673525|10025289
36673526|10041610
36673527|36673527
36673528|36673528
36673529|10001246
36673530|10001255
36673531|36673531
36673532|36673532
36673533|36673533
36673534|36673534
36673535|36673535
36673536|10001252
36673537|10001253
36673538|36673538
36673539|10023715
36673540|36673540
36673541|36673541
36673542|10023716
36673543|36673543
36673544|10023717
36673545|36673545
36673546|10023718
36673547|36673547
36673548|10023719
36673549|36673549
36673550|10023720
36673551|10023721
36673552|10023722
36673553|36673553
36673554|10023723
36673555|36673555
36673556|10001160
36673557|10001175
36673558|10001185
36673559|36673559
36673560|10025032
36673561|36673561
36673562|10001177
36673563|36673563
36673564|10001161
36673565|10001176
36673566|10001178
36673567|36673567
36673568|10001162
36673569|10001179
36673570|36673570
36673571|10001163
36673572|10001180
36673573|36673573
36673574|10001164
36673575|10001181
36673576|10001182
36673577|10001183
36673578|36673578
36673579|10001165
36673580|10001184
36673581|36673581
36673582|36673582
36673583|36673583
36673584|10041827
36673585|10041828
36673586|36673586
36673587|10041829
36673588|36673588
36673589|10041830
36673590|36673590
36673591|10041831
36673592|36673592
36673593|10041832
36673594|36673594
36673595|36673595
36673596|10041833
36673597|10029514
36673598|36673598
36673599|10066490
36673600|36673600
36673601|10025048
36673602|36673602
36673603|10025049
36673604|36673604
36673605|10025050
36673606|36673606
36673607|10025051
36673608|36673608
36673609|10025052
36673610|36673610
36673611|10025053
36673612|36673612
36673613|10025054
36673614|36673614
36673615|10025055
36673616|36673616
36673617|10025682
36673618|10025703
36673619|10026057
36673620|10026161
36673621|10026168
36673622|10026295
36673623|10026371
36673624|10026507
36673625|10028786
36673626|10028793
36673627|10028803
36673628|36673628
36673629|10025683
36673630|10025704
36673631|10026058
36673632|10026162
36673633|10026169
36673634|10026296
36673635|10026372
36673636|10026508
36673637|36673637
36673638|10028795
36673639|10028804
36673640|10025684
36673641|10025705
36673642|10026059
36673643|10026163
36673644|10026170
36673645|10026297
36673646|10026373
36673647|10026509
36673648|36673648
36673649|10028796
36673650|10028805
36673651|10025685
36673652|10025706
36673653|10026060
36673654|10026164
36673655|10026171
36673656|10026298
36673657|10026374
36673658|10026510
36673659|36673659
36673660|10028797
36673661|10028806
36673662|10025686
36673663|10025707
36673664|10026061
36673665|10026165
36673666|10026172
36673667|10026299
36673668|10026375
36673669|10026511
36673670|36673670
36673671|10028798
36673672|10028807
36673673|10025687
36673674|10025708
36673675|10026062
36673676|10026166
36673677|10026173
36673678|10026300
36673679|10026376
36673680|10026512
36673681|36673681
36673682|10028799
36673683|10028808
36673684|10025688
36673685|10025709
36673686|10026063
36673687|10026167
36673688|10026174
36673689|10026301
36673690|10026377
36673691|10026513
36673692|36673692
36673693|10028800
36673694|10028809
36673695|10026075
36673696|10026539
36673697|10026540
36673698|10026541
36673699|36673699
36673700|10051976
36673701|10056313
36673702|10049822
36673703|36673703
36673704|10022887
36673705|10026159
36673706|36673706
36673707|10028730
36673708|10041856
36673709|36673709
36673710|10007106
36673711|10022888
36673712|10025695
36673713|10025902
36673714|10025938
36673715|10026130
36673716|10026186
36673717|10026471
36673718|36673718
36673719|10033861
36673720|10033862
36673721|10041864
36673722|10033854
36673723|36673723
36673724|36673724
36673725|36673725
36673726|36673726
36673727|36673727
36673728|36673728
36673729|36673729
36673730|36673730
36673731|36673731
36673732|36673732
36673733|10026341
36673734|10026650
36673735|36673735
36673736|10034858
36673737|10026342
36673738|10026651
36673739|36673739
36673740|10034859
36673741|10026343
36673742|10026652
36673743|36673743
36673744|10034860
36673745|10026344
36673746|10026653
36673747|36673747
36673748|10034861
36673749|10026345
36673750|10026654
36673751|36673751
36673752|10034862
36673753|10026346
36673754|10026649
36673755|36673755
36673756|36673756
36673757|10034857
36673758|36673758
36673759|10052180
36673760|36673760
36673761|36673761
36673762|36673762
36673763|10049498
36673764|10049790
36673765|36673765
36673766|36673766
36673767|10026957
36673768|36673768
36673769|10035609
36673770|10045155
36673771|36673771
36673772|10029024
36673773|10029042
36673774|10029065
36673775|10029083
36673776|10029094
36673777|10038735
36673778|36673778
36673779|10051866
36673780|36673780
36673781|36673781
36673782|10006861
36673783|10007054
36673784|10007311
36673785|10026108
36673786|10066494
36673787|10006447
36673788|10037311
36673789|10049876
36673790|36673790
36673791|36673791
36673792|10044286
36673793|36673793
36673794|10006423
36673795|10007056
36673796|10007099
36673797|10007317
36673798|10025057
36673799|36673799
36673800|10025072
36673801|10025793
36673802|10026098
36673803|10026114
36673804|10026144
36673805|10026217
36673806|10026549
36673807|10026576
36673808|10037345
36673809|10037351
36673810|10006422
36673811|10006424
36673812|10007055
36673813|10007057
36673814|10007098
36673815|10007100
36673816|10007316
36673817|10007318
36673818|10007362
36673819|10007437
36673820|10007438
36673821|10025047
36673822|10025058
36673823|36673823
36673824|10025071
36673825|10025073
36673826|10025792
36673827|10025794
36673828|10026097
36673829|10026099
36673830|10026113
36673831|10026115
36673832|10026143
36673833|10026145
36673834|10026216
36673835|10026218
36673836|10026548
36673837|10026550
36673838|10026575
36673839|10026577
36673840|10037350
36673841|10037352
36673842|10006418
36673843|10006425
36673844|10006881
36673845|10006884
36673846|10007058
36673847|10007101
36673848|10007312
36673849|10007319
36673850|10007434
36673851|10007439
36673852|10025045
36673853|10025059
36673854|36673854
36673855|10025074
36673856|10025788
36673857|10025795
36673858|10026093
36673859|10026100
36673860|10026109
36673861|10026116
36673862|10026139
36673863|10026146
36673864|10026212
36673865|10026219
36673866|10026544
36673867|10026551
36673868|10026571
36673869|10026578
36673870|10037346
36673871|10037353
36673872|10006419
36673873|10006426
36673874|10006882
36673875|10006885
36673876|10007059
36673877|10007102
36673878|10007313
36673879|10007320
36673880|10007421
36673881|10007440
36673882|10025060
36673883|36673883
36673884|10025075
36673885|10025789
36673886|10025796
36673887|10026094
36673888|10026101
36673889|10026110
36673890|10026117
36673891|10026140
36673892|10026147
36673893|10026213
36673894|10026220
36673895|10026545
36673896|10026552
36673897|10026572
36673898|10026579
36673899|10037347
36673900|10037354
36673901|10006420
36673902|10006427
36673903|10006883
36673904|10007060
36673905|10007103
36673906|10007314
36673907|10007321
36673908|10007435
36673909|10007441
36673910|10025061
36673911|36673911
36673912|10025076
36673913|10025790
36673914|10025797
36673915|10026095
36673916|10026102
36673917|10026111
36673918|10026118
36673919|10026141
36673920|10026148
36673921|10026214
36673922|10026221
36673923|10026546
36673924|10026553
36673925|10026573
36673926|10026580
36673927|10037348
36673928|10037355
36673929|10006421
36673930|10006428
36673931|10006862
36673932|10006886
36673933|10007061
36673934|10007097
36673935|10007104
36673936|10007315
36673937|10007322
36673938|10007436
36673939|10007442
36673940|10025046
36673941|10025062
36673942|36673942
36673943|10025077
36673944|10025791
36673945|10025798
36673946|10026096
36673947|10026103
36673948|10026112
36673949|10026119
36673950|10026142
36673951|10026149
36673952|10026215
36673953|10026222
36673954|10026547
36673955|10026554
36673956|10026574
36673957|10026581
36673958|10037349
36673959|10037356
36673960|10049674
36673961|36673961
36673962|10006880
36673963|10007096
36673964|10007420
36673965|10007433
36673966|10025044
36673967|10025056
36673968|10025063
36673969|10025064
36673970|10025799
36673971|10026092
36673972|10026138
36673973|10026211
36673974|10026543
36673975|10026570
36673976|10037344
36673977|10052796
36673978|10052797
36673979|10052798
36673980|36673980
36673981|10026305
36673982|10026328
36673983|36673983
36673984|10026352
36673985|10026353
36673986|10026354
36673987|10026355
36673988|10026640
36673989|10025535
36673990|10025991
36673991|10026178
36673992|10026190
36673993|10026244
36673994|10026582
36673995|10026676
36673996|36673996
36673997|10050075
36673998|36673998
36673999|10033571
36674000|36674000
36674001|36674001
36674002|36674002
36674003|10007381
36674004|10007387
36674005|10007388
36674006|36674006
36674007|36674007
36674008|10043516
36674009|10026542
36674010|36674010
36674011|36674011
36674012|36674012
36674013|36674013
36674014|36674014
36674015|10029882
36674016|10041058
36674017|36674017
36674018|36674018
36674019|36674019
36674020|36674020
36674021|36674021
36674022|36674022
36674023|36674023
36674024|36674024
36674025|36674025
36674026|36674026
36674027|36674027
36674028|36674028
36674029|36674029
36674030|10020473
36674031|10020476
36674032|36674032
36674033|10024219
36674034|36674034
36674035|10027160
36674036|10024226
36674037|36674037
36674038|10025653
36674039|10025655
36674040|10025656
36674041|10025657
36674042|10025659
36674043|10025660
36674044|10025661
36674045|10025662
36674046|10025663
36674047|10025664
36674048|10025665
36674049|10025667
36674050|10027149
36674051|10027150
36674052|10027152
36674053|10027153
36674054|10027154
36674055|10027155
36674056|36674056
36674057|10040891
36674058|10048434
36674059|10049879
36674060|10053571
36674061|10056768
36674062|10056769
36674063|10056792
36674064|10000584
36674065|36674065
36674066|10027148
36674067|10042548
36674068|36674068
36674069|36674069
36674070|36674070
36674071|36674071
36674072|36674072
36674073|36674073
36674074|10027481
36674075|36674075
36674076|36674076
36674077|36674077
36674078|36674078
36674079|10042547
36674080|36674080
36674081|36674081
36674082|36674082
36674083|10004150
36674084|10007286
36674085|10016625
36674086|10024542
36674087|10027492
36674088|10027981
36674089|10029496
36674090|10035029
36674091|10039208
36674092|10039716
36674093|10042503
36674094|10062787
36674095|10064679
36674096|10066495
36674097|36674097
36674098|10007288
36674099|36674099
36674100|10022739
36674101|10022782
36674102|10022783
36674103|10007383
36674104|10007389
36674105|36674105
36674106|10007391
36674107|10007392
36674108|10007393
36674109|10007394
36674110|10007395
36674111|10007396
36674112|10007397
36674113|10007398
36674114|10056763
36674115|10056764
36674116|10056787
36674117|10003931
36674118|36674118
36674119|10013961
36674120|10013962
36674121|36674121
36674122|36674122
36674123|36674123
36674124|10029039
36674125|10029079
36674126|36674126
36674127|10040859
36674128|10040897
36674129|10040940
36674130|10040941
36674131|10040942
36674132|10045153
36674133|10045156
36674134|10045157
36674135|10045159
36674136|10045160
36674137|10045176
36674138|10048529
36674139|10058215
36674140|36674140
36674141|36674141
36674142|36674142
36674143|10007115
36674144|10007116
36674145|10007472
36674146|10026457
36674147|10026693
36674148|10032236
36674149|10032237
36674150|10032238
36674151|10032239
36674152|10032240
36674153|10032242
36674154|10032243
36674155|10032244
36674156|10032245
36674157|10032246
36674158|10032247
36674159|36674159
36674160|10040810
36674161|10040811
36674162|10040890
36674163|10040895
36674164|10040896
36674165|36674165
36674166|36674166
36674167|36674167
36674168|10064678
36674169|36674169
36674170|10018380
36674171|36674171
36674172|36674172
36674173|36674173
36674174|36674174
36674175|36674175
36674176|36674176
36674177|36674177
36674178|36674178
36674179|10046821
36674180|10062586
36674181|10062597
36674182|36674182
36700000|10029205
36702237|10007951
36702238|10007963
36702239|10010335
36702240|10011305
36702241|10012303
36702242|10014623
36702243|10019231
36702244|10021666
36702245|10057167
36702246|10028037
36702247|10029305
36702248|10029301
36702249|10029317
36702250|10034606
36702251|10039911
36702252|10040998
36702253|10041543
36702254|10042258
36703439|10000319
36703440|10007952
36703441|10014599
36703442|10014600
36703443|10057174
36703444|10027203
36703445|10027237
36703446|10027261
36703447|10027187
36703448|10028525
36703449|10021888
36703450|10007936
36703451|10007948
36703452|10007962
36703453|10008209
36703454|10044376
36703455|10044518
36703456|10010332
36703457|10010333
36703458|10010334
36703459|10010413
36703460|10010589
36703461|10019888
36703462|10000366
36703463|10003788
36703464|10011306
36703465|10015951
36703466|10016054
36703467|10018390
36703468|10020992
36703469|10027755
36703470|10030281
36703471|10030933
36703472|10044645
36703473|10046967
36703474|10012302
36703475|10068202
36703476|10052785
36703477|10014632
36703478|10014624
36703479|10019233
36703480|10027603
36703481|10020509
36703482|10062912
36703483|10001897
36703484|10012268
36703485|10012561
36703486|10027177
36703487|10027375
36703488|10027379
36703489|10008752
36703490|10013929
36703491|10013985
36703492|10033800
36703493|10034005
36703494|10044566
36703495|10000171
36703496|10008028
36703497|10052770
36703498|10011168
36703499|10013509
36703500|10057185
36703501|10029306
36703502|10033788
36703503|10037533
36703504|10040021
36703505|10041460
36703506|10052769
36703507|10029292
36703508|10030952
36703509|10003839
36703510|10028004
36703511|10028342
36703512|10029318
36703513|10029320
36703514|10001014
36703515|10036107
36703516|10022031
36703517|10027917
36703518|10034607
36703519|10000332
36703520|10018101
36703521|10034057
36703522|10034093
36703523|10039912
36703524|10000178
36703525|10013510
36703526|10013500
36703527|10028714
36703528|10040978
36703529|10040996
36703530|10052771
36703531|10052772
36703532|10041544
36703533|10041545
36703534|10042259
36717958|10009719
36717959|10051288
36717960|10048817
36717961|10018341
36717962|10014581
36717963|10014589
36717964|10014607
36717965|10014619
36717966|10058760
36717967|10053658
36717968|10028524
36717969|10028527
36717970|10007686
36717971|10050403
36717972|10054749
36717973|10022758
36717974|10067057
36717975|10069020
36717976|10048963
36717977|10063093
36717978|10006145
36717979|10006147
36717980|10006148
36717981|10068644
36717982|10062573
36717983|10051328
36717984|10007684
36717985|10048964
36717986|10007688
36717987|10053633
36717988|10008023
36717989|10067167
36717990|10061038
36717991|10008030
36717992|10008034
36717993|10068621
36717994|10008088
36717995|10008089
36717996|10008092
36717997|10053942
36717998|10008111
36717999|10050157
36718000|10008112
36718001|10008118
36718002|10008119
36718003|10008120
36718004|10008132
36718005|10008190
36718006|10060839
36718007|10014498
36718008|10018985
36718009|10019005
36718010|10019016
36718011|10055677
36718012|10059491
36718013|10022840
36718014|10022841
36718015|10060840
36718016|10061256
36718017|10051078
36718018|10024033
36718019|10052593
36718020|10036511
36718021|10058940
36718022|10039330
36718023|10059613
36718024|10042316
36718025|10042317
36718026|10042365
36718027|10064961
36718028|10058939
36718029|10067347
36718030|10043647
36718031|10048965
36718032|10057777
36718033|10004163
36718034|10057361
36718035|10067116
36718036|10061744
36718037|10064949
36718038|10007687
36718039|10065559
36718040|10008087
36718041|10063648
36718042|10008097
36718043|10067466
36718044|10059109
36718045|10008196
36718046|10058842
36718047|10050521
36718048|10061751
36718049|10067364
36718050|10059626
36718051|10053601
36718052|10028047
36718053|10053841
36718054|10049440
36718055|10061369
36718056|10063661
36718057|10047330
36718058|10047334
36718059|10050360
36718060|10008138
36718061|10061251
36718062|10042567
36718063|10044457
36718064|10067744
36718065|10050496
36718066|10042335
36718067|10044390
36718068|10060929
36718069|10048842
36718070|10061093
36718071|10011314
36718072|10061908
36718073|10061096
36718074|10029244
36718075|10061911
36718076|10054201
36718077|10061457
36718078|10016060
36718079|10051267
36718080|10063006
36718081|10030069
36718082|10050040
36718083|10061185
36718084|10051270
36718085|10018391
36718086|10061212
36718087|10067129
36718088|10006542
36718089|10047319
36718090|10002653
36718091|10050515
36718092|10056388
36718093|10034018
36718094|10061594
36718095|10018139
36718096|10060890
36718097|10068008
36718098|10044652
36718099|10049788
36718100|10001136
36718101|10050202
36718102|10061403
36718103|10064661
36718104|10047674
36718105|10049234
36718106|10007968
36718107|10010252
36718108|10012305
36718109|10049020
36718110|10067067
36718111|10028245
36718112|10048393
36718113|10063401
36718114|10053395
36718115|10067063
36718116|10063399
36718117|10063400
36718118|10050750
36718119|10014625
36718120|10014633
36718121|10020803
36718122|10021147
36718123|10024382
36718124|10052594
36718125|10068191
36718126|10065598
36718127|10063761
36718128|10026828
36718129|10009094
36718130|10059133
36718131|10068614
36718132|10019211
36718133|10067040
36718134|10052470
36718135|10061981
36718136|10040744
36718137|10043269
36718138|10047077
36718139|10050258
36718140|10056236
36718141|10027599
36718142|10027607
36718143|10052787
36718144|10052945
36718145|10067575
36718146|10020508
36718147|10058025
36718148|10029773
36718149|10004277
36718150|10006112
36718151|10048962
36718152|10065532
36718153|10052173
36718154|10067276
36718155|10022773
36718156|10067275
36718157|10012271
36718158|10012293
36718159|10012294
36718160|10012295
36718161|10012296
36718162|10036631
36718163|10012267
36718164|10067889
36718165|10068968
36718166|10036813
36718167|10039966
36718168|10057678
36718169|10003805
36718170|10064062
36718171|10001949
36718172|10061423
36718173|10002711
36718174|10058669
36718175|10027175
36718176|10038965
36718177|10052393
36718178|10050012
36718179|10057668
36718180|10013496
36718181|10023236
36718182|10027374
36718183|10064805
36718184|10027378
36718185|10027618
36718186|10027791
36718187|10036791
36718188|10040443
36718189|10003620
36718190|10008748
36718191|10008754
36718192|10065657
36718193|10001540
36718194|10001541
36718195|10058504
36718196|10004153
36718197|10006100
36718198|10009696
36718199|10013916
36718200|10013922
36718201|10015832
36718202|10066088
36718203|10017472
36718204|10069118
36718205|10020651
36718206|10020652
36718207|10021021
36718208|10021022
36718209|10027138
36718210|10057333
36718211|10028035
36718212|10036437
36718213|10056300
36718214|10037211
36718215|10068395
36718216|10057570
36718217|10042008
36718218|10043118
36718219|10046270
36718220|10013983
36718221|10014566
36718222|10030899
36718223|10067954
36718224|10035628
36718225|10039198
36718226|10067672
36718227|10012725
36718228|10013033
36718229|10019465
36718230|10019468
36718231|10024792
36718232|10049642
36718233|10027925
36718234|10027926
36718235|10033799
36718236|10033809
36718237|10033885
36718238|10033892
36718239|10033985
36718240|10054808
36718241|10052469
36718242|10037114
36718243|10049680
36718244|10037714
36718245|10038708
36718246|10056323
36718247|10067130
36718248|10041415
36718249|10048792
36718250|10057268
36718251|10048327
36718252|10067468
36718253|10060904
36718254|10026863
36718255|10030312
36718256|10061536
36718257|10048868
36718258|10056437
36718259|10034010
36718260|10068100
36718261|10015496
36718262|10064950
36718263|10069099
36718264|10022520
36718265|10044565
36718266|10044575
36718267|10003084
36718268|10064010
36718269|10015727
36718270|10058486
36718271|10058444
36718272|10020745
36718273|10021089
36718274|10056294
36718275|10050002
36718276|10051852
36718277|10058605
36718278|10067206
36718279|10038254
36718280|10049848
36718281|10068768
36718282|10008072
36718283|10050389
36718284|10009697
36718285|10010947
36718286|10012557
36718287|10050256
36718288|10010071
36718289|10049037
36718290|10059497
36718291|10000346
36718292|10048663
36718293|10001508
36718294|10001663
36718295|10053238
36718296|10051498
36718297|10068346
36718298|10002948
36718299|10003062
36718300|10065165
36718301|10010305
36718302|10049669
36718303|10058319
36718304|10013932
36718305|10013976
36718306|10048608
36718307|10048845
36718308|10067022
36718309|10022517
36718310|10029289
36718311|10068855
36718312|10001854
36718313|10002941
36718314|10050093
36718315|10012373
36718316|10069162
36718317|10024855
36718318|10050395
36718319|10048727
36718320|10039897
36718321|10041349
36718322|10041350
36718323|10058709
36718324|10042264
36718325|10063292
36718326|10051290
36718327|10054937
36718328|10065784
36718329|10054938
36718330|10051990
36718331|10061431
36718332|10051765
36718333|10061281
36718334|10059801
36718335|10061296
36718336|10064060
36718337|10056677
36718338|10029202
36718339|10053643
36718340|10058119
36718341|10049215
36718342|10061551
36718343|10054797
36718344|10050013
36718345|10066817
36718346|10001496
36718347|10001497
36718348|10001500
36718349|10002977
36718350|10065044
36718351|10062839
36718352|10009346
36718353|10011469
36718354|10013395
36718355|10013642
36718356|10066482
36718357|10016945
36718358|10061991
36718359|10019194
36718360|10050740
36718361|10027197
36718362|10028622
36718363|10068357
36718364|10060860
36718365|10034719
36718366|10035551
36718367|10067702
36718368|10038743
36718369|10043431
36718370|10043833
36718371|10045555
36718372|10006784
36718373|10013886
36718374|10062665
36718375|10017062
36718376|10020568
36718377|10051660
36718378|10049690
36718379|10033775
36718380|10058469
36718381|10052544
36718382|10054786
36718383|10052492
36718384|10051224
36718385|10053552
36718386|10002091
36718387|10054878
36718388|10002182
36718389|10003791
36718390|10064012
36718391|10064332
36718392|10068912
36718393|10068324
36718394|10065952
36718395|10020937
36718396|10065312
36718397|10049949
36718398|10067068
36718399|10057332
36718400|10052288
36718401|10029223
36718402|10068106
36718403|10059097
36718404|10033553
36718405|10059923
36718406|10040026
36718407|10048871
36718408|10040030
36718409|10054874
36718410|10068010
36718411|10068011
36718412|10068009
36718413|10066856
36718414|10002953
36718415|10002954
36718416|10003063
36718417|10010964
36718418|10013887
36718419|10013931
36718420|10013951
36718421|10054964
36718422|10013952
36718423|10013953
36718424|10013977
36718425|10014127
36718426|10068366
36718427|10021630
36718428|10024796
36718429|10028403
36718430|10028916
36718431|10038583
36718432|10039917
36718433|10041466
36718434|10041467
36718435|10066855
36718436|10047313
36718437|10047343
36718438|10001387
36718439|10001402
36718440|10002757
36718441|10003629
36718442|10061666
36718443|10005073
36718444|10008674
36718445|10048650
36718446|10058914
36718447|10067598
36718448|10051691
36718449|10046543
36718450|10002026
36718451|10024962
36718452|10028003
36718453|10036800
36718454|10036808
36718455|10063636
36718456|10046298
36718457|10013643
36718458|10040108
36718459|10062162
36718460|10050908
36718461|10029315
36718462|10066699
36718463|10036105
36718464|10061811
36718465|10064135
36718466|10036111
36718467|10065536
36718468|10007697
36718469|10056473
36718470|10049789
36718471|10067925
36718472|10027910
36718473|10062203
36718474|10027918
36718475|10065292
36718476|10067633
36718477|10058530
36718478|10034701
36718479|10064964
36718480|10065537
36718481|10067773
36718482|10037751
36718483|10056280
36718484|10048950
36718485|10039672
36718486|10043121
36718487|10059790
36718488|10045381
36718489|10045380
36718490|10058942
36718491|10003882
36718492|10065417
36718493|10067785
36718494|10015113
36718495|10051307
36718496|10023466
36718497|10025016
36718498|10029240
36718499|10050502
36718500|10029331
36718501|10034580
36718502|10056673
36718503|10034620
36718504|10048627
36718505|10046328
36718506|10018090
36718507|10034759
36718508|10052391
36718509|10010911
36718510|10018659
36718511|10003831
36718512|10010145
36718513|10013634
36718514|10059232
36718515|10037214
36718516|10043209
36718517|10045476
36718518|10049612
36718519|10012177
36718520|10040703
36718521|10052075
36718522|10056347
36718523|10003628
36718524|10056699
36718525|10053398
36718526|10010904
36718527|10010920
36718528|10010927
36718529|10014129
36718530|10015037
36718531|10015049
36718532|10016284
36718533|10049424
36718534|10021750
36718535|10048816
36718536|10054859
36718537|10061334
36718538|10056209
36718539|10039907
36718540|10041962
36718541|10051171
36718542|10043994
36718543|10000125
36718544|10061613
36718545|10067494
36718546|10065085
36718547|10067493
36718548|10041002
36718549|10067492
36718550|10041009
36718551|10041010
36718552|10041347
36718553|10067530
36718554|10022035
36718555|10022437
36718556|10027590
36718557|10068932
36718558|10001423
36718559|10009191
36718560|10012209
36718561|10022995
36718562|10041003
36718563|10020765
36718564|10028713
36718565|10007982
36718566|10040979
36718567|10006344
36718568|10061827
36718569|10062519
36718570|10037841
36718571|10050014
36718572|10063968
36718573|10008252
36718574|10008289
36718575|10008293
36718576|10008303
36718577|10050092
36718578|10050219
36718579|10050085
36718580|10002703
36718581|10007821
36718582|10020523
36718583|10020853
36718584|10050169
36718585|10067441
36718586|10028570
36718587|10061866
36718588|10029188
36718589|10029279
36718590|10064894
36718591|10059604
36718592|10052442
36718593|10061928
36718594|10037778
36718595|10037779
36718596|10066196
36718597|10041539
36718598|10041549
36718599|10061367
36718600|10058571
36718601|10050209
36718602|10063036
36718603|10041670
36718604|10042928
36718605|10066334
36718606|10067967
36718607|10052334
36718608|10008027
36718609|10008096
36718610|10066296
36718611|10048824
36718612|10059150
36718613|10051647
36718614|10066240
36718615|10051818
36718616|10068734
36718617|10063629
36718618|10056392
36718619|10048626
36774183|36774183
36774184|10047303
36774185|36774185
36774186|36774186
36774187|10008110
36774188|36774188
36774189|10014580
36774190|36774190
36774191|10014601
36774192|10014616
36774193|10027282
36774194|10031714
36774195|10045650
36774196|10054860
36774197|10063674
36774198|10066631
36774199|36774199
36774200|10055246
36774201|36774201
36774202|10014608
36774203|10014609
36774204|10044220
36774205|10014615
36774206|36774206
36774207|36774207
36774208|10052436
36774209|10052441
36774210|36774210
36774211|36774211
36774212|10028526
36774213|10062588
36774214|36774214
36774215|36774215
36774216|10022572
36774217|36774217
36774218|10008412
36774219|36774219
36774220|10002333
36774221|10002334
36774222|10002337
36774223|10002686
36774224|10004484
36774225|10008075
36774226|10008077
36774227|10008078
36774228|36774228
36774229|10027576
36774230|10036347
36774231|10036351
36774232|10039347
36774233|10062507
36774234|10064493
36774235|10067318
36774236|36774236
36774237|10067059
36774238|36774238
36774239|10029991
36774240|36774240
36774241|36774241
36774242|36774242
36774243|10006146
36774244|10018970
36774245|10036146
36774246|10036147
36774247|10036148
36774248|10055262
36774249|36774249
36774250|10049769
36774251|36774251
36774252|10054339
36774253|36774253
36774254|36774254
36774255|36774255
36774256|36774256
36774257|10007691
36774258|10014529
36774259|10007693
36774260|10029999
36774261|36774261
36774262|36774262
36774263|10007694
36774264|10043616
36774265|10043617
36774266|36774266
36774267|10053660
36774268|36774268
36774269|10035002
36774270|10036357
36774271|10043618
36774272|36774272
36774273|10008029
36774274|10055362
36774275|36774275
36774276|36774276
36774277|10008032
36774278|10018971
36774279|10055263
36774280|36774280
36774281|36774281
36774282|10068626
36774283|10002677
36774284|36774284
36774285|10008108
36774286|10008109
36774287|10014515
36774288|10014530
36774289|10014531
36774290|10027577
36774291|10036348
36774292|10036358
36774293|10002678
36774294|36774294
36774295|10008091
36774296|10027579
36774297|10030006
36774298|10036349
36774299|10002679
36774300|10008080
36774301|36774301
36774302|10008133
36774303|10027581
36774304|10036350
36774305|10036359
36774306|10043620
36774307|10019431
36774308|36774308
36774309|10053944
36774310|10055888
36774311|10068342
36774312|10068344
36774313|36774313
36774314|10008114
36774315|10018972
36774316|10019529
36774317|10019531
36774318|10019551
36774319|10022737
36774320|10022751
36774321|10022753
36774322|10022754
36774323|10049598
36774324|10055293
36774325|10055800
36774326|10055815
36774327|10063734
36774328|10063736
36774329|36774329
36774330|10067280
36774331|36774331
36774332|10054740
36774333|36774333
36774334|10008115
36774335|10008117
36774336|36774336
36774337|10021173
36774338|10021755
36774339|10027578
36774340|10049600
36774341|10058296
36774342|10060772
36774343|10064039
36774344|10068187
36774345|10068401
36774346|36774346
36774347|10054741
36774348|10002661
36774349|36774349
36774350|10008121
36774351|10023029
36774352|10023030
36774353|10032086
36774354|10032087
36774355|10055749
36774356|10055750
36774357|10066552
36774358|10066553
36774359|36774359
36774360|10043619
36774361|10050549
36774362|10000374
36774363|10003004
36774364|36774364
36774365|10008191
36774366|10011693
36774367|10027580
36774368|10042244
36774369|10049196
36774370|10049599
36774371|10058010
36774372|36774372
36774373|36774373
36774374|10057613
36774375|10067816
36774376|10005121
36774377|36774377
36774378|10019552
36774379|10022760
36774380|10022762
36774381|10022763
36774382|10031306
36774383|10031307
36774384|10031329
36774385|10031330
36774386|10031331
36774387|10031332
36774388|10031333
36774389|10031334
36774390|10031335
36774391|10031336
36774392|10031337
36774393|10031338
36774394|10031339
36774395|10031340
36774396|10031341
36774397|10031342
36774398|10031343
36774399|10031510
36774400|10031586
36774401|10031587
36774402|10031588
36774403|10031589
36774404|10031590
36774405|10031591
36774406|10042326
36774407|10042327
36774408|10042328
36774409|10042329
36774410|10045980
36774411|10045981
36774412|10055295
36774413|36774413
36774414|10055278
36774415|10017381
36774416|36774416
36774417|10048863
36774418|10052081
36774419|10052085
36774420|10055284
36774421|36774421
36774422|10055678
36774423|36774423
36774424|10059496
36774425|36774425
36774426|10022842
36774427|10055299
36774428|36774428
36774429|10022843
36774430|10022844
36774431|10022845
36774432|10066947
36774433|10066952
36774434|36774434
36774435|10060848
36774436|10023027
36774437|10055221
36774438|36774438
36774439|36774439
36774440|36774440
36774441|10036356
36774442|36774442
36774443|10052598
36774444|10029993
36774445|10029994
36774446|10029995
36774447|10029996
36774448|10029998
36774449|10036480
36774450|36774450
36774451|10036512
36774452|10048966
36774453|36774453
36774454|10058965
36774455|10022761
36774456|36774456
36774457|10055294
36774458|36774458
36774459|10019587
36774460|10042300
36774461|10042301
36774462|10042302
36774463|10042303
36774464|10042304
36774465|10042305
36774466|10042306
36774467|10042307
36774468|10042308
36774469|10042309
36774470|10042310
36774471|10042311
36774472|10042312
36774473|10042313
36774474|10042314
36774475|10042315
36774476|36774476
36774477|10042318
36774478|10042320
36774479|10042321
36774480|10042322
36774481|10042323
36774482|10055845
36774483|10055874
36774484|36774484
36774485|10042319
36774486|10042324
36774487|10055344
36774488|10042358
36774489|10042359
36774490|36774490
36774491|10055346
36774492|36774492
36774493|36774493
36774494|10058964
36774495|36774495
36774496|36774496
36774497|10029997
36774498|36774498
36774499|36774499
36774500|36774500
36774501|36774501
36774502|10053964
36774503|36774503
36774504|10049246
36774505|36774505
36774506|36774506
36774507|36774507
36774508|10029992
36774509|10003602
36774510|10008095
36774511|36774511
36774512|36774512
36774513|36774513
36774514|10063758
36774515|10063759
36774516|10063760
36774517|36774517
36774518|36774518
36774519|36774519
36774520|10001111
36774521|10008116
36774522|10008134
36774523|10008135
36774524|10008136
36774525|10008137
36774526|10008189
36774527|36774527
36774528|10008198
36774529|10008200
36774530|10008201
36774531|10008202
36774532|10008203
36774533|10008204
36774534|10013203
36774535|10020566
36774536|10020620
36774537|10023987
36774538|10031494
36774539|10032117
36774540|10045652
36774541|10048497
36774542|10049601
36774543|10060574
36774544|10022463
36774545|36774545
36774546|10008079
36774547|10008085
36774548|10041380
36774549|10047164
36774550|36774550
36774551|10057979
36774552|10008207
36774553|10036513
36774554|36774554
36774555|36774555
36774556|36774556
36774557|10008197
36774558|10008199
36774559|36774559
36774560|10054750
36774561|10055184
36774562|36774562
36774563|10067590
36774564|36774564
36774565|36774565
36774566|10049456
36774567|10041602
36774568|10047092
36774569|10047093
36774570|36774570
36774571|10058321
36774572|10063346
36774573|36774573
36774574|36774574
36774575|10004164
36774576|10004165
36774577|10047331
36774578|36774578
36774579|10047335
36774580|36774580
36774581|36774581
36774582|10043574
36774583|10043621
36774584|10043629
36774585|10022776
36774586|10029661
36774587|10034887
36774588|10043632
36774589|10057725
36774590|36774590
36774591|10039369
36774592|36774592
36774593|10066661
36774594|36774594
36774595|36774595
36774596|36774596
36774597|10055223
36774598|36774598
36774599|10022561
36774600|10032904
36774601|10043821
36774602|10044374
36774603|10044375
36774604|36774604
36774605|10044391
36774606|10046183
36774607|10055755
36774608|10063751
36774609|10068312
36774610|10000365
36774611|10013290
36774612|36774612
36774613|36774613
36774614|10011304
36774615|10011309
36774616|10011310
36774617|10045779
36774618|36774618
36774619|36774619
36774620|10028186
36774621|10050039
36774622|36774622
36774623|10048658
36774624|10060780
36774625|36774625
36774626|10065671
36774627|36774627
36774628|10050355
36774629|36774629
36774630|10050047
36774631|10052886
36774632|36774632
36774633|10004584
36774634|10016051
36774635|10016052
36774636|10016053
36774637|10032048
36774638|10047412
36774639|36774639
36774640|10004223
36774641|10016044
36774642|36774642
36774643|36774643
36774644|10016062
36774645|10024735
36774646|10029830
36774647|10029831
36774648|10033559
36774649|10033808
36774650|10045472
36774651|10048564
36774652|36774652
36774653|10051271
36774654|10051272
36774655|10059001
36774656|10031093
36774657|36774657
36774658|10063008
36774659|36774659
36774660|36774660
36774661|10059820
36774662|10018389
36774663|10031967
36774664|36774664
36774665|36774665
36774666|10051273
36774667|36774667
36774668|10013311
36774669|10020991
36774670|36774670
36774671|36774671
36774672|36774672
36774673|10006543
36774674|10033804
36774675|36774675
36774676|36774676
36774677|10024877
36774678|10041217
36774679|36774679
36774680|10064102
36774681|10013330
36774682|36774682
36774683|10001853
36774684|10013516
36774685|10013517
36774686|10013938
36774687|10013939
36774688|10013940
36774689|10016168
36774690|10020692
36774691|36774691
36774692|10034741
36774693|10041215
36774694|10041216
36774695|10041218
36774696|10041222
36774697|10042165
36774698|10049878
36774699|10055961
36774700|10067906
36774701|10067907
36774702|10016057
36774703|10029225
36774704|36774704
36774705|36774705
36774706|10013337
36774707|10032914
36774708|10044647
36774709|10044648
36774710|10044649
36774711|36774711
36774712|36774712
36774713|10029227
36774714|10033005
36774715|10036258
36774716|10036378
36774717|10043836
36774718|10043837
36774719|36774719
36774720|10057234
36774721|36774721
36774722|36774722
36774723|36774723
36774724|10050205
36774725|10067812
36774726|10013348
36774727|10046966
36774728|36774728
36774729|36774729
36774730|10004559
36774731|10023886
36774732|10033825
36774733|10033830
36774734|10033836
36774735|10038130
36774736|10045529
36774737|10046089
36774738|36774738
36774739|10004577
36774740|10045538
36774741|36774741
36774742|36774742
36774743|10007969
36774744|36774744
36774745|10067607
36774746|10010981
36774747|10010982
36774748|10012300
36774749|10012301
36774750|36774750
36774751|10012306
36774752|10031890
36774753|10032609
36774754|10048425
36774755|10053423
36774756|10039595
36774757|36774757
36774758|36774758
36774759|10013451
36774760|10028053
36774761|10028054
36774762|10028055
36774763|36774763
36774764|10028246
36774765|10028247
36774766|10028248
36774767|10039720
36774768|10042825
36774769|10064137
36774770|36774770
36774771|36774771
36774772|36774772
36774773|36774773
36774774|36774774
36774775|36774775
36774776|10002663
36774777|36774777
36774778|36774778
36774779|10014626
36774780|10014629
36774781|10014636
36774782|10014641
36774783|10058104
36774784|36774784
36774785|10014634
36774786|10014635
36774787|10014631
36774788|36774788
36774789|10014637
36774790|10021146
36774791|36774791
36774792|36774792
36774793|10067605
36774794|10067611
36774795|36774795
36774796|36774796
36774797|36774797
36774798|36774798
36774799|36774799
36774800|36774800
36774801|10009698
36774802|10019164
36774803|10019217
36774804|10019229
36774805|10019232
36774806|10020397
36774807|36774807
36774808|36774808
36774809|10008011
36774810|10008012
36774811|10008013
36774812|10016998
36774813|10017468
36774814|10019195
36774815|10019198
36774816|10019200
36774817|10019204
36774818|36774818
36774819|10019212
36774820|10019213
36774821|10019215
36774822|10019216
36774823|10019218
36774824|10019219
36774825|10019220
36774826|10019225
36774827|10019227
36774828|10029455
36774829|10033405
36774830|10036464
36774831|10043208
36774832|10048567
36774833|10048967
36774834|10048968
36774835|10048969
36774836|36774836
36774837|10051385
36774838|10052403
36774839|10053850
36774840|10056791
36774841|10058140
36774842|10059296
36774843|10063142
36774844|10066618
36774845|10019459
36774846|10019461
36774847|10050113
36774848|36774848
36774849|36774849
36774850|36774850
36774851|10019224
36774852|36774852
36774853|10040747
36774854|10040751
36774855|10004087
36774856|10019205
36774857|10019226
36774858|36774858
36774859|10043270
36774860|10043271
36774861|10043853
36774862|10019228
36774863|36774863
36774864|36774864
36774865|36774865
36774866|10056237
36774867|10017409
36774868|36774868
36774869|10027600
36774870|10027602
36774871|10027605
36774872|10027606
36774873|10027608
36774874|10027609
36774875|10027610
36774876|10027611
36774877|10027612
36774878|10032066
36774879|10032067
36774880|10032068
36774881|10046975
36774882|10046976
36774883|10046977
36774884|36774884
36774885|10053896
36774886|10065540
36774887|10066635
36774888|10066636
36774889|10009236
36774890|10009237
36774891|10009238
36774892|36774892
36774893|10027601
36774894|10027604
36774895|36774895
36774896|10030867
36774897|10049327
36774898|10049914
36774899|10010108
36774900|10010109
36774901|10010110
36774902|36774902
36774903|36774903
36774904|36774904
36774905|10067693
36774906|10010116
36774907|36774907
36774908|10020510
36774909|10020512
36774910|10020513
36774911|10020514
36774912|10020516
36774913|10029981
36774914|10020515
36774915|36774915
36774916|10024924
36774917|36774917
36774918|10029774
36774919|36774919
36774920|10022771
36774921|10037149
36774922|10056756
36774923|36774923
36774924|10010215
36774925|10006121
36774926|10008107
36774927|10008127
36774928|10014216
36774929|10014217
36774930|10030098
36774931|36774931
36774932|10055915
36774933|10057359
36774934|10057360
36774935|10058952
36774936|36774936
36774937|36774937
36774938|36774938
36774939|10067279
36774940|10020780
36774941|10021665
36774942|10022764
36774943|10022765
36774944|10022772
36774945|36774945
36774946|10022774
36774947|10036647
36774948|10042325
36774949|10067086
36774950|36774950
36774951|10067278
36774952|10001896
36774953|36774953
36774954|10012292
36774955|10066571
36774956|36774956
36774957|36774957
36774958|36774958
36774959|36774959
36774960|10012298
36774961|10036506
36774962|36774962
36774963|10036632
36774964|10036633
36774965|10036634
36774966|10036635
36774967|10001933
36774968|10006125
36774969|10006151
36774970|10008839
36774971|10008840
36774972|10012264
36774973|36774973
36774974|10012269
36774975|10012270
36774976|10012273
36774977|10012274
36774978|10012275
36774979|10012276
36774980|10012278
36774981|10012279
36774982|10012280
36774983|10012281
36774984|10012282
36774985|10012283
36774986|10012284
36774987|10012286
36774988|10012290
36774989|10012291
36774990|10013196
36774991|10013759
36774992|10027358
36774993|10031076
36774994|10032848
36774995|10036311
36774996|10039829
36774997|10042791
36774998|10044138
36774999|10046074
36775000|10057095
36775001|36775001
36775002|10012285
36775003|10017378
36775004|10035003
36775005|36775005
36775006|36775006
36775007|10054970
36775008|10039965
36775009|36775009
36775010|10039967
36775011|10039968
36775012|10039969
36775013|10039970
36775014|10039971
36775015|10039972
36775016|10039973
36775017|10039974
36775018|10039975
36775019|10039992
36775020|10039993
36775021|10003217
36775022|10003218
36775023|10003219
36775024|10003220
36775025|10003221
36775026|10003618
36775027|10012288
36775028|10012299
36775029|10028153
36775030|10047054
36775031|10047055
36775032|10047056
36775033|10047057
36775034|10047058
36775035|36775035
36775036|36775036
36775037|10003806
36775038|10003807
36775039|10003808
36775040|10008520
36775041|10014043
36775042|10021737
36775043|10021738
36775044|10021739
36775045|10023277
36775046|10062379
36775047|36775047
36775048|36775048
36775049|10001950
36775050|10001951
36775051|10024806
36775052|10024848
36775053|10024871
36775054|10024872
36775055|10027176
36775056|10027178
36775057|10027179
36775058|10034068
36775059|10040602
36775060|10044096
36775061|10048338
36775062|10001952
36775063|10001953
36775064|10001955
36775065|10001957
36775066|10013757
36775067|10013937
36775068|36775068
36775069|36775069
36775070|36775070
36775071|36775071
36775072|10017060
36775073|10021035
36775074|10027171
36775075|10027172
36775076|10027173
36775077|10027174
36775078|36775078
36775079|10068446
36775080|36775080
36775081|36775081
36775082|10006103
36775083|10006104
36775084|10041049
36775085|10041051
36775086|10043437
36775087|10043438
36775088|10043439
36775089|36775089
36775090|10009843
36775091|10009844
36775092|10009845
36775093|10009846
36775094|10048598
36775095|10048599
36775096|10048689
36775097|36775097
36775098|10066885
36775099|10003729
36775100|10003738
36775101|10003740
36775102|10010247
36775103|10010248
36775104|10010249
36775105|10010250
36775106|10010251
36775107|36775107
36775108|10013497
36775109|10016385
36775110|10021525
36775111|10027346
36775112|10027347
36775113|10027348
36775114|10027349
36775115|10036149
36775116|10040698
36775117|10050400
36775118|36775118
36775119|10008139
36775120|10012544
36775121|10012805
36775122|10022515
36775123|10022516
36775124|10022518
36775125|10027345
36775126|10027352
36775127|10027371
36775128|10027372
36775129|36775129
36775130|10027376
36775131|10027384
36775132|10027642
36775133|10043436
36775134|36775134
36775135|10067192
36775136|10068131
36775137|10012131
36775138|10014271
36775139|10016314
36775140|10027351
36775141|10027373
36775142|36775142
36775143|10027380
36775144|10030299
36775145|10032812
36775146|10038775
36775147|10046009
36775148|36775148
36775149|10027976
36775150|10021408
36775151|10021409
36775152|36775152
36775153|10021218
36775154|10021250
36775155|36775155
36775156|10040442
36775157|36775157
36775158|10003619
36775159|36775159
36775160|36775160
36775161|10008749
36775162|10008750
36775163|10008751
36775164|10031731
36775165|10062587
36775166|10008753
36775167|36775167
36775168|36775168
36775169|10000355
36775170|36775170
36775171|10028006
36775172|10028007
36775173|10048563
36775174|10061244
36775175|36775175
36775176|36775176
36775177|10058510
36775178|36775178
36775179|10031886
36775180|36775180
36775181|36775181
36775182|10000151
36775183|10000727
36775184|10005899
36775185|36775185
36775186|10013917
36775187|10013918
36775188|10013919
36775189|10013920
36775190|10013921
36775191|10013927
36775192|10013930
36775193|10019209
36775194|10019210
36775195|10022895
36775196|10022896
36775197|10022897
36775198|10022898
36775199|10023188
36775200|10023189
36775201|10028027
36775202|10028039
36775203|10028041
36775204|10028042
36775205|10028043
36775206|10028044
36775207|10028046
36775208|10028319
36775209|10030976
36775210|10031094
36775211|10042802
36775212|10042813
36775213|10043973
36775214|10043974
36775215|36775215
36775216|10004456
36775217|10013760
36775218|36775218
36775219|10015833
36775220|10015834
36775221|10015835
36775222|10015836
36775223|10015837
36775224|10031568
36775225|10032044
36775226|10032045
36775227|10042804
36775228|10045868
36775229|10048325
36775230|10058837
36775231|36775231
36775232|36775232
36775233|36775233
36775234|36775234
36775235|10020653
36775236|10020657
36775237|36775237
36775238|10000645
36775239|36775239
36775240|10027992
36775241|10028045
36775242|10038739
36775243|36775243
36775244|36775244
36775245|36775245
36775246|36775246
36775247|10028036
36775248|10028040
36775249|10048523
36775250|36775250
36775251|36775251
36775252|10000644
36775253|10004205
36775254|10004208
36775255|10020550
36775256|10020554
36775257|10020558
36775258|10021650
36775259|10023007
36775260|10027991
36775261|10028358
36775262|10033288
36775263|10033291
36775264|10034207
36775265|10037210
36775266|36775266
36775267|10056436
36775268|36775268
36775269|36775269
36775270|10026796
36775271|10042004
36775272|10042005
36775273|10042006
36775274|36775274
36775275|10042009
36775276|10067626
36775277|10013928
36775278|10024567
36775279|36775279
36775280|36775280
36775281|36775281
36775282|10013984
36775283|10013986
36775284|10017328
36775285|10021246
36775286|10022894
36775287|10031084
36775288|10032080
36775289|10042755
36775290|10048316
36775291|10066608
36775292|36775292
36775293|10003979
36775294|10003980
36775295|10015091
36775296|10030898
36775297|36775297
36775298|10041614
36775299|10044704
36775300|36775300
36775301|10067955
36775302|10067956
36775303|36775303
36775304|10035631
36775305|10050511
36775306|36775306
36775307|36775307
36775308|10067677
36775309|10067678
36775310|36775310
36775311|10033823
36775312|36775312
36775313|10013034
36775314|10050045
36775315|10050046
36775316|36775316
36775317|10019466
36775318|10019467
36775319|10044381
36775320|10047866
36775321|10048333
36775322|10058978
36775323|10016743
36775324|36775324
36775325|10019469
36775326|10019470
36775327|10019471
36775328|10019472
36775329|10019473
36775330|10024108
36775331|10024116
36775332|10032749
36775333|10033826
36775334|10039154
36775335|10039161
36775336|10041413
36775337|10001542
36775338|10024791
36775339|36775339
36775340|10063030
36775341|36775341
36775342|10024097
36775343|36775343
36775344|10039146
36775345|10065012
36775346|10065013
36775347|10066055
36775348|10003098
36775349|10024131
36775350|36775350
36775351|10027927
36775352|10027928
36775353|10027929
36775354|10027930
36775355|10027931
36775356|10027932
36775357|10027933
36775358|10027934
36775359|10027935
36775360|10033802
36775361|10033814
36775362|10044399
36775363|10046033
36775364|10029325
36775365|10032371
36775366|10032372
36775367|10032849
36775368|10032850
36775369|10033558
36775370|10033798
36775371|36775371
36775372|10033805
36775373|10033817
36775374|10033818
36775375|10033819
36775376|10033827
36775377|10033831
36775378|10033837
36775379|10033839
36775380|10033846
36775381|10040775
36775382|10045474
36775383|10050006
36775384|10050372
36775385|10052420
36775386|10066982
36775387|10016744
36775388|36775388
36775389|36775389
36775390|10036810
36775391|10065335
36775392|10000980
36775393|36775393
36775394|10033893
36775395|36775395
36775396|10049229
36775397|10050374
36775398|10050375
36775399|10058977
36775400|10069208
36775401|36775401
36775402|36775402
36775403|10054971
36775404|36775404
36775405|10052888
36775406|36775406
36775407|10049707
36775408|10032442
36775409|10037713
36775410|36775410
36775411|10037715
36775412|10037716
36775413|10037717
36775414|10037718
36775415|10037719
36775416|10043385
36775417|36775417
36775418|36775418
36775419|10056333
36775420|36775420
36775421|10033832
36775422|10033833
36775423|36775423
36775424|36775424
36775425|10041588
36775426|36775426
36775427|10057276
36775428|10057277
36775429|10057278
36775430|36775430
36775431|36775431
36775432|36775432
36775433|10016037
36775434|10016066
36775435|10026860
36775436|10026861
36775437|10026862
36775438|36775438
36775439|36775439
36775440|10067208
36775441|10067209
36775442|10013113
36775443|10033565
36775444|10033801
36775445|10034004
36775446|10034006
36775447|10034007
36775448|36775448
36775449|36775449
36775450|36775450
36775451|10056445
36775452|10013707
36775453|10034008
36775454|36775454
36775455|10034011
36775456|10034013
36775457|10037142
36775458|10039872
36775459|10042832
36775460|10042833
36775461|36775461
36775462|10004262
36775463|36775463
36775464|10029472
36775465|36775465
36775466|10064957
36775467|36775467
36775468|36775468
36775469|10044571
36775470|10015485
36775471|10034009
36775472|10040527
36775473|10040528
36775474|10040530
36775475|10043990
36775476|10044562
36775477|10044563
36775478|36775478
36775479|10044567
36775480|10044569
36775481|10044570
36775482|10044572
36775483|10044573
36775484|10044574
36775485|10044576
36775486|10044577
36775487|10044578
36775488|10044579
36775489|10044580
36775490|10048329
36775491|36775491
36775492|10000333
36775493|10000334
36775494|10000338
36775495|10000339
36775496|36775496
36775497|10037170
36775498|10038241
36775499|10038256
36775500|10058606
36775501|10067217
36775502|10067218
36775503|10068269
36775504|36775504
36775505|10003966
36775506|36775506
36775507|10035157
36775508|10036210
36775509|10036211
36775510|10038238
36775511|10038243
36775512|10038244
36775513|10040672
36775514|10046271
36775515|36775515
36775516|36775516
36775517|10000437
36775518|10015583
36775519|36775519
36775520|10021676
36775521|10034125
36775522|10038245
36775523|10038258
36775524|10038260
36775525|10043246
36775526|10000436
36775527|10013019
36775528|36775528
36775529|10024942
36775530|10034124
36775531|10038257
36775532|10038259
36775533|10043245
36775534|10058480
36775535|10064074
36775536|36775536
36775537|36775537
36775538|36775538
36775539|10051864
36775540|10051865
36775541|36775541
36775542|36775542
36775543|10000170
36775544|36775544
36775545|10038255
36775546|10045523
36775547|10004070
36775548|10004071
36775549|10013140
36775550|10013220
36775551|10013899
36775552|10015111
36775553|10046260
36775554|36775554
36775555|10050073
36775556|10050074
36775557|36775557
36775558|10001292
36775559|36775559
36775560|10013896
36775561|10013897
36775562|10013936
36775563|10042795
36775564|36775564
36775565|36775565
36775566|10041444
36775567|10003545
36775568|10003585
36775569|36775569
36775570|10010948
36775571|10010949
36775572|10010950
36775573|10010951
36775574|10011952
36775575|10021649
36775576|10022456
36775577|10023609
36775578|10028359
36775579|10030331
36775580|10040008
36775581|10041959
36775582|36775582
36775583|10012558
36775584|10050218
36775585|36775585
36775586|36775586
36775587|10010072
36775588|10010073
36775589|10010080
36775590|10010081
36775591|10048500
36775592|10058472
36775593|36775593
36775594|36775594
36775595|36775595
36775596|36775596
36775597|10056477
36775598|10063295
36775599|10068221
36775600|36775600
36775601|36775601
36775602|36775602
36775603|36775603
36775604|10051520
36775605|36775605
36775606|10068347
36775607|10002638
36775608|36775608
36775609|10002949
36775610|10002950
36775611|10002951
36775612|10006378
36775613|10015713
36775614|10016799
36775615|10023124
36775616|10029503
36775617|10029542
36775618|10038008
36775619|10041470
36775620|10054097
36775621|10054098
36775622|10054194
36775623|10067711
36775624|36775624
36775625|10010784
36775626|10013636
36775627|10018052
36775628|10021213
36775629|10021216
36775630|10058958
36775631|36775631
36775632|10000693
36775633|10000694
36775634|10000954
36775635|10004541
36775636|10010298
36775637|10010300
36775638|10010302
36775639|10010303
36775640|10010304
36775641|36775641
36775642|10010306
36775643|10027350
36775644|10029449
36775645|10037997
36775646|10042274
36775647|10044136
36775648|10048321
36775649|10012555
36775650|10026939
36775651|10041425
36775652|36775652
36775653|10012572
36775654|10013248
36775655|10048053
36775656|36775656
36775657|10001664
36775658|10012564
36775659|36775659
36775660|10013933
36775661|36775661
36775662|36775662
36775663|36775663
36775664|36775664
36775665|36775665
36775666|36775666
36775667|10032960
36775668|10042737
36775669|36775669
36775670|36775670
36775671|10010769
36775672|10010770
36775673|10031489
36775674|10036552
36775675|10044361
36775676|36775676
36775677|10009162
36775678|10034715
36775679|10047180
36775680|36775680
36775681|10003104
36775682|10007941
36775683|10009710
36775684|10009711
36775685|10010765
36775686|10010767
36775687|10010768
36775688|36775688
36775689|10012383
36775690|10029985
36775691|10029986
36775692|10039950
36775693|10039951
36775694|10040019
36775695|36775695
36775696|10045185
36775697|10045480
36775698|10049219
36775699|10049875
36775700|10058705
36775701|36775701
36775702|10004978
36775703|10004979
36775704|10004980
36775705|10004982
36775706|10004983
36775707|10010766
36775708|10010771
36775709|10010772
36775710|10016179
36775711|10024757
36775712|36775712
36775713|10024856
36775714|10024857
36775715|10024885
36775716|10034100
36775717|10045479
36775718|10045481
36775719|36775719
36775720|36775720
36775721|10013593
36775722|10013766
36775723|10013809
36775724|10033305
36775725|10033306
36775726|36775726
36775727|10039898
36775728|10044335
36775729|10048344
36775730|10056213
36775731|10011865
36775732|10013649
36775733|10013651
36775734|10015595
36775735|10016353
36775736|10018730
36775737|10018731
36775738|10018732
36775739|10019158
36775740|10024253
36775741|10041014
36775742|10041018
36775743|36775743
36775744|36775744
36775745|10027383
36775746|10044064
36775747|10044065
36775748|36775748
36775749|36775749
36775750|10059784
36775751|10006140
36775752|10006141
36775753|10006142
36775754|10013197
36775755|36775755
36775756|10068104
36775757|10049441
36775758|36775758
36775759|10067294
36775760|36775760
36775761|36775761
36775762|36775762
36775763|36775763
36775764|36775764
36775765|36775765
36775766|10013325
36775767|10027186
36775768|36775768
36775769|36775769
36775770|10027995
36775771|10029319
36775772|36775772
36775773|10067727
36775774|10040623
36775775|10057652
36775776|36775776
36775777|36775777
36775778|10006119
36775779|10006120
36775780|10007943
36775781|10007944
36775782|10008031
36775783|10008105
36775784|10008106
36775785|10009712
36775786|10013202
36775787|10013242
36775788|36775788
36775789|10029203
36775790|10029204
36775791|10029284
36775792|10029286
36775793|10029296
36775794|10029298
36775795|10031532
36775796|10031565
36775797|10031809
36775798|10032556
36775799|10032641
36775800|10032683
36775801|10045690
36775802|10045843
36775803|10051087
36775804|10039964
36775805|36775805
36775806|10064822
36775807|36775807
36775808|10068047
36775809|10012554
36775810|10037208
36775811|36775811
36775812|10032951
36775813|10041620
36775814|10041621
36775815|10041622
36775816|10046176
36775817|36775817
36775818|36775818
36775819|10020946
36775820|36775820
36775821|36775821
36775822|36775822
36775823|10012380
36775824|10001495
36775825|36775825
36775826|10001498
36775827|10001499
36775828|10003868
36775829|10013094
36775830|10015622
36775831|10015623
36775832|10015624
36775833|10015627
36775834|10015628
36775835|10015629
36775836|10017362
36775837|10020625
36775838|10020626
36775839|10020627
36775840|10021651
36775841|10026836
36775842|10049110
36775843|36775843
36775844|10049157
36775845|10050482
36775846|10002975
36775847|36775847
36775848|10055574
36775849|10065903
36775850|10055089
36775851|10055090
36775852|10055091
36775853|10055092
36775854|36775854
36775855|10065045
36775856|10008182
36775857|36775857
36775858|10009339
36775859|10009341
36775860|10009342
36775861|36775861
36775862|10009347
36775863|36775863
36775864|10011470
36775865|10011471
36775866|10011472
36775867|10045482
36775868|10047886
36775869|10047887
36775870|10052286
36775871|10065283
36775872|10013394
36775873|36775873
36775874|10029452
36775875|10031087
36775876|10062699
36775877|10062700
36775878|10066298
36775879|36775879
36775880|36775880
36775881|10016944
36775882|36775882
36775883|10023788
36775884|10049766
36775885|36775885
36775886|36775886
36775887|10049121
36775888|36775888
36775889|10027188
36775890|36775890
36775891|10027198
36775892|10027264
36775893|10027265
36775894|10028428
36775895|10028621
36775896|36775896
36775897|10051575
36775898|10063953
36775899|10063954
36775900|10065623
36775901|10064098
36775902|36775902
36775903|10029283
36775904|10029290
36775905|10029291
36775906|10029307
36775907|10032967
36775908|10042762
36775909|36775909
36775910|10003743
36775911|10003744
36775912|10008406
36775913|10008407
36775914|10009847
36775915|36775915
36775916|36775916
36775917|36775917
36775918|10067714
36775919|10026838
36775920|10028370
36775921|10034991
36775922|10034993
36775923|10037212
36775924|10038740
36775925|36775925
36775926|10038744
36775927|10038745
36775928|10038746
36775929|10045556
36775930|10047815
36775931|10047816
36775932|10048337
36775933|10000182
36775934|10022989
36775935|36775935
36775936|10043432
36775937|10043433
36775938|10043435
36775939|10047819
36775940|10009005
36775941|36775941
36775942|10043834
36775943|10043838
36775944|10043849
36775945|10043850
36775946|10044404
36775947|10066770
36775948|10066771
36775949|10068454
36775950|10045554
36775951|36775951
36775952|10062495
36775953|10063552
36775954|36775954
36775955|10006787
36775956|10006788
36775957|10006790
36775958|10015884
36775959|10024546
36775960|10049357
36775961|10049853
36775962|10049854
36775963|10049855
36775964|10049857
36775965|10066487
36775966|36775966
36775967|10049911
36775968|10049919
36775969|10052218
36775970|10062820
36775971|10062823
36775972|10062872
36775973|10064576
36775974|36775974
36775975|10062666
36775976|10062667
36775977|10062668
36775978|10011324
36775979|10011325
36775980|10011326
36775981|36775981
36775982|36775982
36775983|10020569
36775984|10020570
36775985|10020573
36775986|10020577
36775987|10020622
36775988|10020623
36775989|10020749
36775990|10021681
36775991|10044124
36775992|10062816
36775993|36775993
36775994|10054437
36775995|36775995
36775996|10000184
36775997|10000604
36775998|10013508
36775999|10013626
36776000|10014358
36776001|10016061
36776002|36776002
36776003|10033777
36776004|10033778
36776005|10033782
36776006|10033783
36776007|10033784
36776008|10033786
36776009|10033922
36776010|10033924
36776011|10033926
36776012|10033987
36776013|10033989
36776014|10033992
36776015|10035067
36776016|10036665
36776017|10036666
36776018|10043876
36776019|10043877
36776020|10043880
36776021|10043881
36776022|10048879
36776023|10049230
36776024|10052407
36776025|10052408
36776026|10052409
36776027|10052433
36776028|10054526
36776029|10054527
36776030|10054528
36776031|10054530
36776032|10054531
36776033|10054532
36776034|10054534
36776035|10054536
36776036|10054539
36776037|10062815
36776038|10062860
36776039|10063451
36776040|10066420
36776041|10066427
36776042|10066539
36776043|10066540
36776044|36776044
36776045|10058481
36776046|36776046
36776047|10052546
36776048|10054533
36776049|10054535
36776050|10006791
36776051|10006792
36776052|36776052
36776053|36776053
36776054|36776054
36776055|10062863
36776056|10033518
36776057|36776057
36776058|36776058
36776059|10002097
36776060|10002321
36776061|36776061
36776062|10054906
36776063|36776063
36776064|10033487
36776065|10052803
36776066|36776066
36776067|10051375
36776068|10058323
36776069|10058346
36776070|36776070
36776071|10065533
36776072|10066116
36776073|10067356
36776074|10001665
36776075|10007825
36776076|10007826
36776077|10038249
36776078|10038250
36776079|10038251
36776080|10038252
36776081|10038253
36776082|10042442
36776083|10049451
36776084|36776084
36776085|10064334
36776086|10064335
36776087|10065975
36776088|10065976
36776089|10065977
36776090|10065978
36776091|36776091
36776092|10068915
36776093|36776093
36776094|10068325
36776095|36776095
36776096|36776096
36776097|10005900
36776098|10020549
36776099|10020922
36776100|36776100
36776101|10020945
36776102|10020976
36776103|10020977
36776104|10024775
36776105|10029829
36776106|10029834
36776107|10029835
36776108|10029837
36776109|10029838
36776110|10029839
36776111|10029840
36776112|10029841
36776113|10029842
36776114|10029845
36776115|10029846
36776116|10029847
36776117|10029848
36776118|10029850
36776119|10029853
36776120|10029854
36776121|10039520
36776122|10043090
36776123|10049111
36776124|10049681
36776125|10049799
36776126|10049800
36776127|10065987
36776128|10029833
36776129|10029836
36776130|36776130
36776131|36776131
36776132|10052177
36776133|36776133
36776134|10067072
36776135|36776135
36776136|10067631
36776137|10067638
36776138|10027984
36776139|36776139
36776140|10029181
36776141|36776141
36776142|10029224
36776143|10029226
36776144|10029228
36776145|10033469
36776146|10050800
36776147|10054095
36776148|36776148
36776149|36776149
36776150|10059102
36776151|10065054
36776152|10065055
36776153|36776153
36776154|10019111
36776155|10019126
36776156|10033552
36776157|36776157
36776158|10048776
36776159|10054524
36776160|10063069
36776161|36776161
36776162|10059933
36776163|10059948
36776164|10000163
36776165|10000174
36776166|10040020
36776167|10040022
36776168|36776168
36776169|10040027
36776170|36776170
36776171|10024874
36776172|10039994
36776173|36776173
36776174|10061563
36776175|36776175
36776176|10054903
36776177|36776177
36776178|10068029
36776179|36776179
36776180|10068030
36776181|36776181
36776182|10068028
36776183|36776183
36776184|36776184
36776185|10024882
36776186|10059792
36776187|36776187
36776188|10021158
36776189|10037187
36776190|36776190
36776191|36776191
36776192|36776192
36776193|10021599
36776194|10041053
36776195|10041472
36776196|10065167
36776197|36776197
36776198|36776198
36776199|10015714
36776200|10038009
36776201|10041910
36776202|10041911
36776203|10041912
36776204|10041913
36776205|10042266
36776206|10042267
36776207|10042733
36776208|10042734
36776209|10048328
36776210|36776210
36776211|10013483
36776212|10013499
36776213|36776213
36776214|10020200
36776215|10020201
36776216|10020202
36776217|10033054
36776218|10034924
36776219|10038641
36776220|10047677
36776221|10047678
36776222|10047681
36776223|10047682
36776224|10047683
36776225|10047684
36776226|36776226
36776227|10037194
36776228|36776228
36776229|36776229
36776230|36776230
36776231|36776231
36776232|10017733
36776233|10017734
36776234|10024795
36776235|36776235
36776236|10036084
36776237|10043111
36776238|10047314
36776239|10047315
36776240|10062848
36776241|36776241
36776242|10028404
36776243|10040676
36776244|36776244
36776245|36776245
36776246|10051817
36776247|10014354
36776248|10014355
36776249|36776249
36776250|10000189
36776251|10003962
36776252|10012120
36776253|10013269
36776254|10032949
36776255|36776255
36776256|10041468
36776257|10041469
36776258|10041471
36776259|10052102
36776260|10059488
36776261|10012566
36776262|10012571
36776263|10031895
36776264|10041046
36776265|36776265
36776266|36776266
36776267|36776267
36776268|10048020
36776269|36776269
36776270|10047347
36776271|10049579
36776272|36776272
36776273|36776273
36776274|36776274
36776275|10003722
36776276|10042788
36776277|10042789
36776278|10042830
36776279|36776279
36776280|10003631
36776281|10003635
36776282|10004996
36776283|10003841
36776284|10013363
36776285|10021237
36776286|10034566
36776287|10045771
36776288|36776288
36776289|10003626
36776290|36776290
36776291|36776291
36776292|10028285
36776293|10028286
36776294|10029401
36776295|10033928
36776296|10042796
36776297|10042831
36776298|10046965
36776299|10064557
36776300|36776300
36776301|10012549
36776302|10047863
36776303|36776303
36776304|10058971
36776305|36776305
36776306|36776306
36776307|10005046
36776308|10013639
36776309|10021642
36776310|10021643
36776311|10021647
36776312|10027563
36776313|10027764
36776314|10033019
36776315|10046218
36776316|36776316
36776317|10046602
36776318|10046645
36776319|10048335
36776320|10062620
36776321|10065361
36776322|36776322
36776323|10052889
36776324|10002694
36776325|10002695
36776326|10002696
36776327|36776327
36776328|10031664
36776329|10033815
36776330|10033816
36776331|10045639
36776332|10051204
36776333|10028002
36776334|36776334
36776335|10032270
36776336|36776336
36776337|36776337
36776338|10037659
36776339|36776339
36776340|10036704
36776341|36776341
36776342|10051205
36776343|10063362
36776344|36776344
36776345|36776345
36776346|10048884
36776347|36776347
36776348|36776348
36776349|10005273
36776350|10029313
36776351|36776351
36776352|36776352
36776353|10066729
36776354|10067897
36776355|10036104
36776356|36776356
36776357|10036109
36776358|10036110
36776359|10036112
36776360|10036116
36776361|10036118
36776362|10067988
36776363|10012304
36776364|36776364
36776365|10066137
36776366|36776366
36776367|10021239
36776368|36776368
36776369|36776369
36776370|36776370
36776371|10007698
36776372|10042794
36776373|10052414
36776374|36776374
36776375|10067361
36776376|36776376
36776377|36776377
36776378|36776378
36776379|10027912
36776380|10027913
36776381|10027914
36776382|10027916
36776383|10032267
36776384|10032268
36776385|10032821
36776386|10046032
36776387|10027919
36776388|36776388
36776389|10027911
36776390|10027915
36776391|36776391
36776392|36776392
36776393|10016452
36776394|10024036
36776395|10024247
36776396|10024248
36776397|10024249
36776398|10024250
36776399|10024251
36776400|10024252
36776401|10027065
36776402|10027068
36776403|10032203
36776404|10032204
36776405|10035156
36776406|10037750
36776407|10039671
36776408|10045379
36776409|10061155
36776410|10061278
36776411|10061279
36776412|10061477
36776413|36776413
36776414|36776414
36776415|10016967
36776416|10016981
36776417|10033563
36776418|10033828
36776419|36776419
36776420|36776420
36776421|36776421
36776422|36776422
36776423|10033564
36776424|10033829
36776425|36776425
36776426|10048046
36776427|10048047
36776428|36776428
36776429|36776429
36776430|36776430
36776431|36776431
36776432|36776432
36776433|36776433
36776434|10029252
36776435|36776435
36776436|36776436
36776437|36776437
36776438|10006075
36776439|10006076
36776440|10006077
36776441|36776441
36776442|36776442
36776443|36776443
36776444|36776444
36776445|10015114
36776446|36776446
36776447|10055220
36776448|36776448
36776449|10023467
36776450|36776450
36776451|10025017
36776452|36776452
36776453|10029245
36776454|10029246
36776455|10029251
36776456|10029324
36776457|10040023
36776458|10043470
36776459|36776459
36776460|10019858
36776461|10019859
36776462|10021969
36776463|10029248
36776464|10029328
36776465|10029329
36776466|10029330
36776467|36776467
36776468|10032103
36776469|10032152
36776470|10032761
36776471|10034593
36776472|10034594
36776473|10034595
36776474|10034596
36776475|10034597
36776476|10034598
36776477|10034599
36776478|10034600
36776479|10034608
36776480|10034610
36776481|10045910
36776482|10045921
36776483|10045960
36776484|10051174
36776485|10057225
36776486|10028005
36776487|36776487
36776488|10018097
36776489|10027781
36776490|36776490
36776491|10062445
36776492|36776492
36776493|10040038
36776494|10040039
36776495|10040040
36776496|10062975
36776497|10008301
36776498|36776498
36776499|10065947
36776500|10066788
36776501|36776501
36776502|10046372
36776503|36776503
36776504|10018119
36776505|10018120
36776506|10018121
36776507|10057704
36776508|10057705
36776509|10000268
36776510|10000321
36776511|10000331
36776512|10010912
36776513|10015043
36776514|10034757
36776515|10034758
36776516|36776516
36776517|10034760
36776518|10041964
36776519|10049609
36776520|36776520
36776521|36776521
36776522|10010919
36776523|10010921
36776524|10028932
36776525|10028939
36776526|10061197
36776527|10009343
36776528|10010909
36776529|10010918
36776530|10015041
36776531|10018100
36776532|10018109
36776533|10018110
36776534|10018111
36776535|10018658
36776536|36776536
36776537|10018660
36776538|10018661
36776539|10018662
36776540|10018663
36776541|10025452
36776542|10039909
36776543|10043998
36776544|10043999
36776545|10044000
36776546|10044001
36776547|10062448
36776548|36776548
36776549|10003834
36776550|36776550
36776551|10010146
36776552|10010147
36776553|10034058
36776554|10034059
36776555|10034060
36776556|10034090
36776557|36776557
36776558|36776558
36776559|10010913
36776560|36776560
36776561|10015044
36776562|10015045
36776563|10037209
36776564|36776564
36776565|10016734
36776566|36776566
36776567|36776567
36776568|36776568
36776569|10012178
36776570|10010910
36776571|10023114
36776572|10023115
36776573|10034061
36776574|10034062
36776575|10034063
36776576|10034064
36776577|10034091
36776578|36776578
36776579|36776579
36776580|10052083
36776581|36776581
36776582|10056363
36776583|10001543
36776584|36776584
36776585|10049597
36776586|36776586
36776587|10056714
36776588|10009340
36776589|36776589
36776590|10001435
36776591|10001436
36776592|10009234
36776593|36776593
36776594|10010905
36776595|10010906
36776596|10010907
36776597|10010914
36776598|10010915
36776599|10010916
36776600|10010917
36776601|10010922
36776602|10010923
36776603|10010924
36776604|10010925
36776605|10010926
36776606|10013208
36776607|10016703
36776608|10016731
36776609|10016733
36776610|10016735
36776611|10016736
36776612|10018079
36776613|10039906
36776614|10039908
36776615|10039910
36776616|10039913
36776617|10043382
36776618|36776618
36776619|36776619
36776620|10024983
36776621|10043513
36776622|36776622
36776623|10014130
36776624|10014131
36776625|10014132
36776626|10014133
36776627|10014134
36776628|10014135
36776629|10036483
36776630|10036484
36776631|10036486
36776632|10036487
36776633|10036488
36776634|10036489
36776635|10036490
36776636|10036491
36776637|36776637
36776638|10015038
36776639|10015040
36776640|10015042
36776641|10015046
36776642|10015047
36776643|10015048
36776644|10015050
36776645|10015051
36776646|10015052
36776647|10015053
36776648|10015054
36776649|10015055
36776650|10015056
36776651|10016732
36776652|10024006
36776653|10032061
36776654|10032062
36776655|10032063
36776656|10053551
36776657|10063632
36776658|10068330
36776659|36776659
36776660|10036621
36776661|10010908
36776662|36776662
36776663|10016285
36776664|10016287
36776665|10016290
36776666|10016560
36776667|10037670
36776668|36776668
36776669|10021149
36776670|36776670
36776671|10021751
36776672|10021752
36776673|10039371
36776674|10049264
36776675|10052890
36776676|10058893
36776677|36776677
36776678|10049588
36776679|36776679
36776680|10016838
36776681|10016843
36776682|10034089
36776683|36776683
36776684|10065336
36776685|10065337
36776686|10048674
36776687|36776687
36776688|36776688
36776689|10015034
36776690|10015035
36776691|10015036
36776692|10018664
36776693|36776693
36776694|10041963
36776695|10057769
36776696|10057770
36776697|10057955
36776698|36776698
36776699|10053561
36776700|36776700
36776701|10043996
36776702|10043997
36776703|36776703
36776704|10004063
36776705|10004969
36776706|10013628
36776707|10013629
36776708|10013630
36776709|10013631
36776710|10013632
36776711|10013633
36776712|10027965
36776713|10047666
36776714|10000177
36776715|36776715
36776716|36776716
36776717|36776717
36776718|36776718
36776719|36776719
36776720|36776720
36776721|36776721
36776722|10068929
36776723|10029411
36776724|36776724
36776725|10041348
36776726|10025027
36776727|10041012
36776728|10041346
36776729|36776729
36776730|10067495
36776731|36776731
36776732|36776732
36776733|10044698
36776734|10012804
36776735|36776735
36776736|10022438
36776737|10022440
36776738|10022441
36776739|10022442
36776740|10032168
36776741|10034705
36776742|10036701
36776743|10040982
36776744|10040983
36776745|10041001
36776746|10041017
36776747|10044377
36776748|10053851
36776749|10063453
36776750|10063467
36776751|10003105
36776752|36776752
36776753|10029448
36776754|10068671
36776755|10003867
36776756|10014046
36776757|10026949
36776758|36776758
36776759|36776759
36776760|10009190
36776761|36776761
36776762|10013419
36776763|10013420
36776764|10023190
36776765|10034866
36776766|10040540
36776767|10041013
36776768|36776768
36776769|36776769
36776770|10039007
36776771|36776771
36776772|10041008
36776773|36776773
36776774|10032112
36776775|10034706
36776776|10036694
36776777|10041000
36776778|10044378
36776779|10007738
36776780|10021235
36776781|36776781
36776782|10028715
36776783|10048322
36776784|36776784
36776785|10007975
36776786|10020768
36776787|10022444
36776788|10029983
36776789|10031624
36776790|10040975
36776791|10040976
36776792|10040977
36776793|36776793
36776794|10040980
36776795|10053654
36776796|10055575
36776797|10055576
36776798|10055577
36776799|36776799
36776800|10013909
36776801|10013979
36776802|10032022
36776803|36776803
36776804|10036160
36776805|10041007
36776806|10041011
36776807|10047800
36776808|36776808
36776809|10064816
36776810|36776810
36776811|10038313
36776812|10038314
36776813|10041006
36776814|36776814
36776815|36776815
36776816|36776816
36776817|36776817
36776818|10028571
36776819|36776819
36776820|10008292
36776821|36776821
36776822|10008333
36776823|10049880
36776824|36776824
36776825|36776825
36776826|36776826
36776827|36776827
36776828|36776828
36776829|10007822
36776830|10007823
36776831|10049242
36776832|10057324
36776833|36776833
36776834|10005050
36776835|10012547
36776836|10012548
36776837|36776837
36776838|10020861
36776839|10024894
36776840|10046252
36776841|10058970
36776842|10059617
36776843|36776843
36776844|36776844
36776845|36776845
36776846|10028572
36776847|10028573
36776848|10028574
36776849|10032282
36776850|10037077
36776851|10048716
36776852|10054952
36776853|10054986
36776854|10051135
36776855|36776855
36776856|10008302
36776857|10023961
36776858|10025018
36776859|10029182
36776860|36776860
36776861|10029189
36776862|10029190
36776863|10032296
36776864|10036139
36776865|10041587
36776866|10043472
36776867|10046044
36776868|10003625
36776869|10005059
36776870|10005065
36776871|36776871
36776872|10029280
36776873|10029327
36776874|10033821
36776875|10033835
36776876|36776876
36776877|10043473
36776878|10057958
36776879|36776879
36776880|36776880
36776881|10048787
36776882|36776882
36776883|10064506
36776884|10006072
36776885|10006073
36776886|36776886
36776887|10036140
36776888|36776888
36776889|10037780
36776890|36776890
36776891|10009242
36776892|10029338
36776893|36776893
36776894|36776894
36776895|10052006
36776896|10031918
36776897|10041550
36776898|10045757
36776899|36776899
36776900|36776900
36776901|36776901
36776902|10054635
36776903|36776903
36776904|10063037
36776905|10008316
36776906|36776906
36776907|10041683
36776908|10041685
36776909|10041686
36776910|10043469
36776911|10042925
36776912|36776912
36776913|10042929
36776914|10054839
36776915|10067446
36776916|36776916
36776917|10006115
36776918|10049561
36776919|10056389
36776920|36776920
36776921|36776921
36776922|36776922
36776923|36776923
36776924|10009204
36776925|10063355
36776926|36776926
36776927|10066301
36776928|36776928
36776929|10068352
36776930|10058894
36776931|36776931
36776932|36776932
36776933|36776933
36776934|10066253
36776935|36776935
36776936|10067463
36776937|36776937
36776938|36776938
36776939|10004955
36776940|10006116
36776941|36776941
36776942|36776942
36776943|10058916
36800000|10036585
36802255|10000211
36802256|10016849
36802257|10026906
36802258|10026908
36802259|10028920
36802260|10035129
36802261|10036411
36802262|10010273
36803535|10000233
36803536|10000232
36803537|10000235
36803538|10053173
36803539|10016850
36803540|10016851
36803541|10010163
36803542|10000190
36803543|10016124
36803544|10000192
36803545|10026905
36803546|10026907
36803547|10019006
36803548|10020776
36803549|10026909
36803550|10052745
36803551|10028929
36803552|10018208
36803553|10028935
36803554|10028926
36803555|10028927
36803556|10028965
36803557|10028940
36803558|10028941
36803559|10028942
36803560|10028946
36803561|10028949
36803562|10028952
36803563|10028961
36803564|10028964
36803565|10028969
36803566|10028972
36803567|10057173
36803568|10010168
36803569|10045448
36803570|10001970
36803571|10035130
36803572|10035141
36803573|10006234
36803574|10036416
36803575|10036420
36803576|10052783
36803577|10059673
36803578|10035633
36803579|10057176
36803580|10029772
36803581|10036581
36818620|10060927
36818621|10005160
36818622|10036244
36818623|10036246
36818624|10000210
36818625|10061614
36818626|10000212
36818627|10061615
36818628|10052846
36818629|10000217
36818630|10000218
36818631|10052847
36818632|10000230
36818633|10066266
36818634|10000234
36818635|10061616
36818636|10000236
36818637|10000238
36818638|10061617
36818639|10000239
36818640|10000242
36818641|10062935
36818642|10051459
36818643|10065942
36818644|10050347
36818645|10016852
36818646|10061157
36818647|10016855
36818648|10068461
36818649|10016871
36818650|10061191
36818651|10020529
36818652|10000154
36818653|10013675
36818654|10057673
36818655|10026924
36818656|10069150
36818657|10016857
36818658|10053700
36818659|10016862
36818660|10006356
36818661|10052848
36818662|10016035
36818663|10016846
36818664|10016863
36818665|10058013
36818666|10020065
36818667|10024787
36818668|10052849
36818669|10040613
36818670|10044456
36818671|10046255
36818672|10003118
36818673|10016123
36818674|10016142
36818675|10016194
36818676|10059107
36818677|10012186
36818678|10021718
36818679|10023553
36818680|10029934
36818681|10036519
36818682|10036600
36818683|10036603
36818684|10036872
36818685|10043508
36818686|10006346
36818687|10054939
36818688|10061781
36818689|10034520
36818690|10034521
36818691|10038758
36818692|10044520
36818693|10000153
36818694|10008020
36818695|10021648
36818696|10067703
36818697|10061050
36818698|10056391
36818699|10056390
36818700|10061400
36818701|10046790
36818702|10046792
36818703|10002667
36818704|10048607
36818705|10035121
36818706|10036608
36818707|10054798
36818708|10036485
36818709|10036563
36818710|10008267
36818711|10061452
36818712|10068735
36818713|10014166
36818714|10049469
36818715|10064228
36818716|10020614
36818717|10021534
36818718|10029925
36818719|10066100
36818720|10036877
36818721|10048407
36818722|10041324
36818723|10067553
36818724|10067030
36818725|10056505
36818726|10023789
36818727|10050086
36818728|10036392
36818729|10036590
36818730|10041092
36818731|10047894
36818732|10009196
36818733|10049781
36818734|10049223
36818735|10043586
36818736|10064602
36818737|10056311
36818738|10051132
36818739|10027059
36818740|10021134
36818741|10065422
36818742|10028921
36818743|10028923
36818744|10050081
36818745|10028976
36818746|10028968
36818747|10028970
36818748|10028975
36818749|10003599
36818750|10011705
36818751|10048855
36818752|10021412
36818753|10028918
36818754|10059033
36818755|10057183
36818756|10053766
36818757|10061484
36818758|10038728
36818759|10044403
36818760|10006475
36818761|10028974
36818762|10052851
36818763|10056274
36818764|10061993
36818765|10049778
36818766|10028934
36818767|10037871
36818768|10038447
36818769|10049776
36818770|10064270
36818771|10048596
36818772|10045447
36818773|10045451
36818774|10045452
36818775|10045453
36818776|10045454
36818777|10067731
36818778|10051641
36818779|10066470
36818780|10060936
36818781|10051133
36818782|10057028
36818783|10030289
36818784|10036079
36818785|10008755
36818786|10062936
36818787|10035119
36818788|10035132
36818789|10054810
36818790|10068326
36818791|10064620
36818792|10035138
36818793|10035139
36818794|10047036
36818795|10058665
36818796|10017590
36818797|10060710
36818798|10061261
36818799|10023671
36818800|10038944
36818801|10042576
36818802|10049589
36818803|10013676
36818804|10061469
36818805|10036417
36818806|10036423
36818807|10036300
36818808|10043449
36818809|10006362
36818810|10056393
36818811|10036419
36818812|10056394
36818813|10014349
36818814|10052744
36818815|10036562
36818816|10036582
36818817|10036656
36818818|10046796
36818819|10046800
36818820|10028243
36818821|10045188
36818822|10006241
36818823|10029769
36818824|10006240
36818825|10008570
36818826|10067647
36818827|10052395
36818828|10059204
36818829|10049550
36818830|10049081
36818831|10029767
36818832|10048738
36818833|10036556
36818834|10052396
36818835|10052397
36818836|10049975
36818837|10063671
36818838|10067667
36818839|10036567
36818840|10063130
36818841|10067082
36818842|10063122
36818843|10053394
36818844|10045542
36818845|10046267
36876944|10000168
36876945|10031436
36876946|36876946
36876947|36876947
36876948|10010160
36876949|10011857
36876950|10032544
36876951|36876951
36876952|10036245
36876953|10045665
36876954|10012202
36876955|10012203
36876956|36876956
36876957|10055321
36876958|36876958
36876959|10000213
36876960|10000231
36876961|10045581
36876962|10045592
36876963|10046212
36876964|10048493
36876965|10000214
36876966|36876966
36876967|36876967
36876968|10045593
36876969|10045594
36876970|10045595
36876971|10045596
36876972|10045597
36876973|10045598
36876974|10045599
36876975|10045600
36876976|10045601
36876977|10000215
36876978|10045582
36876979|10045583
36876980|10045584
36876981|10045585
36876982|10045586
36876983|10045587
36876984|10045588
36876985|10045589
36876986|10045590
36876987|10045591
36876988|10045602
36876989|10046203
36876990|10046204
36876991|10046205
36876992|10046206
36876993|10046207
36876994|10046208
36876995|10046209
36876996|10046210
36876997|10046211
36876998|36876998
36876999|36876999
36877000|36877000
36877001|10000219
36877002|10021634
36877003|10045612
36877004|36877004
36877005|10045603
36877006|10045604
36877007|10045605
36877008|10045606
36877009|10045607
36877010|10045608
36877011|10045609
36877012|10045610
36877013|10045611
36877014|36877014
36877015|36877015
36877016|10026857
36877017|10027704
36877018|10033741
36877019|10033742
36877020|10033743
36877021|10033744
36877022|10033745
36877023|10060443
36877024|10059036
36877025|36877025
36877026|36877026
36877027|10000241
36877028|10027649
36877029|10027650
36877030|10041687
36877031|10041698
36877032|10041726
36877033|10063639
36877034|10000237
36877035|36877035
36877036|36877036
36877037|10041699
36877038|10041700
36877039|10041701
36877040|10041702
36877041|10041703
36877042|10041704
36877043|10041705
36877044|10041706
36877045|36877045
36877046|10041688
36877047|10041689
36877048|10041690
36877049|10041691
36877050|10041692
36877051|10041693
36877052|10041694
36877053|10041695
36877054|10041696
36877055|10041697
36877056|10041707
36877057|10041716
36877058|10041717
36877059|10041718
36877060|10041719
36877061|10041720
36877062|10041721
36877063|10041722
36877064|10041723
36877065|10041724
36877066|10041725
36877067|10000240
36877068|36877068
36877069|36877069
36877070|10041708
36877071|10041709
36877072|10041710
36877073|10041711
36877074|10041712
36877075|10041713
36877076|10041714
36877077|10041715
36877078|36877078
36877079|10043504
36877080|10043505
36877081|10043506
36877082|10043507
36877083|10018809
36877084|10038104
36877085|36877085
36877086|10021730
36877087|36877087
36877088|10059414
36877089|36877089
36877090|36877090
36877091|10054742
36877092|36877092
36877093|10016853
36877094|10042623
36877095|10042633
36877096|10042634
36877097|10054743
36877098|10013222
36877099|10013223
36877100|10016485
36877101|10032053
36877102|10032192
36877103|10032193
36877104|10032194
36877105|10032195
36877106|10032196
36877107|10032475
36877108|10032722
36877109|10032723
36877110|10032724
36877111|10045562
36877112|10045571
36877113|10045572
36877114|10045871
36877115|10045872
36877116|10045873
36877117|10046178
36877118|10046250
36877119|10048918
36877120|36877120
36877121|10016486
36877122|10016487
36877123|10016488
36877124|10016489
36877125|10016490
36877126|10016491
36877127|10016492
36877128|10016493
36877129|10016494
36877130|10016495
36877131|10016496
36877132|10016854
36877133|36877133
36877134|10022748
36877135|10042806
36877136|10055692
36877137|10055693
36877138|10055694
36877139|10055709
36877140|10058158
36877141|10058159
36877142|10060448
36877143|10016866
36877144|10054744
36877145|10068449
36877146|36877146
36877147|10016525
36877148|10016526
36877149|10016527
36877150|10016528
36877151|10016529
36877152|36877152
36877153|10016872
36877154|10054389
36877155|10060449
36877156|10011663
36877157|10011664
36877158|10016478
36877159|10018989
36877160|10054745
36877161|10055689
36877162|36877162
36877163|10020526
36877164|10020527
36877165|10020528
36877166|36877166
36877167|10058188
36877168|10058189
36877169|36877169
36877170|10016545
36877171|10016546
36877172|10016874
36877173|10055552
36877174|10013664
36877175|10013665
36877176|10013669
36877177|10013670
36877178|36877178
36877179|10016541
36877180|10016542
36877181|10016543
36877182|10016544
36877183|10026910
36877184|10026913
36877185|10026914
36877186|10026932
36877187|10026933
36877188|10026934
36877189|10026937
36877190|10031740
36877191|10031741
36877192|10032805
36877193|10032806
36877194|10042617
36877195|10042621
36877196|10042622
36877197|10042627
36877198|10042628
36877199|10042827
36877200|10042829
36877201|10046005
36877202|10046006
36877203|36877203
36877204|10060455
36877205|10060519
36877206|36877206
36877207|10026925
36877208|10060522
36877209|36877209
36877210|10016497
36877211|10016498
36877212|10016499
36877213|10016500
36877214|10016501
36877215|10016502
36877216|10016503
36877217|10016504
36877218|10016505
36877219|10016506
36877220|10016507
36877221|10016521
36877222|36877222
36877223|10016865
36877224|10018759
36877225|10022624
36877226|10022819
36877227|10036150
36877228|10036151
36877229|10036152
36877230|10036153
36877231|10041042
36877232|10048488
36877233|10048489
36877234|10054746
36877235|10055695
36877236|10055696
36877237|10055697
36877238|10055698
36877239|10055699
36877240|10055700
36877241|10055701
36877242|10055702
36877243|10055703
36877244|10055704
36877245|10055705
36877246|10055706
36877247|10055707
36877248|10055708
36877249|36877249
36877250|10055189
36877251|10016509
36877252|10016510
36877253|10016511
36877254|10016512
36877255|10016513
36877256|10016514
36877257|10016515
36877258|10016516
36877259|10016517
36877260|10016518
36877261|10016519
36877262|36877262
36877263|10054747
36877264|36877264
36877265|10006357
36877266|36877266
36877267|10052862
36877268|10060454
36877269|10016031
36877270|10016032
36877271|10016033
36877272|10016034
36877273|36877273
36877274|10029989
36877275|36877275
36877276|10036843
36877277|10036844
36877278|10036845
36877279|10036846
36877280|10054748
36877281|10060446
36877282|10060447
36877283|10016520
36877284|36877284
36877285|10016864
36877286|10026719
36877287|10031386
36877288|10032251
36877289|10032252
36877290|10032799
36877291|10032800
36877292|10032801
36877293|10032802
36877294|10046000
36877295|10046001
36877296|10046002
36877297|10046003
36877298|10006352
36877299|10006353
36877300|10006354
36877301|10006355
36877302|10026722
36877303|10026723
36877304|10028215
36877305|10028216
36877306|10028217
36877307|10028218
36877308|36877308
36877309|10058021
36877310|10020064
36877311|36877311
36877312|10020076
36877313|10020077
36877314|10020078
36877315|10054401
36877316|10060450
36877317|36877317
36877318|10024788
36877319|10024789
36877320|10024790
36877321|36877321
36877322|10040605
36877323|10040606
36877324|10040607
36877325|10040608
36877326|10040609
36877327|36877327
36877328|10012099
36877329|10012100
36877330|10012101
36877331|10012102
36877332|10012103
36877333|10012104
36877334|10012105
36877335|10044450
36877336|10044451
36877337|10044452
36877338|10044453
36877339|10044454
36877340|10044455
36877341|36877341
36877342|10046254
36877343|36877343
36877344|10046256
36877345|10046257
36877346|10046258
36877347|10046259
36877348|10060452
36877349|36877349
36877350|10023541
36877351|10023543
36877352|10023554
36877353|10055555
36877354|10056141
36877355|10016122
36877356|36877356
36877357|10016126
36877358|10016127
36877359|10016128
36877360|10016129
36877361|10016130
36877362|10016131
36877363|10016132
36877364|10016133
36877365|10016134
36877366|10016135
36877367|10055558
36877368|10055559
36877369|10056134
36877370|10056135
36877371|10016138
36877372|10016139
36877373|10016140
36877374|10016141
36877375|36877375
36877376|10016143
36877377|10055560
36877378|36877378
36877379|10055561
36877380|10059014
36877381|36877381
36877382|36877382
36877383|10012187
36877384|10012188
36877385|10012189
36877386|10012190
36877387|10012191
36877388|10012192
36877389|10012193
36877390|10012194
36877391|10012195
36877392|10012196
36877393|10012197
36877394|10012228
36877395|36877395
36877396|10023540
36877397|10055562
36877398|10056140
36877399|10023542
36877400|36877400
36877401|10050493
36877402|10029933
36877403|36877403
36877404|10029935
36877405|10029936
36877406|10029939
36877407|10029940
36877408|10029941
36877409|10029942
36877410|10029943
36877411|10029944
36877412|10029945
36877413|10029946
36877414|10029947
36877415|10029948
36877416|10029949
36877417|10029950
36877418|10029951
36877419|10029952
36877420|10029953
36877421|10031715
36877422|10031716
36877423|10031717
36877424|10031718
36877425|10031719
36877426|10046065
36877427|10046066
36877428|10046067
36877429|10046068
36877430|10046069
36877431|10055567
36877432|10056143
36877433|10056144
36877434|10056145
36877435|10056146
36877436|10056147
36877437|10056148
36877438|10056149
36877439|10056150
36877440|10056151
36877441|10056177
36877442|10056178
36877443|10056179
36877444|10068137
36877445|10023544
36877446|10036514
36877447|10036515
36877448|10036516
36877449|10036517
36877450|10036518
36877451|36877451
36877452|10037842
36877453|10055570
36877454|10056142
36877455|10056153
36877456|10056154
36877457|10056155
36877458|10014049
36877459|10014050
36877460|10014051
36877461|10023545
36877462|10023555
36877463|36877463
36877464|10036599
36877465|36877465
36877466|10068718
36877467|36877467
36877468|10036604
36877469|10036605
36877470|10036606
36877471|10036607
36877472|10023546
36877473|10024800
36877474|10024801
36877475|10036859
36877476|10036860
36877477|10036862
36877478|10036863
36877479|10036864
36877480|10036865
36877481|10036866
36877482|10036868
36877483|10036869
36877484|10036870
36877485|10036871
36877486|36877486
36877487|10036873
36877488|10036881
36877489|10036882
36877490|10036883
36877491|10036884
36877492|10036885
36877493|10055569
36877494|10056159
36877495|10056160
36877496|10056161
36877497|10056162
36877498|10056163
36877499|10056164
36877500|10056165
36877501|10056166
36877502|10056167
36877503|10014052
36877504|10014053
36877505|10032989
36877506|10032990
36877507|10032991
36877508|10032992
36877509|36877509
36877510|10043509
36877511|10043510
36877512|10043511
36877513|10055572
36877514|10056152
36877515|10056172
36877516|10056173
36877517|10056174
36877518|36877518
36877519|10006347
36877520|36877520
36877521|10010150
36877522|36877522
36877523|36877523
36877524|10047734
36877525|10047773
36877526|10047774
36877527|10047775
36877528|10047776
36877529|10055378
36877530|10016705
36877531|10016706
36877532|10016707
36877533|10016708
36877534|10017071
36877535|10017072
36877536|10017073
36877537|10017074
36877538|36877538
36877539|10034522
36877540|10034523
36877541|10039802
36877542|10039803
36877543|10039804
36877544|10043450
36877545|10043451
36877546|10043452
36877547|10043453
36877548|10046092
36877549|10046093
36877550|10046094
36877551|10046095
36877552|10068666
36877553|10035137
36877554|10038757
36877555|36877555
36877556|10038759
36877557|10038760
36877558|10038761
36877559|10038762
36877560|10038763
36877561|10038764
36877562|10038765
36877563|10038766
36877564|10038767
36877565|10038768
36877566|10038769
36877567|10038770
36877568|10038771
36877569|10038772
36877570|10011854
36877571|10011855
36877572|10011856
36877573|10012230
36877574|10029920
36877575|10032162
36877576|10032163
36877577|10032164
36877578|10032332
36877579|10032339
36877580|10032340
36877581|10032840
36877582|10032841
36877583|10032842
36877584|10032843
36877585|10032844
36877586|10032845
36877587|10032909
36877588|10032910
36877589|10032911
36877590|10032912
36877591|10044465
36877592|10044466
36877593|36877593
36877594|10046059
36877595|10046060
36877596|10046061
36877597|10046062
36877598|10046063
36877599|10046064
36877600|10046186
36877601|10046187
36877602|10046188
36877603|10046189
36877604|10000152
36877605|36877605
36877606|10000198
36877607|10000199
36877608|10023539
36877609|10045576
36877610|10045577
36877611|10045578
36877612|10045579
36877613|10045580
36877614|10056139
36877615|10056175
36877616|10056176
36877617|10056230
36877618|36877618
36877619|10013402
36877620|10013403
36877621|10013404
36877622|10013405
36877623|10013406
36877624|10013407
36877625|10013408
36877626|10016532
36877627|10016533
36877628|10016534
36877629|10016535
36877630|10018128
36877631|10018129
36877632|10018130
36877633|10018131
36877634|10018132
36877635|10020504
36877636|10020505
36877637|10020506
36877638|10020507
36877639|10022391
36877640|10022392
36877641|10022393
36877642|10022394
36877643|10022395
36877644|10025446
36877645|10025447
36877646|10025448
36877647|10025449
36877648|10025450
36877649|10032049
36877650|10032050
36877651|10032051
36877652|10032052
36877653|10033110
36877654|10033111
36877655|10033112
36877656|10033113
36877657|10033114
36877658|10034258
36877659|10034262
36877660|10045844
36877661|10045845
36877662|10045846
36877663|10045847
36877664|10045848
36877665|10046263
36877666|10046264
36877667|10046265
36877668|10046266
36877669|10058233
36877670|10058234
36877671|10058235
36877672|10058236
36877673|10058237
36877674|10058238
36877675|10058239
36877676|10058240
36877677|10058241
36877678|10058242
36877679|10058243
36877680|10058244
36877681|10062514
36877682|36877682
36877683|36877683
36877684|10067716
36877685|10010153
36877686|10029904
36877687|10029905
36877688|10031383
36877689|10031783
36877690|10031784
36877691|10031785
36877692|10031786
36877693|10031787
36877694|10031788
36877695|10031789
36877696|10031790
36877697|10032131
36877698|10032132
36877699|10032476
36877700|10032545
36877701|10032546
36877702|10032547
36877703|10032763
36877704|10032764
36877705|10032765
36877706|10032766
36877707|10045559
36877708|10045560
36877709|10045564
36877710|10045672
36877711|10045673
36877712|10045674
36877713|10045675
36877714|10045676
36877715|10045677
36877716|10045678
36877717|10045923
36877718|10045924
36877719|10045925
36877720|10045926
36877721|10055557
36877722|36877722
36877723|10061057
36877724|10026915
36877725|10026916
36877726|10026917
36877727|10026918
36877728|10026919
36877729|10026920
36877730|10026921
36877731|10055565
36877732|36877732
36877733|10008277
36877734|10023577
36877735|10023578
36877736|10023579
36877737|10029922
36877738|10055556
36877739|36877739
36877740|10000185
36877741|10046777
36877742|36877742
36877743|10010817
36877744|10020854
36877745|10020855
36877746|10020856
36877747|10020857
36877748|10020858
36877749|36877749
36877750|10066288
36877751|10010816
36877752|10021729
36877753|10031647
36877754|10031648
36877755|10031649
36877756|10031650
36877757|10036753
36877758|10036754
36877759|10036755
36877760|10036756
36877761|10039887
36877762|10039888
36877763|10039889
36877764|10039890
36877765|10046778
36877766|36877766
36877767|10047861
36877768|10056183
36877769|36877769
36877770|10002668
36877771|10002669
36877772|10002670
36877773|10002671
36877774|10002672
36877775|10002673
36877776|10002674
36877777|10018979
36877778|10018980
36877779|36877779
36877780|10019547
36877781|10019571
36877782|10019577
36877783|10019581
36877784|10031656
36877785|10031657
36877786|10031658
36877787|10031659
36877788|10031660
36877789|10032070
36877790|10032071
36877791|10032744
36877792|10032750
36877793|10032751
36877794|10032752
36877795|10032753
36877796|10045632
36877797|10045633
36877798|10045634
36877799|10045635
36877800|10045636
36877801|10045896
36877802|10045902
36877803|10045903
36877804|10045904
36877805|10045905
36877806|10055228
36877807|10055266
36877808|10055832
36877809|10055836
36877810|10055840
36877811|10055879
36877812|10055880
36877813|10055881
36877814|10055883
36877815|10055884
36877816|10055885
36877817|10060636
36877818|36877818
36877819|10018973
36877820|10018974
36877821|10019537
36877822|10019538
36877823|10019539
36877824|10019540
36877825|36877825
36877826|10055317
36877827|10055806
36877828|10055807
36877829|10055808
36877830|10060667
36877831|10000267
36877832|36877832
36877833|10036609
36877834|10036610
36877835|10036611
36877836|10053595
36877837|36877837
36877838|10054890
36877839|10027620
36877840|10027621
36877841|10027622
36877842|10027623
36877843|10027624
36877844|10027625
36877845|36877845
36877846|10036492
36877847|10036493
36877848|10040444
36877849|10040445
36877850|10040446
36877851|10040447
36877852|10040448
36877853|10040449
36877854|10044130
36877855|10044133
36877856|10048400
36877857|10062619
36877858|10035033
36877859|36877859
36877860|10044382
36877861|10044383
36877862|10044384
36877863|10044385
36877864|10044386
36877865|10044387
36877866|36877866
36877867|10008268
36877868|10008269
36877869|10008270
36877870|10008271
36877871|10008272
36877872|10008273
36877873|10008274
36877874|10021631
36877875|10021632
36877876|10021633
36877877|10059495
36877878|10010171
36877879|10023946
36877880|10031797
36877881|10031870
36877882|10031871
36877883|10031872
36877884|10031873
36877885|10031874
36877886|10031875
36877887|10031876
36877888|10031877
36877889|10032482
36877890|10032548
36877891|10032549
36877892|10032550
36877893|10032551
36877894|10032554
36877895|10036558
36877896|10045679
36877897|10045680
36877898|10045681
36877899|10045684
36877900|10048917
36877901|36877901
36877902|36877902
36877903|10000088
36877904|36877904
36877905|10014167
36877906|10014169
36877907|10015765
36877908|10015865
36877909|10032027
36877910|10033276
36877911|10036559
36877912|10044724
36877913|10045857
36877914|10068045
36877915|36877915
36877916|36877916
36877917|10015592
36877918|10015609
36877919|36877919
36877920|10020615
36877921|10020616
36877922|10020617
36877923|10020618
36877924|10027614
36877925|10027615
36877926|10027616
36877927|10027617
36877928|36877928
36877929|10029914
36877930|10029915
36877931|10029916
36877932|10029917
36877933|10029918
36877934|10029919
36877935|36877935
36877936|10032333
36877937|10032334
36877938|10032335
36877939|10032336
36877940|10032337
36877941|10032338
36877942|36877942
36877943|10066113
36877944|10036266
36877945|10036307
36877946|36877946
36877947|10036878
36877948|10036879
36877949|10036880
36877950|10055568
36877951|36877951
36877952|10016200
36877953|10034805
36877954|10036560
36877955|10036568
36877956|10036570
36877957|10037116
36877958|36877958
36877959|36877959
36877960|10012089
36877961|36877961
36877962|10045638
36877963|10046112
36877964|10046135
36877965|10046136
36877966|10046137
36877967|10046138
36877968|36877968
36877969|10004957
36877970|10004960
36877971|10015600
36877972|10015601
36877973|10015602
36877974|10015603
36877975|10020047
36877976|36877976
36877977|10023790
36877978|10023812
36877979|10032100
36877980|10047891
36877981|10055685
36877982|10055686
36877983|10055687
36877984|10055688
36877985|36877985
36877986|10004952
36877987|10013383
36877988|10015588
36877989|10036267
36877990|10036306
36877991|36877991
36877992|10036393
36877993|10036394
36877994|10042836
36877995|10003967
36877996|10003969
36877997|10004953
36877998|10015873
36877999|10015874
36878000|10015875
36878001|10015876
36878002|10015877
36878003|10015878
36878004|10015879
36878005|10015880
36878006|10015881
36878007|10015882
36878008|10015883
36878009|10021410
36878010|10021734
36878011|10032405
36878012|10032406
36878013|10032407
36878014|10032408
36878015|10032409
36878016|10032410
36878017|10032411
36878018|10032412
36878019|10032413
36878020|10032414
36878021|10032415
36878022|36878022
36878023|10036594
36878024|10036615
36878025|10036616
36878026|10042837
36878027|10053593
36878028|10053594
36878029|10062694
36878030|10004958
36878031|10004959
36878032|10004961
36878033|10004962
36878034|10013384
36878035|10024468
36878036|10024469
36878037|10024470
36878038|10024471
36878039|10024472
36878040|10024473
36878041|10024474
36878042|10024475
36878043|10024476
36878044|10024477
36878045|10024478
36878046|10024479
36878047|10024480
36878048|10024481
36878049|10024482
36878050|10024483
36878051|10024484
36878052|10024485
36878053|10024486
36878054|10024487
36878055|10024488
36878056|10024489
36878057|36878057
36878058|10041093
36878059|10041196
36878060|10047892
36878061|36878061
36878062|10067509
36878063|36878063
36878064|10047902
36878065|36878065
36878066|36878066
36878067|36878067
36878068|36878068
36878069|36878069
36878070|10007214
36878071|36878071
36878072|36878072
36878073|10027056
36878074|36878074
36878075|36878075
36878076|10028945
36878077|10002973
36878078|36878078
36878079|10028922
36878080|36878080
36878081|10065901
36878082|10065904
36878083|10002662
36878084|36878084
36878085|10049795
36878086|10003498
36878087|10003499
36878088|10003500
36878089|10003501
36878090|10004943
36878091|10022820
36878092|10027619
36878093|36878093
36878094|10040441
36878095|10041015
36878096|10045643
36878097|10046162
36878098|36878098
36878099|36878099
36878100|36878100
36878101|36878101
36878102|10038679
36878103|36878103
36878104|10038697
36878105|36878105
36878106|10031529
36878107|10031530
36878108|10036677
36878109|10036678
36878110|36878110
36878111|36878111
36878112|36878112
36878113|10038721
36878114|36878114
36878115|10026872
36878116|10027057
36878117|10054195
36878118|36878118
36878119|36878119
36878120|10057307
36878121|36878121
36878122|10053767
36878123|10009125
36878124|10032301
36878125|10032443
36878126|10038685
36878127|10046140
36878128|36878128
36878129|10038645
36878130|10038646
36878131|36878131
36878132|10055330
36878133|36878133
36878134|10044435
36878135|10044436
36878136|36878136
36878137|10066204
36878138|10013494
36878139|10020477
36878140|10021735
36878141|10028973
36878142|36878142
36878143|10038643
36878144|10038688
36878145|10038690
36878146|10038692
36878147|10038693
36878148|10042608
36878149|10042840
36878150|10051114
36878151|36878151
36878152|10054320
36878153|36878153
36878154|10016476
36878155|10016477
36878156|10018990
36878157|10019562
36878158|10032745
36878159|10032754
36878160|10045906
36878161|10055886
36878162|36878162
36878163|36878163
36878164|10004946
36878165|10004947
36878166|10013191
36878167|10013240
36878168|10013241
36878169|10013253
36878170|10028917
36878171|10028919
36878172|36878172
36878173|10028936
36878174|10031495
36878175|10032558
36878176|10034507
36878177|10034508
36878178|10037957
36878179|10037964
36878180|10045692
36878181|10048990
36878182|10049455
36878183|10049505
36878184|36878184
36878185|36878185
36878186|36878186
36878187|36878187
36878188|10064276
36878189|10031503
36878190|10031504
36878191|10031505
36878192|10031506
36878193|10031507
36878194|10031508
36878195|10031509
36878196|10031541
36878197|10031545
36878198|10031546
36878199|10031547
36878200|10033008
36878201|10033009
36878202|10033010
36878203|10033011
36878204|10033012
36878205|10033013
36878206|10045446
36878207|10045449
36878208|10045450
36878209|10046213
36878210|10046214
36878211|10046215
36878212|10046216
36878213|10046217
36878214|36878214
36878215|10056180
36878216|10062513
36878217|10010975
36878218|10010976
36878219|10010977
36878220|10010978
36878221|10010979
36878222|36878222
36878223|10056132
36878224|10056133
36878225|10031804
36878226|36878226
36878227|10036833
36878228|10036834
36878229|10036835
36878230|10036836
36878231|10036837
36878232|10036848
36878233|10036854
36878234|36878234
36878235|10056156
36878236|10056157
36878237|10056158
36878238|10040590
36878239|10040591
36878240|10040592
36878241|10040593
36878242|10040594
36878243|10040595
36878244|36878244
36878245|10056169
36878246|10056170
36878247|10056171
36878248|36878248
36878249|10047084
36878250|10047085
36878251|10047086
36878252|10047087
36878253|10047088
36878254|36878254
36878255|36878255
36878256|10066375
36878257|36878257
36878258|10066475
36878259|10001967
36878260|10032426
36878261|10032427
36878262|10032428
36878263|10032429
36878264|10032430
36878265|10032860
36878266|10045570
36878267|10046113
36878268|10046114
36878269|10046115
36878270|10046116
36878271|36878271
36878272|36878272
36878273|10027061
36878274|36878274
36878275|36878275
36878276|10030290
36878277|10030291
36878278|10030292
36878279|10030293
36878280|10063755
36878281|10020486
36878282|36878282
36878283|10036080
36878284|10036081
36878285|10036082
36878286|10036083
36878287|36878287
36878288|10008756
36878289|10051242
36878290|36878290
36878291|10062946
36878292|10062947
36878293|36878293
36878294|10035120
36878295|10035122
36878296|10035123
36878297|10035124
36878298|10035125
36878299|10035126
36878300|10035127
36878301|10035128
36878302|10055866
36878303|10055867
36878304|10055868
36878305|10060451
36878306|10013257
36878307|10016540
36878308|10031513
36878309|10031605
36878310|10032386
36878311|10032387
36878312|10032388
36878313|10032389
36878314|10032488
36878315|36878315
36878316|10035133
36878317|10045575
36878318|10068742
36878319|36878319
36878320|36878320
36878321|36878321
36878322|10023035
36878323|36878323
36878324|10055753
36878325|10028878
36878326|36878326
36878327|36878327
36878328|10047037
36878329|10047038
36878330|10047039
36878331|10047040
36878332|10047041
36878333|10056181
36878334|10056182
36878335|36878335
36878336|10058719
36878337|36878337
36878338|10017591
36878339|36878339
36878340|10060723
36878341|10023664
36878342|10031975
36878343|10031976
36878344|10031977
36878345|10031978
36878346|10031979
36878347|10031980
36878348|10045801
36878349|10045802
36878350|10045803
36878351|10045804
36878352|10045805
36878353|10045806
36878354|10049503
36878355|36878355
36878356|10015589
36878357|10017597
36878358|36878358
36878359|10027634
36878360|36878360
36878361|10038945
36878362|10038946
36878363|10038947
36878364|10038948
36878365|10038949
36878366|10038950
36878367|10016125
36878368|10016154
36878369|10016155
36878370|10016156
36878371|10016157
36878372|10016158
36878373|10016159
36878374|10020982
36878375|10023663
36878376|10023670
36878377|10023672
36878378|10023930
36878379|36878379
36878380|10042577
36878381|10042578
36878382|10042579
36878383|10042580
36878384|10042581
36878385|36878385
36878386|10049622
36878387|10013671
36878388|10013672
36878389|36878389
36878390|10031540
36878391|10031800
36878392|10031801
36878393|10031802
36878394|10031803
36878395|10036292
36878396|10045685
36878397|10045686
36878398|10045687
36878399|10045688
36878400|36878400
36878401|10005128
36878402|10012181
36878403|10012182
36878404|10012183
36878405|10012184
36878406|10012185
36878407|10019580
36878408|10032122
36878409|10032123
36878410|10032124
36878411|10032125
36878412|10032126
36878413|10036293
36878414|10036294
36878415|10036295
36878416|10036296
36878417|36878417
36878418|10036418
36878419|10055323
36878420|10055324
36878421|10055839
36878422|10055864
36878423|10009148
36878424|36878424
36878425|10037299
36878426|10042396
36878427|10042397
36878428|10046824
36878429|10012092
36878430|10032395
36878431|10034901
36878432|10036299
36878433|36878433
36878434|10037300
36878435|10037301
36878436|10037302
36878437|10042561
36878438|10043447
36878439|10043448
36878440|36878440
36878441|10043454
36878442|10043455
36878443|10043456
36878444|10043457
36878445|36878445
36878446|10037244
36878447|10037293
36878448|10003968
36878449|10012391
36878450|10012394
36878451|10036235
36878452|10036271
36878453|10037289
36878454|10044433
36878455|10044434
36878456|36878456
36878457|36878457
36878458|10037292
36878459|10036298
36878460|36878460
36878461|36878461
36878462|10014350
36878463|10014351
36878464|10014352
36878465|10014353
36878466|36878466
36878467|10018805
36878468|10018806
36878469|10018807
36878470|10018808
36878471|36878471
36878472|10031476
36878473|10031477
36878474|10031478
36878475|10031479
36878476|36878476
36878477|36878477
36878478|10036657
36878479|10036658
36878480|10036659
36878481|10036660
36878482|10046822
36878483|10008932
36878484|10022883
36878485|10022884
36878486|10022885
36878487|10029921
36878488|36878488
36878489|10021614
36878490|10026721
36878491|10031426
36878492|10031427
36878493|10031428
36878494|10031429
36878495|10031430
36878496|10031437
36878497|10031438
36878498|10031439
36878499|10031440
36878500|10031441
36878501|10038989
36878502|10038990
36878503|10038991
36878504|10038992
36878505|10038993
36878506|10038994
36878507|10038995
36878508|36878508
36878509|10046819
36878510|10069132
36878511|10004951
36878512|10028214
36878513|10028219
36878514|36878514
36878515|10028244
36878516|10032823
36878517|10032824
36878518|10032825
36878519|10032826
36878520|10036564
36878521|10037722
36878522|10037724
36878523|10037725
36878524|10037726
36878525|10044679
36878526|10044681
36878527|10044682
36878528|10044683
36878529|10046034
36878530|10046035
36878531|10046036
36878532|10046037
36878533|10004956
36878534|36878534
36878535|10045192
36878536|10045193
36878537|10045194
36878538|36878538
36878539|10029757
36878540|10029768
36878541|36878541
36878542|10029770
36878543|36878543
36878544|10014831
36878545|10014832
36878546|10014833
36878547|10014834
36878548|10014835
36878549|10014836
36878550|10014837
36878551|10048511
36878552|36878552
36878553|10011863
36878554|10027161
36878555|10068073
36878556|10012229
36878557|10029758
36878558|10029759
36878559|10029760
36878560|10049558
36878561|36878561
36878562|36878562
36878563|36878563
36878564|10059210
36878565|36878565
36878566|36878566
36878567|10060523
36878568|36878568
36878569|10055566
36878570|36878570
36878571|10018707
36878572|10018708
36878573|10029771
36878574|36878574
36878575|10036565
36878576|10036566
36878577|10036586
36878578|36878578
36878579|36878579
36878580|10046773
36878581|10046776
36878582|36878582
36878583|10052861
36878584|36878584
36878585|36878585
36878586|36878586
36878587|10036583
36878588|10036584
36878589|36878589
36878590|10063141
36878591|10068396
36878592|36878592
36878593|36878593
36878594|36878594
36878595|10053416
36878596|10036579
36878597|10036580
36878598|10045526
36878599|36878599
36878600|36878600
36900000|10037175
36902263|10001302
36902264|10002861
36902265|10008401
36902266|10009841
36902267|10010118
36902268|10012221
36902269|10012272
36902270|10012375
36902271|10012562
36902272|10013465
36902273|10013511
36902274|10014067
36902275|10021563
36902276|10026753
36902277|10027946
36902278|10034726
36902279|10037173
36902280|10037176
36902281|10039628
36902282|10040480
36902283|10040991
36902284|10041320
36902285|10042460
36903582|10001301
36903583|10068761
36903584|10002869
36903585|10068299
36903586|10068758
36903587|10068300
36903588|10042211
36903589|10011975
36903590|10021672
36903591|10042007
36903592|10043835
36903593|10003730
36903594|10009842
36903595|10024094
36903596|10041427
36903597|10010119
36903598|10041461
36903599|10041462
36903600|10010301
36903601|10012219
36903602|10001954
36903603|10001956
36903604|10012289
36903605|10062914
36903606|10012401
36903607|10027938
36903608|10012567
36903609|10034740
36903610|10013470
36903611|10012259
36903612|10034374
36903613|10043434
36903614|10000135
36903615|10014065
36903616|10014068
36903617|10021562
36903618|10004938
36903619|10027939
36903620|10001438
36903621|10014556
36903622|10016798
36903623|10027948
36903624|10004209
36903625|10034727
36903626|10034728
36903627|10034729
36903628|10034730
36903629|10000117
36903630|10037180
36903631|10037177
36903632|10027362
36903633|10027361
36903634|10037178
36903635|10064465
36903636|10006360
36903637|10012256
36903638|10037252
36903639|10039620
36903640|10039631
36903641|10031086
36903642|10033889
36903643|10040464
36903644|10040466
36903645|10040470
36903646|10040478
36903647|10013980
36903648|10028716
36903649|10033920
36903650|10040993
36903651|10040992
36903652|10040994
36903653|10041004
36903654|10016072
36903655|10041326
36903656|10042459
36918846|10061621
36918847|10001296
36918848|10001297
36918849|10001298
36918850|10001299
36918851|10001300
36918852|10004480
36918853|10057666
36918854|10002859
36918855|10018075
36918856|10029333
36918857|10002758
36918858|10002855
36918859|10007592
36918860|10029216
36918861|10042209
36918862|10043268
36918863|10000605
36918864|10001502
36918865|10002518
36918866|10051408
36918867|10009244
36918868|10049096
36918869|10016275
36918870|10016276
36918871|10016277
36918872|10050365
36918873|10066392
36918874|10016278
36918875|10050366
36918876|10048744
36918877|10068298
36918878|10016279
36918879|10067035
36918880|10016280
36918881|10067580
36918882|10053317
36918883|10057946
36918884|10057948
36918885|10063546
36918886|10050095
36918887|10060765
36918888|10069024
36918889|10034432
36918890|10050096
36918891|10034912
36918892|10056676
36918893|10034913
36918894|10034914
36918895|10034918
36918896|10064420
36918897|10041247
36918898|10041250
36918899|10064723
36918900|10010219
36918901|10029897
36918902|10029898
36918903|10024511
36918904|10033664
36918905|10033666
36918906|10052794
36918907|10033668
36918908|10033670
36918909|10001084
36918910|10065369
36918911|10036316
36918912|10007776
36918913|10003830
36918914|10003833
36918915|10014128
36918916|10019191
36918917|10047853
36918918|10003736
36918919|10003746
36918920|10064478
36918921|10056440
36918922|10008398
36918923|10057315
36918924|10013486
36918925|10061265
36918926|10037999
36918927|10061046
36918928|10015715
36918929|10027778
36918930|10034925
36918931|10009232
36918932|10009699
36918933|10023615
36918934|10036467
36918935|10036649
36918936|10039740
36918937|10012218
36918938|10033848
36918939|10066842
36918940|10052276
36918941|10068631
36918942|10012378
36918943|10012397
36918944|10013982
36918945|10057840
36918946|10067371
36918947|10002511
36918948|10011971
36918949|10012374
36918950|10054089
36918951|10049708
36918952|10016344
36918953|10016374
36918954|10027977
36918955|10058672
36918956|10037213
36918957|10043169
36918958|10003484
36918959|10063844
36918960|10008522
36918961|10012357
36918962|10013457
36918963|10013461
36918964|10013462
36918965|10013466
36918966|10013468
36918967|10059591
36918968|10012239
36918969|10012241
36918970|10012244
36918971|10012245
36918972|10012263
36918973|10063033
36918974|10015134
36918975|10023164
36918976|10034702
36918977|10041317
36918978|10052214
36918979|10043496
36918980|10043497
36918981|10012258
36918982|10012422
36918983|10016754
36918984|10019063
36918985|10019070
36918986|10019071
36918987|10019072
36918988|10062824
36918989|10019074
36918990|10019075
36918991|10019079
36918992|10021403
36918993|10023118
36918994|10063117
36918995|10062684
36918996|10009207
36918997|10010297
36918998|10012411
36918999|10016777
36919000|10021212
36919001|10021402
36919002|10063385
36919003|10024825
36919004|10025429
36919005|10050464
36919006|10056264
36919007|10034703
36919008|10036468
36919009|10043114
36919010|10043495
36919011|10037544
36919012|10048636
36919013|10061832
36919014|10016947
36919015|10004716
36919016|10049238
36919017|10068007
36919018|10067948
36919019|10065701
36919020|10061215
36919021|10021567
36919022|10022568
36919023|10023461
36919024|10066779
36919025|10062494
36919026|10057342
36919027|10034158
36919028|10036173
36919029|10037674
36919030|10044629
36919031|10004939
36919032|10004940
36919033|10057667
36919034|10011724
36919035|10021030
36919036|10026749
36919037|10054196
36919038|10005885
36919039|10010778
36919040|10016759
36919041|10021588
36919042|10002368
36919043|10013954
36919044|10014483
36919045|10014551
36919046|10049119
36919047|10015535
36919048|10064862
36919049|10027783
36919050|10027940
36919051|10036618
36919052|10027951
36919053|10001443
36919054|10002942
36919055|10048909
36919056|10051602
36919057|10027944
36919058|10039775
36919059|10001488
36919060|10002820
36919061|10003472
36919062|10003739
36919063|10063659
36919064|10004224
36919065|10013142
36919066|10061108
36919067|10018671
36919068|10049666
36919069|10020400
36919070|10049976
36919071|10021703
36919072|10021925
36919073|10028899
36919074|10068829
36919075|10033864
36919076|10068128
36919077|10041243
36919078|10041308
36919079|10065954
36919080|10064093
36919081|10042635
36919082|10047426
36919083|10034721
36919084|10035075
36919085|10050280
36919086|10052394
36919087|10003865
36919088|10012355
36919089|10029901
36919090|10002822
36919091|10006034
36919092|10020155
36919093|10028712
36919094|10037218
36919095|10033869
36919096|10039624
36919097|10039651
36919098|10061422
36919099|10006322
36919100|10054720
36919101|10041953
36919102|10008590
36919103|10020910
36919104|10048533
36919105|10052404
36919106|10028901
36919107|10067398
36919108|10061472
36919109|10043528
36919110|10044334
36919111|10014552
36919112|10029343
36919113|10034723
36919114|10037996
36919115|10039660
36919116|10054940
36919117|10061284
36919118|10048294
36919119|10037207
36919120|10061285
36919121|10034720
36919122|10014928
36919123|10001584
36919124|10001606
36919125|10001639
36919126|10012335
36919127|10013654
36919128|10013663
36919129|10065679
36919130|10057852
36919131|10053243
36919132|10066169
36919133|10043903
36919134|10048549
36919135|10056395
36919136|10056326
36919137|10001666
36919138|10012249
36919139|10012250
36919140|10012251
36919141|10012252
36919142|10053195
36919143|10012254
36919144|10012255
36919145|10001022
36919146|10061040
36919147|10062645
36919148|10037249
36919149|10061920
36919150|10061921
36919151|10053632
36919152|10039987
36919153|10040535
36919154|10039621
36919155|10068889
36919156|10068890
36919157|10039647
36919158|10039626
36919159|10039636
36919160|10039637
36919161|10039638
36919162|10039639
36919163|10039640
36919164|10052792
36919165|10002652
36919166|10016405
36919167|10025513
36919168|10031085
36919169|10052449
36919170|10036596
36919171|10015670
36919172|10016531
36919173|10017389
36919174|10026864
36919175|10033361
36919176|10033888
36919177|10039367
36919178|10044458
36919179|10047717
36919180|10061976
36919181|10037222
36919182|10058929
36919183|10061461
36919184|10015120
36919185|10062641
36919186|10021580
36919187|10052004
36919188|10052005
36919189|10040483
36919190|10067947
36919191|10015605
36919192|10052542
36919193|10066364
36919194|10024419
36919195|10061221
36919196|10024421
36919197|10024870
36919198|10040469
36919199|10013941
36919200|10057671
36919201|10057672
36919202|10040477
36919203|10046947
36919204|10020927
36919205|10020928
36919206|10040981
36919207|10029412
36919208|10061910
36919209|10040984
36919210|10063910
36919211|10040985
36919212|10040986
36919213|10040987
36919214|10040988
36919215|10020767
36919216|10022443
36919217|10010123
36919218|10061595
36919219|10028279
36919220|10052793
36919221|10010893
36919222|10020965
36919223|10057296
36919224|10037195
36919225|10037198
36919226|10049587
36919227|10041318
36919228|10054153
36919229|10041325
36919230|10010144
36919231|10022524
36919232|10063495
36919233|10051154
36919234|10065604
36919235|10042458
36919236|10042464
36978601|10001082
36978602|10001295
36978603|10001303
36978604|10001307
36978605|10001308
36978606|10001310
36978607|10001312
36978608|10001313
36978609|10006364
36978610|10014495
36978611|10027759
36978612|10031474
36978613|10032494
36978614|10032495
36978615|10041422
36978616|10042221
36978617|10044402
36978618|10045617
36978619|36978619
36978620|36978620
36978621|10001304
36978622|36978622
36978623|10001305
36978624|10001311
36978625|36978625
36978626|10001309
36978627|36978627
36978628|36978628
36978629|10001306
36978630|36978630
36978631|36978631
36978632|10002860
36978633|10002864
36978634|10002878
36978635|10022857
36978636|36978636
36978637|10066576
36978638|36978638
36978639|10031073
36978640|10031074
36978641|10017571
36978642|36978642
36978643|10018105
36978644|10033292
36978645|10033293
36978646|36978646
36978647|10029337
36978648|10029344
36978649|10029346
36978650|10029347
36978651|10029348
36978652|10032299
36978653|10032300
36978654|10037172
36978655|10037216
36978656|10037958
36978657|10046045
36978658|36978658
36978659|10001554
36978660|10002505
36978661|10002507
36978662|36978662
36978663|10002856
36978664|10002857
36978665|10002863
36978666|10002865
36978667|10002866
36978668|10002867
36978669|10002868
36978670|10002870
36978671|10002871
36978672|10002875
36978673|10003061
36978674|10015574
36978675|10016022
36978676|10016323
36978677|10016351
36978678|10021527
36978679|10025426
36978680|10031667
36978681|10034917
36978682|10037931
36978683|10037935
36978684|10040044
36978685|10040760
36978686|10048025
36978687|10048339
36978688|10066549
36978689|36978689
36978690|10007655
36978691|10014293
36978692|10029334
36978693|10042803
36978694|10023243
36978695|10023244
36978696|10029197
36978697|10029215
36978698|36978698
36978699|10029219
36978700|10040529
36978701|10040531
36978702|10044564
36978703|10044581
36978704|36978704
36978705|10042218
36978706|10016368
36978707|10027382
36978708|10029214
36978709|10043266
36978710|10043267
36978711|36978711
36978712|10043272
36978713|36978713
36978714|36978714
36978715|10001504
36978716|10001505
36978717|36978717
36978718|36978718
36978719|36978719
36978720|36978720
36978721|36978721
36978722|10016282
36978723|10057670
36978724|36978724
36978725|36978725
36978726|36978726
36978727|10002506
36978728|36978728
36978729|36978729
36978730|36978730
36978731|36978731
36978732|36978732
36978733|36978733
36978734|36978734
36978735|36978735
36978736|36978736
36978737|10067581
36978738|10067582
36978739|10067583
36978740|36978740
36978741|36978741
36978742|36978742
36978743|10001511
36978744|10006889
36978745|10007130
36978746|36978746
36978747|10068770
36978748|36978748
36978749|36978749
36978750|36978750
36978751|10069025
36978752|36978752
36978753|10041901
36978754|36978754
36978755|10032176
36978756|36978756
36978757|10034915
36978758|10034916
36978759|10034919
36978760|10034920
36978761|10034921
36978762|10034922
36978763|10037965
36978764|10040704
36978765|10041446
36978766|10048342
36978767|36978767
36978768|36978768
36978769|36978769
36978770|36978770
36978771|36978771
36978772|36978772
36978773|10041242
36978774|36978774
36978775|10068772
36978776|36978776
36978777|36978777
36978778|36978778
36978779|10049596
36978780|10010220
36978781|10010221
36978782|10010224
36978783|10029893
36978784|10029895
36978785|10029896
36978786|36978786
36978787|10029899
36978788|10029900
36978789|10029902
36978790|10030029
36978791|10037961
36978792|10048341
36978793|36978793
36978794|36978794
36978795|10033665
36978796|36978796
36978797|10033667
36978798|10001503
36978799|36978799
36978800|36978800
36978801|10001553
36978802|36978802
36978803|10037962
36978804|10048336
36978805|10001039
36978806|10001040
36978807|36978807
36978808|10001085
36978809|10031470
36978810|10036554
36978811|10045616
36978812|10029200
36978813|10054853
36978814|36978814
36978815|10066172
36978816|10004184
36978817|10010084
36978818|36978818
36978819|10036876
36978820|10040538
36978821|10057246
36978822|36978822
36978823|10007777
36978824|10007778
36978825|10007779
36978826|10007781
36978827|10037940
36978828|36978828
36978829|10003832
36978830|36978830
36978831|36978831
36978832|10027636
36978833|36978833
36978834|10007736
36978835|10008022
36978836|36978836
36978837|10001118
36978838|10001119
36978839|10003731
36978840|10003732
36978841|10003733
36978842|10003734
36978843|10003735
36978844|36978844
36978845|10003737
36978846|10020555
36978847|10020654
36978848|10020655
36978849|10020658
36978850|10020659
36978851|10032804
36978852|10033289
36978853|10042816
36978854|10045911
36978855|10048326
36978856|10064104
36978857|10068451
36978858|10068452
36978859|10068453
36978860|36978860
36978861|10064279
36978862|10064288
36978863|36978863
36978864|10030904
36978865|36978865
36978866|36978866
36978867|10069158
36978868|36978868
36978869|10067170
36978870|36978870
36978871|10024093
36978872|10032483
36978873|10032486
36978874|10041443
36978875|36978875
36978876|10012569
36978877|10012570
36978878|10032484
36978879|36978879
36978880|10041447
36978881|10010117
36978882|36978882
36978883|36978883
36978884|10041459
36978885|36978885
36978886|10012556
36978887|36978887
36978888|36978888
36978889|10009233
36978890|36978890
36978891|36978891
36978892|36978892
36978893|36978893
36978894|36978894
36978895|10039741
36978896|10042843
36978897|10042848
36978898|10000685
36978899|10000702
36978900|10006150
36978901|10012217
36978902|36978902
36978903|10012220
36978904|10012222
36978905|10012223
36978906|10012224
36978907|10012226
36978908|10013195
36978909|10013758
36978910|10040024
36978911|10042275
36978912|10042790
36978913|10058915
36978914|10010299
36978915|36978915
36978916|36978916
36978917|10066843
36978918|10066844
36978919|36978919
36978920|36978920
36978921|10002858
36978922|10002872
36978923|10002873
36978924|10003748
36978925|10006358
36978926|10012376
36978927|10012377
36978928|36978928
36978929|10012379
36978930|10012385
36978931|10012386
36978932|10012387
36978933|10012392
36978934|10012395
36978935|10012398
36978936|10012399
36978937|10012400
36978938|10012402
36978939|10012403
36978940|10012406
36978941|10012407
36978942|10015675
36978943|10027741
36978944|10037998
36978945|10045543
36978946|10045544
36978947|10049709
36978948|10066530
36978949|10066555
36978950|10066589
36978951|10066933
36978952|36978952
36978953|10042457
36978954|10008856
36978955|10012388
36978956|10012404
36978957|10012405
36978958|10013981
36978959|36978959
36978960|10029342
36978961|10012384
36978962|10012393
36978963|10012408
36978964|10014719
36978965|10022899
36978966|10022900
36978967|10025453
36978968|10025454
36978969|10025455
36978970|10025456
36978971|10025457
36978972|10025458
36978973|10025459
36978974|10025460
36978975|10025461
36978976|10025462
36978977|10025463
36978978|10025464
36978979|10025465
36978980|10025466
36978981|10025467
36978982|10025468
36978983|10025469
36978984|10025470
36978985|10025471
36978986|10027143
36978987|10027144
36978988|10037237
36978989|10037250
36978990|10053708
36978991|36978991
36978992|10067465
36978993|10012389
36978994|10036269
36978995|36978995
36978996|10067373
36978997|36978997
36978998|10024851
36978999|10024852
36979000|36979000
36979001|10024867
36979002|10038211
36979003|10008855
36979004|10012179
36979005|36979005
36979006|10014550
36979007|10016325
36979008|10016329
36979009|10016364
36979010|10024919
36979011|10027942
36979012|10027943
36979013|10040735
36979014|10056239
36979015|36979015
36979016|10066531
36979017|36979017
36979018|10050478
36979019|36979019
36979020|36979020
36979021|36979021
36979022|10027978
36979023|36979023
36979024|36979024
36979025|36979025
36979026|36979026
36979027|10003485
36979028|10003747
36979029|10034739
36979030|10061345
36979031|36979031
36979032|36979032
36979033|10012287
36979034|10013143
36979035|10013144
36979036|10013145
36979037|10019379
36979038|10037238
36979039|10059560
36979040|36979040
36979041|10012358
36979042|10012359
36979043|10012360
36979044|10021214
36979045|10024864
36979046|10039927
36979047|10011113
36979048|10011114
36979049|10011115
36979050|10012535
36979051|10012536
36979052|10012539
36979053|10012541
36979054|10013056
36979055|36979055
36979056|10013459
36979057|10016328
36979058|10016363
36979059|36979059
36979060|10021157
36979061|10037186
36979062|10013460
36979063|36979063
36979064|10013463
36979065|10013464
36979066|10013467
36979067|10013469
36979068|10013471
36979069|10016781
36979070|10037190
36979071|10037943
36979072|36979072
36979073|10017407
36979074|10017408
36979075|10021162
36979076|10037196
36979077|36979077
36979078|10028241
36979079|10028242
36979080|36979080
36979081|10012238
36979082|36979082
36979083|10012240
36979084|10012246
36979085|10012248
36979086|10012260
36979087|10013764
36979088|10029457
36979089|10031078
36979090|10033867
36979091|36979091
36979092|10012261
36979093|10018669
36979094|36979094
36979095|10007185
36979096|10007186
36979097|36979097
36979098|10017361
36979099|36979099
36979100|36979100
36979101|36979101
36979102|10012257
36979103|36979103
36979104|10012243
36979105|36979105
36979106|10053415
36979107|10012242
36979108|10012247
36979109|10012262
36979110|36979110
36979111|36979111
36979112|36979112
36979113|36979113
36979114|36979114
36979115|36979115
36979116|10016369
36979117|10054371
36979118|36979118
36979119|10016755
36979120|10013761
36979121|10019062
36979122|36979122
36979123|10019066
36979124|10019077
36979125|10019078
36979126|10023450
36979127|10031079
36979128|10040028
36979129|10042263
36979130|10066297
36979131|10003785
36979132|10019064
36979133|36979133
36979134|10019065
36979135|36979135
36979136|10019067
36979137|36979137
36979138|10030280
36979139|10019073
36979140|36979140
36979141|36979141
36979142|10019147
36979143|10019148
36979144|10019068
36979145|10019069
36979146|36979146
36979147|10047570
36979148|10055527
36979149|10003759
36979150|10003776
36979151|10003777
36979152|36979152
36979153|10016201
36979154|36979154
36979155|10030954
36979156|10034376
36979157|10034377
36979158|10034378
36979159|36979159
36979160|36979160
36979161|36979161
36979162|36979162
36979163|36979163
36979164|36979164
36979165|36979165
36979166|36979166
36979167|36979167
36979168|36979168
36979169|10063388
36979170|36979170
36979171|36979171
36979172|36979172
36979173|36979173
36979174|36979174
36979175|36979175
36979176|36979176
36979177|10043494
36979178|36979178
36979179|36979179
36979180|10039928
36979181|36979181
36979182|10014064
36979183|36979183
36979184|36979184
36979185|36979185
36979186|36979186
36979187|36979187
36979188|36979188
36979189|10065272
36979190|36979190
36979191|10067084
36979192|10013312
36979193|10021561
36979194|10021564
36979195|10031968
36979196|36979196
36979197|10021565
36979198|36979198
36979199|10021568
36979200|10060909
36979201|10015705
36979202|36979202
36979203|10023060
36979204|36979204
36979205|10023462
36979206|36979206
36979207|36979207
36979208|36979208
36979209|10066089
36979210|10017656
36979211|10017657
36979212|36979212
36979213|36979213
36979214|36979214
36979215|10040440
36979216|10019046
36979217|36979217
36979218|10004911
36979219|10004912
36979220|10004913
36979221|10004914
36979222|10004915
36979223|10004916
36979224|10004917
36979225|10004918
36979226|10004919
36979227|10004920
36979228|10004921
36979229|10004922
36979230|10004923
36979231|10004924
36979232|10004925
36979233|10004926
36979234|10004927
36979235|10004928
36979236|10004929
36979237|10004930
36979238|10004931
36979239|10004932
36979240|10004933
36979241|10004934
36979242|10004936
36979243|36979243
36979244|10011717
36979245|10026754
36979246|10026755
36979247|10026756
36979248|10026757
36979249|10026758
36979250|10026784
36979251|10026785
36979252|10026786
36979253|10026787
36979254|10026788
36979255|10026789
36979256|10026790
36979257|10026791
36979258|10027740
36979259|10031602
36979260|10032253
36979261|10037240
36979262|10037954
36979263|10065032
36979264|10068455
36979265|36979265
36979266|10004908
36979267|10004909
36979268|10004910
36979269|10004935
36979270|10004937
36979271|36979271
36979272|10011723
36979273|36979273
36979274|10011726
36979275|10013211
36979276|10052431
36979277|36979277
36979278|10021031
36979279|10000852
36979280|10003752
36979281|10008400
36979282|36979282
36979283|10026750
36979284|10026751
36979285|10026752
36979286|10026759
36979287|10026760
36979288|10026761
36979289|10026762
36979290|10026763
36979291|10026764
36979292|10026765
36979293|10026766
36979294|10026767
36979295|10026768
36979296|10026769
36979297|10026770
36979298|10026771
36979299|10026772
36979300|10026773
36979301|10026774
36979302|10026775
36979303|10026776
36979304|10026777
36979305|10026778
36979306|10026779
36979307|10026780
36979308|10026781
36979309|10026782
36979310|10026783
36979311|10030905
36979312|10037239
36979313|10037953
36979314|10014554
36979315|10014555
36979316|10022454
36979317|10023532
36979318|10023534
36979319|10027377
36979320|36979320
36979321|10057947
36979322|10058309
36979323|10068551
36979324|10001442
36979325|36979325
36979326|36979326
36979327|10038747
36979328|10001440
36979329|10001441
36979330|10012540
36979331|10016339
36979332|36979332
36979333|10023612
36979334|10024850
36979335|10014339
36979336|10015672
36979337|10015673
36979338|10016332
36979339|36979339
36979340|10021589
36979341|10021592
36979342|10021593
36979343|10021595
36979344|10021596
36979345|10027950
36979346|36979346
36979347|10013641
36979348|10022938
36979349|10022939
36979350|10037804
36979351|36979351
36979352|36979352
36979353|10027949
36979354|36979354
36979355|10014553
36979356|36979356
36979357|10014558
36979358|10014559
36979359|10014560
36979360|10016232
36979361|10020847
36979362|10020848
36979363|10020849
36979364|10034155
36979365|10036466
36979366|10036553
36979367|10037945
36979368|10048002
36979369|10013487
36979370|10013489
36979371|10027370
36979372|36979372
36979373|10015533
36979374|10015534
36979375|36979375
36979376|10015584
36979377|10016333
36979378|10016382
36979379|10020044
36979380|10020063
36979381|10024042
36979382|36979382
36979383|36979383
36979384|10001439
36979385|10001850
36979386|10004064
36979387|10027937
36979388|36979388
36979389|10027941
36979390|10054199
36979391|10035634
36979392|10035635
36979393|10036502
36979394|36979394
36979395|10036619
36979396|10036620
36979397|10042838
36979398|36979398
36979399|36979399
36979400|10027952
36979401|10001437
36979402|36979402
36979403|10001444
36979404|10001445
36979405|10001446
36979406|10001447
36979407|10001448
36979408|10001449
36979409|10001450
36979410|10001451
36979411|10008920
36979412|10011716
36979413|10011725
36979414|10013763
36979415|10027945
36979416|10031481
36979417|10031518
36979418|10032498
36979419|10037235
36979420|10045620
36979421|10001905
36979422|36979422
36979423|10022037
36979424|10023614
36979425|10024853
36979426|10024866
36979427|36979427
36979428|36979428
36979429|36979429
36979430|10031072
36979431|10031080
36979432|10031081
36979433|36979433
36979434|10064243
36979435|36979435
36979436|10001489
36979437|10001490
36979438|10001491
36979439|10001493
36979440|10001494
36979441|10001846
36979442|10008389
36979443|10008390
36979444|10008516
36979445|10010085
36979446|10021566
36979447|10037728
36979448|10037941
36979449|10040463
36979450|10043201
36979451|10045495
36979452|10045496
36979453|10045497
36979454|10045498
36979455|10045499
36979456|10047425
36979457|10047427
36979458|10047428
36979459|10057073
36979460|10059796
36979461|10059797
36979462|10062375
36979463|10062376
36979464|10065168
36979465|10001319
36979466|36979466
36979467|10002824
36979468|10008526
36979469|10022996
36979470|10027760
36979471|10037934
36979472|10041245
36979473|10041248
36979474|10041254
36979475|10041255
36979476|10041256
36979477|10041257
36979478|10041258
36979479|10041967
36979480|10045500
36979481|10045501
36979482|10045502
36979483|10045503
36979484|10045504
36979485|10062373
36979486|10062377
36979487|10003471
36979488|36979488
36979489|10003474
36979490|10019908
36979491|10037937
36979492|36979492
36979493|10062378
36979494|10049239
36979495|36979495
36979496|10063662
36979497|36979497
36979498|10004225
36979499|10037304
36979500|10037938
36979501|36979501
36979502|10023616
36979503|10024865
36979504|10041246
36979505|10013501
36979506|10013502
36979507|10032705
36979508|10041259
36979509|10045557
36979510|10045849
36979511|36979511
36979512|10018670
36979513|36979513
36979514|36979514
36979515|36979515
36979516|36979516
36979517|10001759
36979518|10012531
36979519|36979519
36979520|10021704
36979521|10021705
36979522|10023523
36979523|36979523
36979524|10065164
36979525|36979525
36979526|10030903
36979527|36979527
36979528|10000979
36979529|36979529
36979530|10033865
36979531|10033871
36979532|10037963
36979533|36979533
36979534|10068129
36979535|10040624
36979536|36979536
36979537|10041253
36979538|10048005
36979539|10048013
36979540|10048014
36979541|36979541
36979542|36979542
36979543|36979543
36979544|36979544
36979545|10047820
36979546|36979546
36979547|10047429
36979548|10067154
36979549|10001116
36979550|10001117
36979551|10001492
36979552|10003551
36979553|10013256
36979554|10021411
36979555|10021581
36979556|10022859
36979557|10026795
36979558|10032381
36979559|10032382
36979560|10034103
36979561|36979561
36979562|10034722
36979563|10034725
36979564|10045549
36979565|10046097
36979566|36979566
36979567|36979567
36979568|36979568
36979569|10003864
36979570|36979570
36979571|10012354
36979572|36979572
36979573|10034102
36979574|10002196
36979575|10002197
36979576|10010222
36979577|10010223
36979578|10029894
36979579|36979579
36979580|10001994
36979581|10002821
36979582|36979582
36979583|10002823
36979584|10013455
36979585|10006033
36979586|36979586
36979587|10020120
36979588|10020154
36979589|36979589
36979590|10020156
36979591|10021164
36979592|10021165
36979593|10032108
36979594|10034732
36979595|10037206
36979596|10028711
36979597|36979597
36979598|10003473
36979599|10034724
36979600|10037217
36979601|36979601
36979602|10041260
36979603|10041261
36979604|10041262
36979605|10016217
36979606|10033868
36979607|36979607
36979608|10033876
36979609|10039623
36979610|36979610
36979611|10039625
36979612|10024019
36979613|10024020
36979614|10024021
36979615|10024022
36979616|10024023
36979617|10024024
36979618|10024025
36979619|10039650
36979620|36979620
36979621|10000118
36979622|10004203
36979623|10004204
36979624|10004206
36979625|10004207
36979626|10004210
36979627|10004968
36979628|10013190
36979629|10019076
36979630|10034718
36979631|10047316
36979632|36979632
36979633|10062383
36979634|10062453
36979635|36979635
36979636|10006323
36979637|10006324
36979638|10054134
36979639|36979639
36979640|36979640
36979641|36979641
36979642|10008591
36979643|10034850
36979644|10034865
36979645|10006335
36979646|10020733
36979647|10020734
36979648|36979648
36979649|10020911
36979650|10020572
36979651|10020912
36979652|10021683
36979653|36979653
36979654|36979654
36979655|10003007
36979656|10028900
36979657|36979657
36979658|10034717
36979659|36979659
36979660|10016341
36979661|10024799
36979662|10024854
36979663|10037179
36979664|36979664
36979665|10010782
36979666|10043517
36979667|36979667
36979668|10030332
36979669|36979669
36979670|10000345
36979671|10013503
36979672|10013504
36979673|36979673
36979674|10027702
36979675|10032029
36979676|10032359
36979677|10038306
36979678|10045861
36979679|36979679
36979680|10029345
36979681|10021215
36979682|10022858
36979683|36979683
36979684|10040013
36979685|10040014
36979686|10040625
36979687|36979687
36979688|10039659
36979689|36979689
36979690|36979690
36979691|10006170
36979692|10013246
36979693|10014696
36979694|10018186
36979695|10027343
36979696|10027344
36979697|10027355
36979698|10027359
36979699|10027360
36979700|10027363
36979701|10027364
36979702|10027365
36979703|10027366
36979704|10027367
36979705|10027368
36979706|10027369
36979707|10027381
36979708|10028388
36979709|10029198
36979710|10031625
36979711|10032089
36979712|10032711
36979713|10032712
36979714|10032863
36979715|10032907
36979716|10032908
36979717|10034996
36979718|10037174
36979719|10037181
36979720|10037182
36979721|10037183
36979722|10037184
36979723|10037215
36979724|10038703
36979725|10040045
36979726|10040832
36979727|10041421
36979728|10045856
36979729|10046120
36979730|10048345
36979731|10050222
36979732|10057683
36979733|36979733
36979734|36979734
36979735|10050480
36979736|10066632
36979737|36979737
36979738|10006149
36979739|10006152
36979740|10027356
36979741|10027357
36979742|10031077
36979743|10032836
36979744|10036254
36979745|10041445
36979746|10046054
36979747|10059115
36979748|36979748
36979749|10031082
36979750|36979750
36979751|10034731
36979752|10004197
36979753|36979753
36979754|10014929
36979755|10014930
36979756|10029445
36979757|10029453
36979758|10048330
36979759|36979759
36979760|10001585
36979761|10001586
36979762|10001587
36979763|10001588
36979764|10001589
36979765|10029579
36979766|10063499
36979767|10063500
36979768|10063501
36979769|36979769
36979770|10001607
36979771|10000651
36979772|10000652
36979773|10000653
36979774|10000654
36979775|10001590
36979776|10001594
36979777|36979777
36979778|10001640
36979779|10013037
36979780|10031519
36979781|10031520
36979782|10031521
36979783|10031522
36979784|10031523
36979785|10049894
36979786|10063496
36979787|10063497
36979788|10063498
36979789|10064474
36979790|10065308
36979791|10000343
36979792|10001125
36979793|36979793
36979794|10012351
36979795|10057379
36979796|10002000
36979797|10002001
36979798|10002002
36979799|10002003
36979800|10002004
36979801|10002186
36979802|10002768
36979803|10002769
36979804|10002770
36979805|10002771
36979806|10002772
36979807|10004091
36979808|10004093
36979809|10004094
36979810|10004095
36979811|10004096
36979812|10004097
36979813|10007171
36979814|10007172
36979815|10007173
36979816|10007174
36979817|10007175
36979818|10007809
36979819|10009810
36979820|10009811
36979821|10009812
36979822|10009813
36979823|10009814
36979824|10013525
36979825|36979825
36979826|10013655
36979827|10014826
36979828|10019080
36979829|10019081
36979830|10019082
36979831|10019083
36979832|10019084
36979833|10024043
36979834|10028718
36979835|10029580
36979836|10029581
36979837|10029582
36979838|10029583
36979839|10029584
36979840|10029585
36979841|10029586
36979842|10029587
36979843|10030887
36979844|10030888
36979845|10030889
36979846|10030890
36979847|10030891
36979848|10033062
36979849|10033063
36979850|10033064
36979851|10033065
36979852|10033066
36979853|10042022
36979854|10044336
36979855|10059277
36979856|10064096
36979857|10067763
36979858|10068729
36979859|10001121
36979860|10001122
36979861|10001123
36979862|10001124
36979863|10001126
36979864|10001127
36979865|10001128
36979866|10001995
36979867|10001996
36979868|10001997
36979869|10001998
36979870|10001999
36979871|10002019
36979872|10004092
36979873|10004098
36979874|10004099
36979875|10004100
36979876|10004101
36979877|10004102
36979878|10004103
36979879|10004477
36979880|10007176
36979881|10007177
36979882|10007178
36979883|10007179
36979884|10007180
36979885|10007181
36979886|10009815
36979887|10009817
36979888|10009818
36979889|10009819
36979890|10009820
36979891|10009821
36979892|10010086
36979893|10010087
36979894|10010088
36979895|10010089
36979896|10010090
36979897|10010091
36979898|10010092
36979899|10010093
36979900|10010094
36979901|10010095
36979902|10010096
36979903|10010097
36979904|10012336
36979905|10012337
36979906|10012338
36979907|10012339
36979908|10012340
36979909|10012341
36979910|10012342
36979911|10012344
36979912|10012345
36979913|10012346
36979914|10012348
36979915|10012349
36979916|10012350
36979917|10012352
36979918|10013658
36979919|36979919
36979920|10013666
36979921|10013667
36979922|10013668
36979923|10013673
36979924|10013674
36979925|10013677
36979926|10013698
36979927|10013699
36979928|10019085
36979929|10019086
36979930|10019087
36979931|10019088
36979932|10019089
36979933|10019935
36979934|10030892
36979935|10030893
36979936|10030894
36979937|10030895
36979938|10030896
36979939|10030900
36979940|10032706
36979941|10032707
36979942|10032708
36979943|10032709
36979944|10032710
36979945|10045850
36979946|10045851
36979947|10045852
36979948|10045853
36979949|10045854
36979950|10048481
36979951|10062609
36979952|10062812
36979953|10063502
36979954|10064475
36979955|10058995
36979956|10058998
36979957|10059000
36979958|10064472
36979959|36979959
36979960|10065969
36979961|10065970
36979962|10065971
36979963|10065972
36979964|10068467
36979965|10056478
36979966|10056484
36979967|36979967
36979968|36979968
36979969|10053257
36979970|10067694
36979971|10000341
36979972|10000342
36979973|10018449
36979974|10052459
36979975|36979975
36979976|10029541
36979977|10029588
36979978|36979978
36979979|10043906
36979980|10043907
36979981|10043908
36979982|10043909
36979983|10043910
36979984|10068678
36979985|10006043
36979986|10006361
36979987|36979987
36979988|10006363
36979989|36979989
36979990|10033000
36979991|10044395
36979992|10044396
36979993|10044397
36979994|10044398
36979995|10046184
36979996|10046185
36979997|36979997
36979998|36979998
36979999|10012216
36980000|36980000
36980001|10015133
36980002|36980002
36980003|36980003
36980004|36980004
36980005|10012253
36980006|10032851
36980007|10033870
36980008|10033873
36980009|10033874
36980010|10033875
36980011|10037200
36980012|10037243
36980013|10046090
36980014|36980014
36980015|36980015
36980016|36980016
36980017|10000703
36980018|10000958
36980019|36980019
36980020|10001023
36980021|10051988
36980022|10008524
36980023|10032713
36980024|10032714
36980025|10032715
36980026|10037221
36980027|10037242
36980028|10045654
36980029|10045655
36980030|10045656
36980031|36980031
36980032|10015626
36980033|10021166
36980034|36980034
36980035|36980035
36980036|10067568
36980037|10013708
36980038|10013739
36980039|10013740
36980040|10013741
36980041|10031619
36980042|10032020
36980043|10032314
36980044|10033866
36980045|10037234
36980046|10037241
36980047|10037248
36980048|10037253
36980049|10037254
36980050|10037256
36980051|10037259
36980052|10045855
36980053|10046122
36980054|10048343
36980055|10059419
36980056|36980056
36980057|10066731
36980058|10068305
36980059|10009080
36980060|10031083
36980061|10032363
36980062|10032463
36980063|10037251
36980064|10039958
36980065|10046159
36980066|10056309
36980067|36980067
36980068|36980068
36980069|10032889
36980070|10037245
36980071|36980071
36980072|10046160
36980073|10016894
36980074|10021720
36980075|10040534
36980076|36980076
36980077|10039612
36980078|10039613
36980079|10039614
36980080|10039615
36980081|10039616
36980082|10039617
36980083|10039618
36980084|10039619
36980085|36980085
36980086|10039622
36980087|10039635
36980088|36980088
36980089|36980089
36980090|10037968
36980091|10039644
36980092|36980092
36980093|10039648
36980094|10039649
36980095|10001064
36980096|10001065
36980097|10001066
36980098|10001067
36980099|10001068
36980100|10001069
36980101|10001070
36980102|10001071
36980103|10001072
36980104|10008525
36980105|10009134
36980106|10012297
36980107|10032456
36980108|10032928
36980109|10032929
36980110|10032930
36980111|10032931
36980112|10032932
36980113|10032933
36980114|10032934
36980115|36980115
36980116|10039627
36980117|10039629
36980118|10039630
36980119|10039632
36980120|10039633
36980121|10039642
36980122|10039643
36980123|10046150
36980124|10046151
36980125|10046152
36980126|10046153
36980127|10046154
36980128|10046155
36980129|10046156
36980130|10064337
36980131|36980131
36980132|10040705
36980133|10040706
36980134|10040707
36980135|10040708
36980136|10040709
36980137|10040710
36980138|10040711
36980139|10040712
36980140|10007780
36980141|10007782
36980142|10007783
36980143|10007784
36980144|10007785
36980145|10007786
36980146|10007787
36980147|10007788
36980148|36980148
36980149|10013386
36980150|10013387
36980151|10013388
36980152|10013389
36980153|10013390
36980154|10013391
36980155|10013392
36980156|10013393
36980157|10019363
36980158|10019364
36980159|10019365
36980160|36980160
36980161|10033872
36980162|10033877
36980163|10033878
36980164|10033879
36980165|10033880
36980166|10033881
36980167|10033882
36980168|10033883
36980169|10033891
36980170|36980170
36980171|10038628
36980172|10038629
36980173|10038630
36980174|10038631
36980175|10038632
36980176|10038633
36980177|10038634
36980178|10039634
36980179|36980179
36980180|36980180
36980181|36980181
36980182|10021574
36980183|10000160
36980184|36980184
36980185|10022032
36980186|10037226
36980187|10000161
36980188|10022033
36980189|36980189
36980190|10037227
36980191|36980191
36980192|10057066
36980193|10059404
36980194|36980194
36980195|10014330
36980196|36980196
36980197|10036597
36980198|10037231
36980199|36980199
36980200|10015671
36980201|10016756
36980202|10016530
36980203|36980203
36980204|36980204
36980205|36980205
36980206|10040484
36980207|36980207
36980208|10034217
36980209|10004492
36980210|10010966
36980211|10023465
36980212|10028850
36980213|10032470
36980214|36980214
36980215|10034096
36980216|10039368
36980217|10039592
36980218|10040472
36980219|10040473
36980220|10040474
36980221|10040475
36980222|10046163
36980223|10046711
36980224|10048285
36980225|36980225
36980226|10040487
36980227|36980227
36980228|10034221
36980229|36980229
36980230|10018054
36980231|36980231
36980232|10013350
36980233|10032864
36980234|10032865
36980235|36980235
36980236|10037223
36980237|10037224
36980238|10037228
36980239|10037229
36980240|10037230
36980241|10037232
36980242|10037233
36980243|10046121
36980244|10013495
36980245|10021679
36980246|10040465
36980247|36980247
36980248|10015116
36980249|10015117
36980250|10015118
36980251|10015119
36980252|10017377
36980253|10021550
36980254|10021552
36980255|10021553
36980256|10021573
36980257|10025503
36980258|10025504
36980259|10048340
36980260|10052003
36980261|10054200
36980262|36980262
36980263|10067036
36980264|36980264
36980265|10015121
36980266|10036458
36980267|10052791
36980268|10068039
36980269|10017376
36980270|36980270
36980271|36980271
36980272|10021551
36980273|10051535
36980274|36980274
36980275|10064072
36980276|10051534
36980277|36980277
36980278|10040458
36980279|36980279
36980280|36980280
36980281|10067949
36980282|36980282
36980283|36980283
36980284|10056297
36980285|10056298
36980286|36980286
36980287|10016397
36980288|10020933
36980289|36980289
36980290|10025510
36980291|10040481
36980292|10059272
36980293|10067561
36980294|10021999
36980295|10024420
36980296|36980296
36980297|10021669
36980298|36980298
36980299|10040471
36980300|10023613
36980301|10024422
36980302|10024423
36980303|36980303
36980304|36980304
36980305|10009850
36980306|10011990
36980307|36980307
36980308|10013942
36980309|10013943
36980310|10013944
36980311|10013945
36980312|10016388
36980313|10025502
36980314|10033510
36980315|10037193
36980316|10037225
36980317|10042505
36980318|10067031
36980319|10016421
36980320|36980320
36980321|10025522
36980322|36980322
36980323|10040476
36980324|36980324
36980325|10040479
36980326|10040482
36980327|10040486
36980328|10052413
36980329|10062605
36980330|10037204
36980331|36980331
36980332|10046948
36980333|10046949
36980334|10054110
36980335|10054111
36980336|36980336
36980337|36980337
36980338|10038581
36980339|36980339
36980340|10006359
36980341|10013627
36980342|10017375
36980343|36980343
36980344|10029413
36980345|10029414
36980346|10034015
36980347|10043287
36980348|10054157
36980349|10033919
36980350|36980350
36980351|10001468
36980352|10013268
36980353|10029648
36980354|10032474
36980355|10032485
36980356|36980356
36980357|10040989
36980358|10040995
36980359|10040997
36980360|10040999
36980361|10041005
36980362|10041430
36980363|10041431
36980364|10046174
36980365|10048530
36980366|10057716
36980367|10057744
36980368|36980368
36980369|10020766
36980370|36980370
36980371|10022439
36980372|36980372
36980373|36980373
36980374|10033918
36980375|36980375
36980376|36980376
36980377|36980377
36980378|36980378
36980379|10008873
36980380|10016067
36980381|10016068
36980382|10016069
36980383|10016070
36980384|10016071
36980385|10016073
36980386|10016074
36980387|10026709
36980388|10031569
36980389|10040638
36980390|36980390
36980391|10028278
36980392|36980392
36980393|10005892
36980394|10013193
36980395|10013484
36980396|10013485
36980397|36980397
36980398|36980398
36980399|10010894
36980400|10010895
36980401|10010896
36980402|10018354
36980403|10021154
36980404|10021155
36980405|10021156
36980406|10021159
36980407|10021160
36980408|10021161
36980409|10021163
36980410|10029335
36980411|10037148
36980412|10037942
36980413|36980413
36980414|10020963
36980415|36980415
36980416|36980416
36980417|36980417
36980418|10003991
36980419|10032437
36980420|10033389
36980421|10033390
36980422|10037171
36980423|10037188
36980424|10037192
36980425|36980425
36980426|10037199
36980427|10063924
36980428|36980428
36980429|10006368
36980430|10006369
36980431|36980431
36980432|10041319
36980433|10037191
36980434|10037197
36980435|10037220
36980436|10037967
36980437|10041323
36980438|10041888
36980439|36980439
36980440|36980440
36980441|10000394
36980442|36980442
36980443|10042462
36980444|10042463
36980445|10012213
36980446|10012214
36980447|36980447
36980448|10033927
36980449|10038578
36980450|10039926
36980451|10067875
36980452|10052303
36980453|36980453
36980454|10043498
36980455|36980455
36980456|10042466
36980457|36980457
36980458|10065607
36980459|36980459
36980460|10042461
36980461|10066281
36980462|10066282
36980463|10066283
36980464|10068557
36980465|10003728
36980466|36980466
36980467|10042465
36980468|10046262
36980469|10057354
37000000|10038359
37002286|10004994
37002287|10018188
37002288|10029149
37002289|10038430
37002290|10046400
37002291|10046447
37002292|10046590
37002293|10046708
37003657|10005037
37003658|10005049
37003659|10005058
37003660|10005069
37003661|10028639
37003662|10010484
37003663|10027680
37003664|10018191
37003665|10018365
37003666|10029137
37003667|10029150
37003668|10027695
37003669|10038443
37003670|10010180
37003671|10038466
37003672|10038472
37003673|10038486
37003674|10038488
37003675|10038529
37003676|10038543
37003677|10046402
37003678|10010661
37003679|10042256
37003680|10046448
37003681|10046453
37003682|10046458
37003683|10004995
37003684|10000196
37003685|10046591
37003686|10038478
37003687|10046579
37019237|10005033
37019238|10061011
37019239|10005038
37019240|10005042
37019241|10005043
37019242|10063408
37019243|10051257
37019244|10049716
37019245|10058320
37019246|10005053
37019247|10049576
37019248|10051258
37019249|10005060
37019250|10048475
37019251|10005082
37019252|10005083
37019253|10049027
37019254|10011803
37019255|10041997
37019256|10051693
37019257|10046528
37019258|10047363
37019259|10064850
37019260|10048837
37019261|10011793
37019262|10011796
37019263|10063057
37019264|10011801
37019265|10044668
37019266|10065427
37019267|10047370
37019268|10056948
37019269|10010814
37019270|10012550
37019271|10055026
37019272|10065368
37019273|10046566
37019274|10061574
37019275|10046694
37019276|10046696
37019277|10050058
37019278|10048670
37019279|10064921
37019280|10065581
37019281|10067757
37019282|10018366
37019283|10018367
37019284|10018370
37019285|10018372
37019286|10018374
37019287|10018376
37019288|10018378
37019289|10067871
37019290|10066453
37019291|10065673
37019292|10029164
37019293|10029117
37019294|10029132
37019295|10048302
37019296|10054832
37019297|10051920
37019298|10061989
37019299|10029151
37019300|10029159
37019301|10038457
37019302|10038536
37019303|10038537
37019304|10057399
37019305|10023421
37019306|10065792
37019307|10053550
37019308|10038428
37019309|10038460
37019310|10062104
37019311|10051985
37019312|10063530
37019313|10053625
37019314|10001017
37019315|10002847
37019316|10030302
37019317|10059345
37019318|10038435
37019319|10038436
37019320|10038444
37019321|10062237
37019322|10003885
37019323|10056609
37019324|10060875
37019325|10067863
37019326|10055171
37019327|10026674
37019328|10038464
37019329|10038562
37019330|10020524
37019331|10034232
37019332|10048469
37019333|10023423
37019334|10023435
37019335|10051467
37019336|10029158
37019337|10061927
37019338|10038381
37019339|10062854
37019340|10038468
37019341|10018362
37019342|10052242
37019343|10038366
37019344|10038372
37019345|10038373
37019346|10065561
37019347|10049942
37019348|10049739
37019349|10038377
37019350|10048988
37019351|10038378
37019352|10038380
37019353|10038422
37019354|10063544
37019355|10038470
37019356|10063897
37019357|10038481
37019358|10038540
37019359|10038547
37019360|10056293
37019361|10038548
37019362|10038553
37019363|10020533
37019364|10062220
37019365|10066436
37019366|10050266
37019367|10051958
37019368|10046399
37019369|10046404
37019370|10065743
37019371|10046406
37019372|10046411
37019373|10056433
37019374|10052763
37019375|10046451
37019376|10058463
37019377|10046459
37019378|10046464
37019379|10065584
37019380|10064696
37019381|10068313
37019382|10046437
37019383|10046442
37019384|10046443
37019385|10046445
37019386|10049710
37019387|10067784
37019388|10049448
37019389|10062903
37019390|10005034
37019391|10049731
37019392|10005052
37019393|10005063
37019394|10048994
37019395|10062656
37019396|10013990
37019397|10027561
37019398|10059042
37019399|10027566
37019400|10053236
37019401|10036018
37019402|10060695
37019403|10042170
37019404|10066218
37019405|10052901
37019406|10046461
37019407|10046477
37019408|10046494
37019409|10046542
37019410|10046555
37019411|10046640
37019412|10001580
37019413|10051640
37019414|10004710
37019415|10008684
37019416|10008796
37019417|10009168
37019418|10011479
37019419|10011509
37019420|10011730
37019421|10059410
37019422|10018352
37019423|10018473
37019424|10051921
37019425|10018867
37019426|10018906
37019427|10053122
37019428|10020703
37019429|10020770
37019430|10051364
37019431|10021096
37019432|10023077
37019433|10023388
37019434|10050791
37019435|10024602
37019436|10051468
37019437|10031129
37019438|10064170
37019439|10035642
37019440|10037032
37019441|10037686
37019442|10063684
37019443|10046607
37019444|10057135
37019445|10046689
37019446|10050687
37019447|10015869
37019448|10055847
37019449|10029446
37019450|10036142
37019451|10036976
37019452|10038419
37019453|10038490
37019454|10062225
37019455|10029146
37019456|10029148
37019457|10041900
37019458|10006987
37019459|10007019
37019460|10007025
37019461|10007026
37019462|10007027
37080470|37080470
37080471|10005035
37080472|10031945
37080473|10032081
37080474|10032082
37080475|10032655
37080476|10045774
37080477|37080477
37080478|37080478
37080479|10013565
37080480|37080480
37080481|37080481
37080482|37080482
37080483|10068006
37080484|37080484
37080485|37080485
37080486|37080486
37080487|37080487
37080488|10005087
37080489|10068654
37080490|10069209
37080491|37080491
37080492|37080492
37080493|37080493
37080494|10029971
37080495|10046529
37080496|37080496
37080497|10048679
37080498|10062692
37080499|10005031
37080500|37080500
37080501|10041975
37080502|10041999
37080503|37080503
37080504|37080504
37080505|37080505
37080506|10049006
37080507|37080507
37080508|37080508
37080509|10005044
37080510|10018982
37080511|10019550
37080512|10019590
37080513|37080513
37080514|10055231
37080515|10055673
37080516|10055846
37080517|10057353
37080518|37080518
37080519|10047364
37080520|10051263
37080521|37080521
37080522|10011788
37080523|37080523
37080524|37080524
37080525|10011794
37080526|10019598
37080527|10055853
37080528|10008927
37080529|10008928
37080530|37080530
37080531|10008852
37080532|10011786
37080533|10011787
37080534|10031734
37080535|10062272
37080536|37080536
37080537|10063059
37080538|37080538
37080539|37080539
37080540|10047373
37080541|10047374
37080542|10047375
37080543|37080543
37080544|10046408
37080545|37080545
37080546|10047371
37080547|10047372
37080548|10038239
37080549|10038242
37080550|10049033
37080551|37080551
37080552|37080552
37080553|37080553
37080554|37080554
37080555|37080555
37080556|10013278
37080557|10031442
37080558|10032970
37080559|10042765
37080560|10042766
37080561|37080561
37080562|10046567
37080563|10046568
37080564|10046709
37080565|10049113
37080566|10046548
37080567|10046587
37080568|37080568
37080569|10013279
37080570|10032013
37080571|10032702
37080572|37080572
37080573|10046695
37080574|10046596
37080575|10046597
37080576|37080576
37080577|10046697
37080578|10046698
37080579|10069086
37080580|37080580
37080581|10050078
37080582|10055358
37080583|37080583
37080584|10038532
37080585|37080585
37080586|10018369
37080587|37080587
37080588|10016832
37080589|37080589
37080590|10000788
37080591|10000789
37080592|10000790
37080593|10000792
37080594|10000793
37080595|10000794
37080596|37080596
37080597|10006365
37080598|10008888
37080599|10008889
37080600|10008890
37080601|10008891
37080602|10008892
37080603|10008894
37080604|10008895
37080605|10008896
37080606|10009022
37080607|37080607
37080608|37080608
37080609|10018371
37080610|10027168
37080611|10027388
37080612|10029128
37080613|37080613
37080614|10018373
37080615|10027170
37080616|10029129
37080617|37080617
37080618|10027643
37080619|10058325
37080620|10058326
37080621|10000707
37080622|37080622
37080623|10018377
37080624|10029130
37080625|10000791
37080626|10008893
37080627|10011379
37080628|37080628
37080629|10018379
37080630|10029122
37080631|37080631
37080632|37080632
37080633|10000939
37080634|37080634
37080635|10029161
37080636|10029163
37080637|37080637
37080638|10029165
37080639|10029166
37080640|10029167
37080641|10029168
37080642|10029169
37080643|10029170
37080644|10029171
37080645|10029172
37080646|10042826
37080647|10066701
37080648|10000940
37080649|37080649
37080650|10029118
37080651|10029119
37080652|10029121
37080653|10029124
37080654|10029125
37080655|10029126
37080656|10029127
37080657|10029138
37080658|10029139
37080659|10032295
37080660|10019605
37080661|37080661
37080662|10029133
37080663|10055857
37080664|10000819
37080665|10008929
37080666|10022614
37080667|10022615
37080668|10029134
37080669|10029135
37080670|10029136
37080671|10038476
37080672|37080672
37080673|10062779
37080674|37080674
37080675|37080675
37080676|10048614
37080677|37080677
37080678|37080678
37080679|10029154
37080680|37080680
37080681|10029160
37080682|10038524
37080683|10038525
37080684|10018479
37080685|37080685
37080686|10012160
37080687|37080687
37080688|10013277
37080689|10013477
37080690|10023440
37080691|10023442
37080692|10029156
37080693|10037081
37080694|37080694
37080695|10038538
37080696|10038539
37080697|10050335
37080698|37080698
37080699|10016647
37080700|37080700
37080701|10038475
37080702|10065144
37080703|37080703
37080704|37080704
37080705|10013231
37080706|10013263
37080707|10031971
37080708|10032638
37080709|10032676
37080710|37080710
37080711|10038429
37080712|10045799
37080713|10051051
37080714|10051052
37080715|10019557
37080716|37080716
37080717|10038463
37080718|10038495
37080719|10038496
37080720|10055820
37080721|37080721
37080722|10059847
37080723|10048666
37080724|37080724
37080725|37080725
37080726|10052482
37080727|37080727
37080728|37080728
37080729|37080729
37080730|10003888
37080731|10060359
37080732|37080732
37080733|10003113
37080734|10016160
37080735|10030303
37080736|10046550
37080737|10046641
37080738|10067574
37080739|10002774
37080740|37080740
37080741|10030304
37080742|10046552
37080743|10046665
37080744|37080744
37080745|10016149
37080746|10022467
37080747|10023418
37080748|10036812
37080749|37080749
37080750|10038442
37080751|10038446
37080752|10038448
37080753|10038449
37080754|10038450
37080755|10038474
37080756|10063886
37080757|10000821
37080758|10000952
37080759|10001041
37080760|10001042
37080761|10001043
37080762|10001044
37080763|10001045
37080764|10001046
37080765|10001047
37080766|10001048
37080767|10001049
37080768|10001050
37080769|10001051
37080770|10003088
37080771|10016150
37080772|10023419
37080773|37080773
37080774|10038437
37080775|10038438
37080776|10038439
37080777|10038440
37080778|10038441
37080779|10038526
37080780|10040622
37080781|10050440
37080782|10050996
37080783|10068736
37080784|10069339
37080785|10009119
37080786|10009121
37080787|10014646
37080788|10014647
37080789|10022436
37080790|10022997
37080791|10023420
37080792|37080792
37080793|10038445
37080794|10050441
37080795|10064848
37080796|10065230
37080797|10009122
37080798|10013385
37080799|10013902
37080800|10017473
37080801|10017474
37080802|10021523
37080803|10023417
37080804|10023422
37080805|10032704
37080806|10038451
37080807|10038452
37080808|10038453
37080809|10038455
37080810|10038469
37080811|10045838
37080812|37080812
37080813|37080813
37080814|10003886
37080815|10003887
37080816|10003889
37080817|10020687
37080818|10020688
37080819|10042853
37080820|10046320
37080821|10046321
37080822|10046322
37080823|10046323
37080824|10046330
37080825|10046369
37080826|10046370
37080827|10046374
37080828|10054415
37080829|10054416
37080830|10054684
37080831|10058205
37080832|10058206
37080833|10060424
37080834|37080834
37080835|10056624
37080836|37080836
37080837|10060884
37080838|37080838
37080839|10067864
37080840|10067865
37080841|10067890
37080842|10020806
37080843|10020807
37080844|10020808
37080845|10020809
37080846|10020810
37080847|10020811
37080848|10020812
37080849|10020818
37080850|10020819
37080851|10020820
37080852|10020821
37080853|10020822
37080854|10020828
37080855|10020829
37080856|10020830
37080857|10020831
37080858|10020832
37080859|10020836
37080860|10020837
37080861|10020838
37080862|10029153
37080863|37080863
37080864|10020833
37080865|10020834
37080866|10020835
37080867|37080867
37080868|10026675
37080869|10020789
37080870|10020791
37080871|10020792
37080872|10020793
37080873|10020794
37080874|10020795
37080875|10020796
37080876|10020797
37080877|10020798
37080878|37080878
37080879|10038467
37080880|10049617
37080881|10004450
37080882|37080882
37080883|10046139
37080884|10004564
37080885|37080885
37080886|10059683
37080887|37080887
37080888|10051749
37080889|37080889
37080890|10016783
37080891|37080891
37080892|10027784
37080893|10004581
37080894|37080894
37080895|10041135
37080896|10041136
37080897|10041137
37080898|10045540
37080899|37080899
37080900|37080900
37080901|10051947
37080902|10053590
37080903|37080903
37080904|10066443
37080905|10066805
37080906|10067828
37080907|10003701
37080908|10023396
37080909|10023397
37080910|10023412
37080911|37080911
37080912|10051148
37080913|10062103
37080914|37080914
37080915|10020888
37080916|37080916
37080917|37080917
37080918|37080918
37080919|10002357
37080920|10033900
37080921|37080921
37080922|10038374
37080923|10003214
37080924|37080924
37080925|37080925
37080926|10038518
37080927|10003616
37080928|10038375
37080929|37080929
37080930|37080930
37080931|37080931
37080932|10020729
37080933|37080933
37080934|37080934
37080935|10004579
37080936|37080936
37080937|10038379
37080938|10045539
37080939|37080939
37080940|10023414
37080941|10028864
37080942|10029131
37080943|37080943
37080944|10038376
37080945|37080945
37080946|37080946
37080947|10038471
37080948|37080948
37080949|10063904
37080950|37080950
37080951|10038483
37080952|10001099
37080953|10023441
37080954|10023443
37080955|10024963
37080956|10028866
37080957|10028880
37080958|10029162
37080959|37080959
37080960|10038541
37080961|10045144
37080962|10014508
37080963|37080963
37080964|10056966
37080965|37080965
37080966|37080966
37080967|10038544
37080968|37080968
37080969|10047069
37080970|37080970
37080971|10049751
37080972|37080972
37080973|37080973
37080974|37080974
37080975|37080975
37080976|10013009
37080977|37080977
37080978|10046385
37080979|37080979
37080980|37080980
37080981|10065760
37080982|10029970
37080983|10030007
37080984|10033017
37080985|10046381
37080986|37080986
37080987|10023451
37080988|10041998
37080989|10042238
37080990|10042240
37080991|37080991
37080992|10048789
37080993|37080993
37080994|37080994
37080995|37080995
37080996|10027025
37080997|10035063
37080998|37080998
37080999|37080999
37081000|10051750
37081001|37081001
37081002|10032538
37081003|10046466
37081004|10046467
37081005|10046469
37081006|10046474
37081007|37081007
37081008|37081008
37081009|10027307
37081010|10046425
37081011|37081011
37081012|10007714
37081013|37081013
37081014|37081014
37081015|37081015
37081016|10046444
37081017|10032700
37081018|10032701
37081019|10045836
37081020|37081020
37081021|10046446
37081022|10046449
37081023|10046450
37081024|10046452
37081025|10046455
37081026|37081026
37081027|10055357
37081028|10058424
37081029|10058425
37081030|10036855
37081031|37081031
37081032|37081032
37081033|37081033
37081034|10066450
37081035|37081035
37081036|37081036
37081037|10062566
37081038|10005051
37081039|37081039
37081040|10023001
37081041|10005032
37081042|37081042
37081043|10011754
37081044|10033383
37081045|10047366
37081046|37081046
37081047|10058943
37081048|37081048
37081049|10006779
37081050|10012793
37081051|10012806
37081052|37081052
37081053|10027560
37081054|10027564
37081055|10027565
37081056|10033521
37081057|10039516
37081058|10041668
37081059|10046429
37081060|10046557
37081061|10046599
37081062|10046601
37081063|10046603
37081064|10047685
37081065|10048401
37081066|10068963
37081067|37081067
37081068|10032489
37081069|10046598
37081070|10048403
37081071|10058083
37081072|10027557
37081073|37081073
37081074|10027559
37081075|37081075
37081076|10046496
37081077|10046497
37081078|10046593
37081079|10046604
37081080|37081080
37081081|10017364
37081082|10017366
37081083|10021692
37081084|10027558
37081085|10027562
37081086|37081086
37081087|10046539
37081088|10046594
37081089|10046600
37081090|10048404
37081091|10016355
37081092|10021635
37081093|10021638
37081094|37081094
37081095|37081095
37081096|10011227
37081097|10024041
37081098|10042213
37081099|10042214
37081100|10042215
37081101|37081101
37081102|10036324
37081103|37081103
37081104|10057245
37081105|10033498
37081106|37081106
37081107|10048405
37081108|10001105
37081109|37081109
37081110|10046478
37081111|10046491
37081112|37081112
37081113|10046495
37081114|10020009
37081115|10020010
37081116|10020011
37081117|10046541
37081118|37081118
37081119|10001054
37081120|10001055
37081121|10005045
37081122|10005071
37081123|10009127
37081124|10032882
37081125|10038781
37081126|10038783
37081127|10038784
37081128|10038786
37081129|37081129
37081130|10036161
37081131|10041050
37081132|37081132
37081133|37081133
37081134|37081134
37081135|37081135
37081136|10004711
37081137|37081137
37081138|10046617
37081139|37081139
37081140|10013080
37081141|10038197
37081142|10046618
37081143|10046619
37081144|10046628
37081145|10046629
37081146|10055543
37081147|10055544
37081148|10056126
37081149|10058129
37081150|37081150
37081151|37081151
37081152|37081152
37081153|10011513
37081154|10011514
37081155|10042483
37081156|10046333
37081157|10052490
37081158|37081158
37081159|10011731
37081160|10059395
37081161|37081161
37081162|37081162
37081163|10018353
37081164|37081164
37081165|10048371
37081166|10068405
37081167|37081167
37081168|10051980
37081169|10017332
37081170|37081170
37081171|10018869
37081172|10019450
37081173|10027552
37081174|10048402
37081175|10050784
37081176|10059802
37081177|10059823
37081178|10059824
37081179|10060539
37081180|10060604
37081181|10060605
37081182|10066620
37081183|10066621
37081184|10018898
37081185|37081185
37081186|10018908
37081187|10019489
37081188|10019490
37081189|37081189
37081190|37081190
37081191|10052496
37081192|37081192
37081193|10046508
37081194|37081194
37081195|37081195
37081196|10038420
37081197|10038421
37081198|37081198
37081199|10000419
37081200|37081200
37081201|37081201
37081202|10051230
37081203|37081203
37081204|37081204
37081205|10031124
37081206|37081206
37081207|10036435
37081208|37081208
37081209|37081209
37081210|37081210
37081211|10037034
37081212|10048433
37081213|10048484
37081214|37081214
37081215|10042010
37081216|10046621
37081217|10046666
37081218|37081218
37081219|10063892
37081220|10009686
37081221|10029714
37081222|10032325
37081223|37081223
37081224|10046639
37081225|10046642
37081226|10050805
37081227|10051432
37081228|10059817
37081229|10046331
37081230|10046648
37081231|10055429
37081232|37081232
37081233|37081233
37081234|10046690
37081235|10046691
37081236|37081236
37081237|37081237
37081238|10005142
37081239|10019591
37081240|10046564
37081241|37081241
37081242|10058362
37081243|37081243
37081244|10029447
37081245|10029454
37081246|10054791
37081247|10064016
37081248|10013523
37081249|10013524
37081250|10017365
37081251|37081251
37081252|10052543
37081253|37081253
37081254|10036977
37081255|10009885
37081256|10033497
37081257|37081257
37081258|10046387
37081259|10046398
37081260|10023432
37081261|10033457
37081262|37081262
37081263|10056691
37081264|10051508
37081265|37081265
37081266|10006939
37081267|37081267
37081268|10006994
37081269|10007013
37081270|10007014
37081271|10007020
37081272|10007021
37081273|10011507
37081274|10023399
37081275|10023415
37081276|10023436
37081277|10023437
37081278|37081278
37081279|10038385
37081280|10038386
37081281|10038387
37081282|10038527
37081283|10046503
37081284|10052415
37081285|10054440
37081286|10056194
37081287|10058138
37081288|10066652
37081289|10004582
37081290|37081290
37081291|10005001
37081292|37081292
37081293|10006991
37081294|10007029
37081295|10031703
37081296|10042141
37081297|10007017
37081298|37081298
37081299|10036945
37081300|10007018
37081301|10007024
37081302|37081302
37081303|10046383
37081304|10046388
37081305|10046390
37081306|10006993
37081307|37081307
37081308|10046430
37081309|10007015
37081310|10007016
37081311|37081311
37081312|10007028
37081313|10032215
37081314|10046531
37081315|10046532
37081316|10046589
37081317|10046706
37081318|10046707
37081319|10059405
37081320|10063418
37081321|10068941
37100000|10038604
37102294|10006232
37102295|10013364
37102296|10010612
37102297|10016417
37102298|10018515
37102299|10025518
37102300|10027309
37102301|10013326
37102302|10033283
37102303|10013355
37102304|10036958
37102305|10038612
37102306|10013356
37102307|10013362
37102308|10046828
37102309|10047789
37103688|10006289
37103689|10040675
37103690|10021883
37103691|10052767
37103692|10013316
37103693|10008352
37103694|10029109
37103695|10006296
37103696|10010446
37103697|10010447
37103698|10008275
37103699|10021884
37103700|10034239
37103701|10021885
37103702|10021886
37103703|10000191
37103704|10000193
37103705|10021854
37103706|10021855
37103707|10021856
37103708|10027299
37103709|10027300
37103710|10027335
37103711|10027341
37103712|10027342
37103713|10033121
37103714|10013342
37103715|10034304
37103716|10034308
37103717|10039745
37103718|10039754
37103719|10036966
37103720|10036959
37103721|10013310
37103722|10027696
37103723|10038613
37103724|10027697
37103725|10040674
37103726|10013305
37103727|10013357
37103728|10013358
37103729|10043296
37103730|10029108
37103731|10062916
37103732|10013344
37103733|10013376
37103734|10046805
37103735|10013374
37103736|10013375
37103737|10047785
37103738|10047790
37103739|10047792
37119463|10006256
37119464|10068386
37119465|10068732
37119466|10004557
37119467|10006179
37119468|10048782
37119469|10061021
37119470|10006229
37119471|10006230
37119472|10006237
37119473|10006242
37119474|10006253
37119475|10049070
37119476|10006272
37119477|10006277
37119478|10026730
37119479|10051131
37119480|10052757
37119481|10029417
37119482|10006262
37119483|10066170
37119484|10051504
37119485|10006223
37119486|10006228
37119487|10049872
37119488|10064753
37119489|10006254
37119490|10006258
37119491|10006294
37119492|10006298
37119493|10006312
37119494|10006313
37119495|10029418
37119496|10059012
37119497|10029421
37119498|10058680
37119499|10050019
37119500|10008260
37119501|10008263
37119502|10050021
37119503|10008282
37119504|10008351
37119505|10057209
37119506|10063803
37119507|10050020
37119508|10050022
37119509|10063817
37119510|10014181
37119511|10067726
37119512|10008264
37119513|10064484
37119514|10056738
37119515|10058704
37119516|10062663
37119517|10064036
37119518|10067732
37119519|10051960
37119520|10008325
37119521|10068402
37119522|10046793
37119523|10004142
37119524|10046916
37119525|10004073
37119526|10004078
37119527|10050739
37119528|10036379
37119529|10036978
37119530|10051483
37119531|10039954
37119532|10015000
37119533|10058461
37119534|10051220
37119535|10003439
37119536|10058825
37119537|10027304
37119538|10027310
37119539|10003693
37119540|10055870
37119541|10064645
37119542|10013935
37119543|10056344
37119544|10027327
37119545|10027514
37119546|10065951
37119547|10027295
37119548|10027313
37119549|10064050
37119550|10036086
37119551|10049782
37119552|10052094
37119553|10065789
37119554|10065791
37119555|10050468
37119556|10067156
37119557|10033139
37119558|10033157
37119559|10051657
37119560|10033263
37119561|10065741
37119562|10058823
37119563|10033270
37119564|10033277
37119565|10033279
37119566|10033280
37119567|10033314
37119568|10042573
37119569|10046988
37119570|10046990
37119571|10068625
37119572|10008746
37119573|10024394
37119574|10059636
37119575|10068035
37119576|10052898
37119577|10050660
37119578|10066448
37119579|10064485
37119580|10034305
37119581|10064598
37119582|10066774
37119583|10034310
37119584|10034311
37119585|10034319
37119586|10034322
37119587|10034323
37119588|10034324
37119589|10034336
37119590|10034765
37119591|10036624
37119592|10067270
37119593|10000555
37119594|10051642
37119595|10062155
37119596|10054950
37119597|10061517
37119598|10039753
37119599|10049147
37119600|10039755
37119601|10039757
37119602|10039759
37119603|10039760
37119604|10039762
37119605|10041490
37119606|10046986
37119607|10004446
37119608|10057263
37119609|10057409
37119610|10036941
37119611|10066880
37119612|10036956
37119613|10036960
37119614|10059799
37119615|10036964
37119616|10064022
37119617|10036968
37119618|10065804
37119619|10051482
37119620|10061176
37119621|10061177
37119622|10063802
37119623|10061178
37119624|10061978
37119625|10018158
37119626|10018180
37119627|10056556
37119628|10061483
37119629|10052479
37119630|10052478
37119631|10047025
37119632|10058821
37119633|10024434
37119634|10067819
37119635|10054815
37119636|10056740
37119637|10066887
37119638|10054816
37119639|10061979
37119640|10018175
37119641|10067639
37119642|10052096
37119643|10030104
37119644|10061339
37119645|10037093
37119646|10014325
37119647|10014326
37119648|10014328
37119649|10059013
37119650|10056303
37119651|10036661
37119652|10038967
37119653|10049118
37119654|10021926
37119655|10021928
37119656|10021929
37119657|10003495
37119658|10067162
37119659|10003883
37119660|10018866
37119661|10064919
37119662|10052364
37119663|10041493
37119664|10041497
37119665|10050208
37119666|10052321
37119667|10055045
37119668|10052322
37119669|10052323
37119670|10055002
37119671|10067802
37119672|10056348
37119673|10065742
37119674|10049792
37119675|10065805
37119676|10051221
37119677|10065806
37119678|10065807
37119679|10050476
37119680|10043306
37119681|10051877
37119682|10066101
37119683|10043337
37119684|10058901
37119685|10067829
37119686|10049572
37119687|10066769
37119688|10043345
37119689|10065808
37119690|10043348
37119691|10043354
37119692|10043356
37119693|10052531
37119694|10018168
37119695|10034268
37119696|10046814
37119697|10046830
37119698|10046940
37119699|10050203
37119700|10058897
37119701|10058841
37119702|10006375
37119703|10034240
37119704|10054974
37119705|10063678
37119706|10056268
37119707|10051909
37119708|10014753
37119709|10049678
37119710|10014755
37119711|10014756
37119712|10014757
37119713|10064255
37119714|10014778
37119715|10046764
37119716|10046779
37119717|10046782
37119718|10067269
37119719|10065811
37119720|10063875
37119721|10046788
37119722|10046797
37119723|10062662
37119724|10046809
37119725|10065812
37119726|10046826
37119727|10046827
37119728|10014797
37119729|10062855
37119730|10020495
37119731|10065928
37119732|10046763
37119733|10046823
37119734|10047735
37119735|10064162
37119736|10021529
37119737|10039166
37119738|10068484
37119739|10061402
37119740|10046905
37119741|10062558
37119742|10064483
37119743|10065813
37119744|10046909
37119745|10046910
37119746|10046921
37119747|10048904
37119748|10065817
37119749|10053496
37119750|10046943
37119751|10046944
37119752|10066002
37119753|10047028
37119754|10047754
37119755|10047756
37119756|10063816
37119757|10047760
37119758|10047768
37119759|10054932
37119760|10062559
37119761|10064008
37119762|10067505
37119763|10047787
37119764|10050181
37119765|10009306
37119766|10065019
37119767|10055161
37119768|10023527
37119769|10046901
37119770|10052045
37119771|10060715
37119772|10064227
37119773|10048937
37119774|10046935
37119775|10063818
37119776|10051873
37119777|10055049
37119778|10056504
37119779|10047763
37119780|10067641
37119781|10047786
37119782|10047791
37119783|10069055
37119784|10056530
37181322|10004568
37181323|37181323
37181324|10020722
37181325|10026732
37181326|10068592
37181327|10068781
37181328|10068782
37181329|37181329
37181330|37181330
37181331|37181331
37181332|10006184
37181333|10003699
37181334|10003705
37181335|37181335
37181336|10006309
37181337|10026877
37181338|37181338
37181339|10049791
37181340|10068253
37181341|10006231
37181342|10031947
37181343|10032473
37181344|10032656
37181345|10040673
37181346|10045645
37181347|10058702
37181348|37181348
37181349|37181349
37181350|10031324
37181351|10031325
37181352|10031326
37181353|10031327
37181354|10031328
37181355|10031558
37181356|37181356
37181357|10004285
37181358|10004286
37181359|10004287
37181360|37181360
37181361|10006238
37181362|10026731
37181363|10032532
37181364|37181364
37181365|10006243
37181366|10006310
37181367|10014843
37181368|10020881
37181369|10020885
37181370|10026733
37181371|10058687
37181372|10064841
37181373|37181373
37181374|10016639
37181375|10016644
37181376|37181376
37181377|10049089
37181378|10006264
37181379|10006268
37181380|37181380
37181381|10006293
37181382|10025024
37181383|10025026
37181384|10026866
37181385|10048755
37181386|10062953
37181387|37181387
37181388|10006278
37181389|10016249
37181390|37181390
37181391|37181391
37181392|10051206
37181393|37181393
37181394|10011276
37181395|10011277
37181396|10011278
37181397|10011279
37181398|10011280
37181399|10011281
37181400|10011282
37181401|10016714
37181402|37181402
37181403|10065823
37181404|37181404
37181405|10021983
37181406|37181406
37181407|37181407
37181408|10064043
37181409|37181409
37181410|10006224
37181411|10006227
37181412|10006307
37181413|10006308
37181414|10013064
37181415|10013065
37181416|10013070
37181417|10015895
37181418|10015897
37181419|10015898
37181420|10029416
37181421|37181421
37181422|10055512
37181423|10006255
37181424|37181424
37181425|10058688
37181426|37181426
37181427|10064765
37181428|10005106
37181429|10006183
37181430|37181430
37181431|10019530
37181432|10055234
37181433|10055801
37181434|37181434
37181435|37181435
37181436|10054340
37181437|10000426
37181438|37181438
37181439|10006299
37181440|10006300
37181441|10026876
37181442|10026892
37181443|10033385
37181444|10033504
37181445|10041354
37181446|10041370
37181447|10051465
37181448|37181448
37181449|37181449
37181450|10043226
37181451|10015896
37181452|37181452
37181453|37181453
37181454|10059021
37181455|37181455
37181456|10041363
37181457|10051486
37181458|10051487
37181459|10054873
37181460|10054902
37181461|10063879
37181462|37181462
37181463|37181463
37181464|37181464
37181465|10008266
37181466|10013068
37181467|10008262
37181468|37181468
37181469|10008306
37181470|10008307
37181471|10013957
37181472|10023483
37181473|10049700
37181474|10049701
37181475|10049702
37181476|10049703
37181477|10056576
37181478|10062945
37181479|10064449
37181480|10064450
37181481|10064451
37181482|10064452
37181483|10064453
37181484|10064454
37181485|10064455
37181486|10065693
37181487|10065694
37181488|10065695
37181489|10066237
37181490|10066238
37181491|10066300
37181492|10066428
37181493|10066605
37181494|10067177
37181495|10067179
37181496|10017326
37181497|37181497
37181498|10064271
37181499|37181499
37181500|10024391
37181501|10008261
37181502|10008281
37181503|37181503
37181504|10008353
37181505|10008368
37181506|10013204
37181507|10013281
37181508|10020873
37181509|10029641
37181510|10031852
37181511|10031853
37181512|10031854
37181513|10031855
37181514|10031856
37181515|10031857
37181516|10032833
37181517|10046050
37181518|10046780
37181519|10048920
37181520|10056755
37181521|10020901
37181522|10046772
37181523|37181523
37181524|37181524
37181525|37181525
37181526|10055363
37181527|37181527
37181528|10050234
37181529|10055238
37181530|10063805
37181531|10063806
37181532|10063812
37181533|37181533
37181534|10063821
37181535|37181535
37181536|10062555
37181537|37181537
37181538|37181538
37181539|10015126
37181540|10015128
37181541|10015131
37181542|10062562
37181543|10063809
37181544|10050024
37181545|37181545
37181546|10064490
37181547|10008276
37181548|10023571
37181549|10030269
37181550|37181550
37181551|10053454
37181552|37181552
37181553|37181553
37181554|10062718
37181555|37181555
37181556|10008318
37181557|10008361
37181558|10042228
37181559|37181559
37181560|37181560
37181561|37181561
37181562|37181562
37181563|10000817
37181564|10008925
37181565|10021989
37181566|10021990
37181567|10045963
37181568|10045964
37181569|37181569
37181570|10046794
37181571|10056804
37181572|10066270
37181573|37181573
37181574|37181574
37181575|10064282
37181576|37181576
37181577|10004076
37181578|10032154
37181579|10034338
37181580|37181580
37181581|10048703
37181582|37181582
37181583|37181583
37181584|10036380
37181585|10001021
37181586|10009109
37181587|10021988
37181588|10032781
37181589|37181589
37181590|10036980
37181591|10036982
37181592|10036983
37181593|10057092
37181594|37181594
37181595|37181595
37181596|37181596
37181597|10015003
37181598|37181598
37181599|10062590
37181600|37181600
37181601|10066840
37181602|37181602
37181603|10041958
37181604|10042616
37181605|10027297
37181606|10032811
37181607|10046008
37181608|37181608
37181609|10009297
37181610|10020411
37181611|10020417
37181612|10027301
37181613|37181613
37181614|10027305
37181615|10027306
37181616|10027311
37181617|10042824
37181618|10049606
37181619|10050903
37181620|10050907
37181621|10051836
37181622|10054127
37181623|10054235
37181624|10062288
37181625|37181625
37181626|10003690
37181627|10003691
37181628|10003692
37181629|37181629
37181630|10003713
37181631|10036398
37181632|10039990
37181633|10046954
37181634|10046955
37181635|10047736
37181636|10047782
37181637|10047795
37181638|10047796
37181639|10019579
37181640|10036268
37181641|10036399
37181642|10036400
37181643|10055838
37181644|37181644
37181645|10063131
37181646|37181646
37181647|10011299
37181648|10013934
37181649|37181649
37181650|10027321
37181651|10027323
37181652|10027324
37181653|10033463
37181654|10033514
37181655|10034532
37181656|10036689
37181657|10039830
37181658|10062851
37181659|10062852
37181660|37181660
37181661|10013236
37181662|10013327
37181663|10027325
37181664|37181664
37181665|10027328
37181666|10027329
37181667|10027331
37181668|10027334
37181669|10031986
37181670|10037281
37181671|10045842
37181672|10066818
37181673|10066819
37181674|10005105
37181675|10005120
37181676|10006167
37181677|10006168
37181678|10006169
37181679|10022559
37181680|10027513
37181681|37181681
37181682|10027574
37181683|10033309
37181684|10041744
37181685|10041745
37181686|10055307
37181687|37181687
37181688|37181688
37181689|10027318
37181690|10005123
37181691|10015606
37181692|10015607
37181693|10019360
37181694|10020672
37181695|10020673
37181696|10027302
37181697|37181697
37181698|10027322
37181699|10027330
37181700|10027332
37181701|10027338
37181702|10027340
37181703|10036501
37181704|10036617
37181705|10036867
37181706|10036874
37181707|10036875
37181708|10037279
37181709|10067344
37181710|37181710
37181711|10069100
37181712|10015059
37181713|10017363
37181714|10017370
37181715|10027326
37181716|10027337
37181717|10036085
37181718|37181718
37181719|10040597
37181720|10040603
37181721|10062840
37181722|37181722
37181723|37181723
37181724|37181724
37181725|37181725
37181726|37181726
37181727|10060602
37181728|37181728
37181729|10013249
37181730|10013904
37181731|10018508
37181732|10032368
37181733|37181733
37181734|10033140
37181735|10033141
37181736|10033142
37181737|10033143
37181738|10046088
37181739|10014849
37181740|37181740
37181741|10033285
37181742|37181742
37181743|37181743
37181744|10055376
37181745|37181745
37181746|10065763
37181747|37181747
37181748|10028875
37181749|37181749
37181750|10064275
37181751|37181751
37181752|10036840
37181753|37181753
37181754|37181754
37181755|10044069
37181756|10044070
37181757|10069059
37181758|10027567
37181759|10027737
37181760|37181760
37181761|10048588
37181762|10048603
37181763|37181763
37181764|37181764
37181765|10045141
37181766|10046829
37181767|37181767
37181768|37181768
37181769|37181769
37181770|37181770
37181771|37181771
37181772|37181772
37181773|37181773
37181774|37181774
37181775|37181775
37181776|10041037
37181777|37181777
37181778|37181778
37181779|10055314
37181780|37181780
37181781|10014242
37181782|10055934
37181783|37181783
37181784|10066853
37181785|37181785
37181786|37181786
37181787|37181787
37181788|10034321
37181789|37181789
37181790|10045347
37181791|10064061
37181792|37181792
37181793|10047071
37181794|37181794
37181795|10043606
37181796|10013252
37181797|10013345
37181798|10032642
37181799|10032687
37181800|10034303
37181801|37181801
37181802|10034337
37181803|10045820
37181804|10063140
37181805|10067420
37181806|37181806
37181807|10034766
37181808|10053605
37181809|10053606
37181810|10053607
37181811|10053608
37181812|37181812
37181813|10038231
37181814|37181814
37181815|37181815
37181816|10020489
37181817|37181817
37181818|10050177
37181819|37181819
37181820|10065295
37181821|37181821
37181822|10061361
37181823|10061362
37181824|37181824
37181825|10061518
37181826|37181826
37181827|37181827
37181828|10014256
37181829|10030128
37181830|10030129
37181831|10039746
37181832|37181832
37181833|10054502
37181834|37181834
37181835|37181835
37181836|10039764
37181837|37181837
37181838|10039763
37181839|10039765
37181840|10039761
37181841|37181841
37181842|37181842
37181843|10033566
37181844|37181844
37181845|10046992
37181846|37181846
37181847|10004447
37181848|10014840
37181849|10020728
37181850|10020730
37181851|10036961
37181852|10036962
37181853|10036963
37181854|10065030
37181855|37181855
37181856|37181856
37181857|10003709
37181858|37181858
37181859|37181859
37181860|10031997
37181861|10032689
37181862|37181862
37181863|10036957
37181864|10045823
37181865|10010678
37181866|10010679
37181867|37181867
37181868|10055325
37181869|37181869
37181870|10035050
37181871|37181871
37181872|10059859
37181873|10059860
37181874|37181874
37181875|10033485
37181876|37181876
37181877|10051490
37181878|37181878
37181879|10049240
37181880|37181880
37181881|10018144
37181882|10029642
37181883|10031963
37181884|10031964
37181885|10032313
37181886|10032664
37181887|10032728
37181888|10032899
37181889|10045787
37181890|10046051
37181891|10046179
37181892|37181892
37181893|10013320
37181894|10013321
37181895|10018145
37181896|10025508
37181897|10031984
37181898|10032153
37181899|10032639
37181900|10032679
37181901|10042237
37181902|10045810
37181903|10047070
37181904|37181904
37181905|10062560
37181906|37181906
37181907|10063804
37181908|10005117
37181909|10018149
37181910|10055260
37181911|37181911
37181912|10063808
37181913|10063814
37181914|10053179
37181915|37181915
37181916|37181916
37181917|10024387
37181918|37181918
37181919|10018181
37181920|37181920
37181921|10000201
37181922|10018507
37181923|10031498
37181924|10031499
37181925|10031500
37181926|10031501
37181927|10031502
37181928|10031515
37181929|10038610
37181930|37181930
37181931|37181931
37181932|37181932
37181933|10059811
37181934|10034271
37181935|37181935
37181936|10021984
37181937|10021987
37181938|10032780
37181939|10045961
37181940|37181940
37181941|10066891
37181942|10004077
37181943|10024433
37181944|37181944
37181945|10047761
37181946|10052586
37181947|10067966
37181948|10068590
37181949|10068591
37181950|37181950
37181951|10067820
37181952|37181952
37181953|10054897
37181954|10016810
37181955|10016811
37181956|10024400
37181957|10024401
37181958|10024402
37181959|10024403
37181960|37181960
37181961|10057093
37181962|37181962
37181963|10066890
37181964|37181964
37181965|10016392
37181966|10018165
37181967|10018166
37181968|10018167
37181969|10018184
37181970|10025505
37181971|10033378
37181972|10033505
37181973|10033507
37181974|10048587
37181975|37181975
37181976|10018147
37181977|10018148
37181978|37181978
37181979|37181979
37181980|37181980
37181981|10052112
37181982|10068222
37181983|10014224
37181984|10014227
37181985|10014240
37181986|10018146
37181987|10018162
37181988|10018163
37181989|10018164
37181990|37181990
37181991|10054392
37181992|10054393
37181993|10055925
37181994|10055932
37181995|10034525
37181996|10034526
37181997|10034527
37181998|10058058
37181999|37181999
37182000|10018154
37182001|10018155
37182002|10018156
37182003|10018157
37182004|10018172
37182005|10018173
37182006|10018174
37182007|37182007
37182008|10037094
37182009|10037095
37182010|10037098
37182011|10037099
37182012|37182012
37182013|10000128
37182014|10014323
37182015|37182015
37182016|10014327
37182017|10014324
37182018|37182018
37182019|10014329
37182020|37182020
37182021|37182021
37182022|37182022
37182023|10048420
37182024|37182024
37182025|10015122
37182026|37182026
37182027|10052529
37182028|37182028
37182029|10021930
37182030|10042012
37182031|10042391
37182032|10049232
37182033|10016398
37182034|10016399
37182035|10016400
37182036|10016401
37182037|10016402
37182038|10016403
37182039|10016422
37182040|10016463
37182041|10016465
37182042|37182042
37182043|10021935
37182044|10021936
37182045|10021937
37182046|10021938
37182047|10021939
37182048|10021940
37182049|10021941
37182050|10039843
37182051|10042013
37182052|10042392
37182053|10016464
37182054|10016470
37182055|10021927
37182056|37182056
37182057|10025511
37182058|10065945
37182059|37182059
37182060|37182060
37182061|10067166
37182062|37182062
37182063|10003884
37182064|10030300
37182065|10030301
37182066|10041494
37182067|10041495
37182068|10041496
37182069|37182069
37182070|10019025
37182071|10060603
37182072|10060643
37182073|10066096
37182074|37182074
37182075|37182075
37182076|10055536
37182077|10041486
37182078|37182078
37182079|10039949
37182080|37182080
37182081|10058833
37182082|37182082
37182083|37182083
37182084|37182084
37182085|37182085
37182086|37182086
37182087|37182087
37182088|10055074
37182089|10051219
37182090|37182090
37182091|37182091
37182092|37182092
37182093|10065750
37182094|10065762
37182095|10065896
37182096|37182096
37182097|37182097
37182098|10065819
37182099|37182099
37182100|37182100
37182101|10065820
37182102|37182102
37182103|10065821
37182104|10044068
37182105|37182105
37182106|10013273
37182107|10013906
37182108|10032987
37182109|37182109
37182110|10043307
37182111|10043308
37182112|10043361
37182113|10046180
37182114|10068041
37182115|37182115
37182116|10055347
37182117|37182117
37182118|10021764
37182119|37182119
37182120|37182120
37182121|37182121
37182122|37182122
37182123|37182123
37182124|10066776
37182125|10000427
37182126|10033449
37182127|37182127
37182128|37182128
37182129|10038951
37182130|37182130
37182131|10004583
37182132|10042676
37182133|10042677
37182134|37182134
37182135|10045541
37182136|37182136
37182137|10043363
37182138|10044071
37182139|10044073
37182140|37182140
37182141|37182141
37182142|10018169
37182143|10018170
37182144|10018171
37182145|10032742
37182146|10045885
37182147|37182147
37182148|37182148
37182149|10046816
37182150|10036771
37182151|37182151
37182152|10046831
37182153|10046832
37182154|10046833
37182155|10000019
37182156|10000023
37182157|10000027
37182158|10036838
37182159|10036839
37182160|10036842
37182161|37182161
37182162|37182162
37182163|10051776
37182164|37182164
37182165|10033275
37182166|10033477
37182167|37182167
37182168|10058843
37182169|37182169
37182170|10018855
37182171|10019436
37182172|10055361
37182173|37182173
37182174|10034241
37182175|10064352
37182176|37182176
37182177|10054987
37182178|37182178
37182179|10063680
37182180|10014787
37182181|37182181
37182182|10057288
37182183|10058953
37182184|10062593
37182185|37182185
37182186|10013219
37182187|37182187
37182188|10014754
37182189|10014798
37182190|10048510
37182191|37182191
37182192|10001238
37182193|10003750
37182194|10011770
37182195|10014752
37182196|37182196
37182197|10014799
37182198|10020723
37182199|10057351
37182200|10063353
37182201|37182201
37182202|10048478
37182203|10056432
37182204|37182204
37182205|37182205
37182206|37182206
37182207|10014780
37182208|10014781
37182209|10014782
37182210|10014783
37182211|10014784
37182212|10014785
37182213|10014786
37182214|10014788
37182215|10014789
37182216|10014790
37182217|10051805
37182218|10064278
37182219|10027512
37182220|37182220
37182221|10013280
37182222|10013377
37182223|10032703
37182224|10045837
37182225|37182225
37182226|10046781
37182227|10048531
37182228|10006551
37182229|10014852
37182230|10020897
37182231|10028635
37182232|37182232
37182233|10046791
37182234|10046838
37182235|37182235
37182236|37182236
37182237|37182237
37182238|10063884
37182239|10003627
37182240|10014732
37182241|10018859
37182242|10019443
37182243|10019592
37182244|10046765
37182245|37182245
37182246|10046789
37182247|10055762
37182248|10055848
37182249|10021132
37182250|37182250
37182251|10054687
37182252|37182252
37182253|37182253
37182254|37182254
37182255|10022821
37182256|37182256
37182257|37182257
37182258|37182258
37182259|10018834
37182260|10018835
37182261|10019421
37182262|10060543
37182263|37182263
37182264|37182264
37182265|10020500
37182266|37182266
37182267|10003630
37182268|10003636
37182269|37182269
37182270|10046818
37182271|10046834
37182272|10046844
37182273|10041404
37182274|10041405
37182275|10046774
37182276|10046775
37182277|10046802
37182278|37182278
37182279|10052109
37182280|37182280
37182281|37182281
37182282|10068867
37182283|37182283
37182284|10020544
37182285|37182285
37182286|10039167
37182287|10043856
37182288|10043857
37182289|37182289
37182290|10010568
37182291|10010569
37182292|10010570
37182293|10010571
37182294|10010572
37182295|10010573
37182296|10029643
37182297|10032834
37182298|10046052
37182299|10046903
37182300|37182300
37182301|10013958
37182302|37182302
37182303|10046917
37182304|10046968
37182305|10056575
37182306|10056580
37182307|10056581
37182308|10057308
37182309|10057309
37182310|10067232
37182311|37182311
37182312|10062561
37182313|10063810
37182314|10050025
37182315|37182315
37182316|37182316
37182317|37182317
37182318|10046911
37182319|10005143
37182320|10018977
37182321|10019593
37182322|10034372
37182323|10037581
37182324|10046883
37182325|37182325
37182326|10046912
37182327|10048821
37182328|10049851
37182329|10055265
37182330|10055849
37182331|10063807
37182332|10063813
37182333|10024395
37182334|37182334
37182335|37182335
37182336|37182336
37182337|37182337
37182338|10045354
37182339|37182339
37182340|10046959
37182341|37182341
37182342|37182342
37182343|10047019
37182344|10047020
37182345|10047021
37182346|10047022
37182347|10047023
37182348|10047024
37182349|37182349
37182350|10047769
37182351|10010574
37182352|10010575
37182353|10010576
37182354|10010577
37182355|10010578
37182356|10010579
37182357|10013287
37182358|10013989
37182359|10023537
37182360|10029644
37182361|10032835
37182362|10046053
37182363|10047724
37182364|10047727
37182365|10047728
37182366|37182366
37182367|10047755
37182368|10048878
37182369|10050843
37182370|10058503
37182371|10018856
37182372|10019441
37182373|37182373
37182374|10055388
37182375|37182375
37182376|10063819
37182377|10063820
37182378|10063823
37182379|10024399
37182380|37182380
37182381|10023538
37182382|10045355
37182383|10045356
37182384|10045357
37182385|10047731
37182386|37182386
37182387|37182387
37182388|10056550
37182389|10056574
37182390|10056577
37182391|10056578
37182392|10057311
37182393|10057312
37182394|37182394
37182395|10062563
37182396|10063811
37182397|10062551
37182398|37182398
37182399|37182399
37182400|10067507
37182401|10013288
37182402|37182402
37182403|10047788
37182404|37182404
37182405|37182405
37182406|10009308
37182407|10036250
37182408|10036331
37182409|37182409
37182410|10054818
37182411|37182411
37182412|10020889
37182413|37182413
37182414|10024559
37182415|10013069
37182416|10030260
37182417|37182417
37182418|10057094
37182419|10058695
37182420|10067034
37182421|37182421
37182422|37182422
37182423|37182423
37182424|37182424
37182425|37182425
37182426|10055430
37182427|37182427
37182428|10063822
37182429|37182429
37182430|37182430
37182431|10023536
37182432|37182432
37182433|10014262
37182434|37182434
37182435|10054694
37182436|10055942
37182437|10006775
37182438|10050023
37182439|37182439
37182440|10067645
37182441|10036646
37182442|10046902
37182443|10046908
37182444|10047726
37182445|10047729
37182446|10047753
37182447|37182447
37182448|10048903
37182449|10063878
37182450|10013796
37182451|10046904
37182452|37182452
37182453|10046937
37182454|10046938
37182455|10046942
37182456|10047730
37182457|10047767
37182458|10047781
37182459|37182459
37182460|10023530
37182461|10037101
37182462|10046918
37182463|10047758
37182464|10047766
37182465|37182465
37200000|10038738
37202310|10006436
37202311|10010613
37202312|10024967
37202313|10028971
37202314|10035597
37202315|10037454
37202316|10038716
37202317|10024970
37202318|10029107
37202319|10013369
37202320|10046304
37203740|10006429
37203741|10006484
37203742|10024966
37203743|10046303
37203744|10024972
37203745|10024974
37203746|10030025
37203747|10033979
37203748|10037424
37203749|10028947
37203750|10027689
37203751|10035594
37203752|10035602
37203753|10035610
37203754|10035761
37203755|10037401
37203756|10037439
37203757|10047096
37203758|10006334
37203759|10010268
37203760|10011233
37203761|10024976
37203762|10052549
37203763|10027698
37203764|10057184
37203765|10046313
37203766|10004048
37203767|10004054
37203768|10017537
37203769|10024971
37203770|10033917
37203771|10057190
37203772|10045573
37203773|10047468
37203774|10047483
37203775|10024973
37203776|10059675
37203777|10046311
37203778|10012706
37203779|10027072
37203780|10043475
37203781|10023819
37203782|10023855
37203783|10028736
37203784|10028731
37203785|10040743
37203786|10034823
37203787|10044288
37219785|10064913
37219786|10057004
37219787|10006437
37219788|10065739
37219789|10066820
37219790|10051547
37219791|10067182
37219792|10053421
37219793|10051011
37219794|10062644
37219795|10048244
37219796|10003557
37219797|10064823
37219798|10066091
37219799|10006440
37219800|10056695
37219801|10006458
37219802|10006486
37219803|10006487
37219804|10009033
37219805|10049585
37219806|10029888
37219807|10061877
37219808|10062109
37219809|10041961
37219810|10047924
37219811|10001889
37219812|10001892
37219813|10050343
37219814|10060902
37219815|10062952
37219816|10069152
37219817|10057260
37219818|10049783
37219819|10050354
37219820|10035669
37219821|10035720
37219822|10035742
37219823|10037391
37219824|10066728
37219825|10001881
37219826|10003598
37219827|10053420
37219828|10065656
37219829|10014561
37219830|10021240
37219831|10022611
37219832|10025080
37219833|10057261
37219834|10025102
37219835|10025375
37219836|10056652
37219837|10057109
37219838|10067472
37219839|10037313
37219840|10037315
37219841|10051688
37219842|10051200
37219843|10051738
37219844|10037383
37219845|10065873
37219846|10037415
37219847|10058824
37219848|10063749
37219849|10048667
37219850|10001052
37219851|10029538
37219852|10053481
37219853|10035588
37219854|10035592
37219855|10035595
37219856|10035600
37219857|10065839
37219858|10048735
37219859|10035618
37219860|10051228
37219861|10048725
37219862|10048612
37219863|10035598
37219864|10035601
37219865|10035759
37219866|10035764
37219867|10064911
37219868|10037400
37219869|10068726
37219870|10037340
37219871|10037377
37219872|10037410
37219873|10037421
37219874|10037437
37219875|10037459
37219876|10067284
37219877|10037336
37219878|10058491
37219879|10037338
37219880|10061474
37219881|10037456
37219882|10068690
37219883|10049171
37219884|10037458
37219885|10002974
37219886|10006102
37219887|10008501
37219888|10018762
37219889|10021079
37219890|10021133
37219891|10028017
37219892|10059411
37219893|10038669
37219894|10038678
37219895|10038681
37219896|10038682
37219897|10038687
37219898|10043089
37219899|10044590
37219900|10001874
37219901|10002660
37219902|10006127
37219903|10058490
37219904|10020952
37219905|10021143
37219906|10062105
37219907|10011224
37219908|10011225
37219909|10036790
37219910|10061081
37219911|10041807
37219912|10059685
37219913|10006438
37219914|10054764
37219915|10056744
37219916|10062530
37219917|10054761
37219918|10059487
37219919|10035623
37219920|10054991
37219921|10037394
37219922|10037833
37219923|10057478
37219924|10039109
37219925|10001053
37219926|10009126
37219927|10052749
37219928|10022533
37219929|10052319
37219930|10033517
37219931|10035615
37219932|10038647
37219933|10068733
37219934|10042444
37219935|10052336
37219936|10052335
37219937|10003504
37219938|10053582
37219939|10061768
37219940|10057482
37219941|10017000
37219942|10025082
37219943|10050292
37219944|10056342
37219945|10038683
37219946|10052251
37219947|10038727
37219948|10068956
37219949|10038731
37219950|10062744
37219951|10066828
37219952|10008589
37219953|10062717
37219954|10052437
37219955|10059841
37219956|10052438
37219957|10036402
37219958|10051496
37219959|10039101
37219960|10041232
37219961|10041235
37219962|10054830
37219963|10067775
37219964|10052252
37219965|10049590
37219966|10048232
37219967|10059185
37219968|10067411
37219969|10061106
37219970|10061280
37219971|10027074
37219972|10049941
37219973|10056343
37219974|10027076
37219975|10066239
37219976|10050184
37219977|10065291
37219978|10058563
37219979|10067486
37219980|10057440
37219981|10050210
37219982|10061263
37219983|10057259
37219984|10051706
37219985|10065786
37219986|10066217
37219987|10065740
37219988|10068840
37219989|10062033
37219990|10065735
37219991|10023839
37219992|10063483
37219993|10057439
37219994|10023864
37219995|10048805
37219996|10058670
37219997|10067869
37219998|10050201
37219999|10061581
37220000|10057295
37220001|10047676
37220002|10011417
37220003|10015029
37220004|10059639
37220005|10023862
37220006|10023891
37220007|10042241
37220008|10028735
37220009|10028741
37220010|10039088
37220011|10059235
37220012|10039096
37220013|10047145
37220014|10015090
37220015|10062771
37220016|10062209
37220017|10028740
37220018|10051208
37220019|10057537
37220020|10061305
37220021|10057358
37220022|10028747
37220023|10051181
37220024|10028750
37220025|10028762
37220026|10028763
37220027|10028765
37220028|10028766
37220029|10052354
37220030|10028779
37220031|10028780
37220032|10067770
37220033|10069048
37220034|10057392
37220035|10067998
37220036|10040742
37220037|10062244
37220038|10064770
37220039|10057449
37220040|10001229
37220041|10067353
37220042|10062773
37220043|10057009
37220044|10034825
37220045|10068121
37220046|10034827
37220047|10057344
37220048|10065716
37220049|10054826
37220050|10051731
37220051|10049270
37220052|10063345
37220053|10065706
37220054|10034829
37220055|10034832
37220056|10050028
37220057|10034834
37220058|10051502
37220059|10053477
37220060|10057450
37220061|10044003
37220062|10065169
37220063|10050211
37220064|10051880
37220065|10053490
37220066|10067511
37220067|10065787
37220068|10065899
37220069|10057338
37220070|10044293
37220071|10044296
37220072|10051955
37220073|10050816
37220074|10044299
37220075|10044313
37220076|10065318
37220077|10044316
37282466|37282466
37282467|10064914
37282468|37282468
37282469|37282469
37282470|10016720
37282471|37282471
37282472|10065757
37282473|10051384
37282474|37282474
37282475|37282475
37282476|10051560
37282477|37282477
37282478|10067191
37282479|10051584
37282480|10051901
37282481|37282481
37282482|37282482
37282483|10051026
37282484|10051027
37282485|10051028
37282486|10051029
37282487|10051030
37282488|37282488
37282489|10048239
37282490|37282490
37282491|37282491
37282492|10015649
37282493|37282493
37282494|10037993
37282495|10056285
37282496|10064611
37282497|37282497
37282498|10066863
37282499|37282499
37282500|10029938
37282501|37282501
37282502|10056711
37282503|37282503
37282504|10006459
37282505|10008841
37282506|10008843
37282507|10029889
37282508|10029977
37282509|10029979
37282510|10031733
37282511|10040683
37282512|10045659
37282513|37282513
37282514|10033770
37282515|37282515
37282516|10041976
37282517|10041982
37282518|10063524
37282519|10008828
37282520|10008829
37282521|10008830
37282522|10008842
37282523|10009025
37282524|10009026
37282525|10009027
37282526|10009032
37282527|37282527
37282528|10009725
37282529|10009726
37282530|10010952
37282531|10010953
37282532|10029972
37282533|10064879
37282534|37282534
37282535|37282535
37282536|10049202
37282537|10001536
37282538|10001537
37282539|10001539
37282540|10013108
37282541|10025081
37282542|10029959
37282543|10029973
37282544|10038706
37282545|37282545
37282546|10067782
37282547|10039008
37282548|37282548
37282549|10003562
37282550|10009031
37282551|10015889
37282552|10022848
37282553|37282553
37282554|10021694
37282555|10047921
37282556|10047922
37282557|10047923
37282558|37282558
37282559|10047925
37282560|10047926
37282561|10047927
37282562|10048690
37282563|10049200
37282564|10059257
37282565|10066689
37282566|37282566
37282567|10001893
37282568|10037317
37282569|10060779
37282570|10066544
37282571|10066732
37282572|37282572
37282573|10016640
37282574|37282574
37282575|10050385
37282576|37282576
37282577|37282577
37282578|37282578
37282579|37282579
37282580|37282580
37282581|37282581
37282582|10003525
37282583|10003526
37282584|10022026
37282585|10022027
37282586|37282586
37282587|10035744
37282588|10035747
37282589|10035748
37282590|10035749
37282591|10024583
37282592|10024611
37282593|10035719
37282594|37282594
37282595|10032390
37282596|37282596
37282597|10035750
37282598|10035751
37282599|10035755
37282600|10059809
37282601|10006463
37282602|37282602
37282603|10037392
37282604|10037393
37282605|10019107
37282606|37282606
37282607|37282607
37282608|10037316
37282609|37282609
37282610|10024737
37282611|37282611
37282612|10014564
37282613|10050776
37282614|37282614
37282615|10010124
37282616|37282616
37282617|10014563
37282618|10022606
37282619|10022607
37282620|10032030
37282621|10067808
37282622|10011495
37282623|10016641
37282624|10021225
37282625|37282625
37282626|10067761
37282627|37282627
37282628|10022612
37282629|10022617
37282630|10022618
37282631|10022619
37282632|10025089
37282633|10035715
37282634|10035716
37282635|10062997
37282636|10066153
37282637|10066393
37282638|10066394
37282639|10066725
37282640|10066726
37282641|10068805
37282642|37282642
37282643|37282643
37282644|37282644
37282645|10025103
37282646|10037411
37282647|10037413
37282648|10066090
37282649|37282649
37282650|10042730
37282651|37282651
37282652|10056708
37282653|37282653
37282654|10006020
37282655|10006449
37282656|10011496
37282657|10066396
37282658|10066847
37282659|10067471
37282660|37282660
37282661|37282661
37282662|10037314
37282663|37282663
37282664|37282664
37282665|37282665
37282666|37282666
37282667|10016649
37282668|10016660
37282669|10025088
37282670|10032439
37282671|10036383
37282672|37282672
37282673|10037384
37282674|10037431
37282675|10057237
37282676|37282676
37282677|37282677
37282678|37282678
37282679|37282679
37282680|37282680
37282681|10000036
37282682|37282682
37282683|10001407
37282684|10001408
37282685|10001409
37282686|10001410
37282687|10003083
37282688|10013493
37282689|10038689
37282690|10038691
37282691|10040579
37282692|10042607
37282693|10042786
37282694|10042787
37282695|10042839
37282696|10029537
37282697|37282697
37282698|37282698
37282699|37282699
37282700|37282700
37282701|37282701
37282702|10035596
37282703|37282703
37282704|10035616
37282705|10035620
37282706|10051965
37282707|10065408
37282708|10067413
37282709|37282709
37282710|37282710
37282711|10012726
37282712|37282712
37282713|10035619
37282714|10035622
37282715|10035624
37282716|10063539
37282717|37282717
37282718|37282718
37282719|37282719
37282720|10014313
37282721|10022811
37282722|10032736
37282723|37282723
37282724|10046099
37282725|10059934
37282726|10064889
37282727|10066721
37282728|10067976
37282729|10019578
37282730|37282730
37282731|10055319
37282732|10055837
37282733|10021181
37282734|10032955
37282735|37282735
37282736|10035760
37282737|10035762
37282738|37282738
37282739|10043274
37282740|37282740
37282741|10041732
37282742|10036727
37282743|10037405
37282744|10064908
37282745|10064909
37282746|10064910
37282747|37282747
37282748|10065150
37282749|10065151
37282750|10065152
37282751|10020787
37282752|37282752
37282753|10037402
37282754|10037403
37282755|10037404
37282756|10037406
37282757|10048383
37282758|10068739
37282759|10068740
37282760|37282760
37282761|37282761
37282762|10043636
37282763|10000853
37282764|10000970
37282765|10009092
37282766|10009111
37282767|10014521
37282768|10014537
37282769|10028239
37282770|10034191
37282771|37282771
37282772|10037380
37282773|10037436
37282774|10039366
37282775|10050071
37282776|10066738
37282777|10021182
37282778|10021760
37282779|10032438
37282780|10037378
37282781|10037409
37282782|37282782
37282783|37282783
37282784|37282784
37282785|10037438
37282786|10043635
37282787|37282787
37282788|37282788
37282789|10002356
37282790|37282790
37282791|37282791
37282792|37282792
37282793|10013131
37282794|10031915
37282795|10032630
37282796|10037453
37282797|10045754
37282798|37282798
37282799|10037334
37282800|37282800
37282801|10044114
37282802|37282802
37282803|37282803
37282804|37282804
37282805|10002972
37282806|37282806
37282807|10006101
37282808|37282808
37282809|37282809
37282810|10038648
37282811|10038649
37282812|37282812
37282813|10021078
37282814|37282814
37282815|10038657
37282816|10006336
37282817|10006342
37282818|37282818
37282819|10040533
37282820|10047262
37282821|10023144
37282822|37282822
37282823|37282823
37282824|10003114
37282825|10003115
37282826|10006337
37282827|10037323
37282828|37282828
37282829|10038670
37282830|10012396
37282831|10038650
37282832|37282832
37282833|10038680
37282834|37282834
37282835|37282835
37282836|10013492
37282837|37282837
37282838|10036133
37282839|10038658
37282840|10043088
37282841|37282841
37282842|10058232
37282843|10044589
37282844|37282844
37282845|37282845
37282846|37282846
37282847|37282847
37282848|37282848
37282849|37282849
37282850|10020953
37282851|10001873
37282852|10021141
37282853|10021142
37282854|37282854
37282855|10021144
37282856|10038644
37282857|10038699
37282858|37282858
37282859|37282859
37282860|10011228
37282861|10011229
37282862|10011230
37282863|10011232
37282864|10013773
37282865|10023011
37282866|10023018
37282867|10029450
37282868|10034707
37282869|10034712
37282870|10048381
37282871|10054919
37282872|10058276
37282873|10059666
37282874|10066222
37282875|10066522
37282876|10066656
37282877|37282877
37282878|10011226
37282879|37282879
37282880|10041802
37282881|10041809
37282882|37282882
37282883|10058996
37282884|37282884
37282885|10041806
37282886|37282886
37282887|10041808
37282888|10041810
37282889|10041811
37282890|10041813
37282891|37282891
37282892|37282892
37282893|37282893
37282894|37282894
37282895|10056748
37282896|10001538
37282897|10006442
37282898|10006477
37282899|10006478
37282900|10015594
37282901|10044300
37282902|10044306
37282903|10044307
37282904|37282904
37282905|10041814
37282906|37282906
37282907|37282907
37282908|10065378
37282909|10033482
37282910|10035613
37282911|37282911
37282912|10035626
37282913|10054972
37282914|37282914
37282915|10019558
37282916|10019582
37282917|10025100
37282918|37282918
37282919|10037395
37282920|10037397
37282921|10037398
37282922|10055822
37282923|10055841
37282924|10055862
37282925|10065746
37282926|10065756
37282927|10013783
37282928|10027804
37282929|10037832
37282930|37282930
37282931|10050052
37282932|10054910
37282933|37282933
37282934|37282934
37282935|10039110
37282936|10000953
37282937|37282937
37282938|10051360
37282939|10069144
37282940|37282940
37282941|37282941
37282942|37282942
37282943|10038954
37282944|37282944
37282945|37282945
37282946|37282946
37282947|37282947
37282948|10051186
37282949|10051382
37282950|37282950
37282951|37282951
37282952|37282952
37282953|37282953
37282954|37282954
37282955|10048996
37282956|37282956
37282957|10066693
37282958|10050700
37282959|37282959
37282960|37282960
37282961|37282961
37282962|10063553
37282963|10013235
37282964|10013259
37282965|37282965
37282966|10025083
37282967|10025107
37282968|10025108
37282969|10031490
37282970|10031491
37282971|10031907
37282972|10031908
37282973|10032501
37282974|10032502
37282975|10032616
37282976|10032626
37282977|10037373
37282978|10037386
37282979|10045624
37282980|10045625
37282981|10048522
37282982|10049490
37282983|10051054
37282984|37282984
37282985|37282985
37282986|10056355
37282987|10013264
37282988|10031557
37282989|10031910
37282990|10031916
37282991|10031917
37282992|10031920
37282993|10031921
37282994|10032968
37282995|10038652
37282996|10038659
37282997|10038674
37282998|10038675
37282999|10038676
37283000|37283000
37283001|10038684
37283002|10038694
37283003|10038702
37283004|10038714
37283005|10038719
37283006|10038720
37283007|10042763
37283008|10045755
37283009|10048527
37283010|10008467
37283011|37283011
37283012|37283012
37283013|10038729
37283014|10038730
37283015|37283015
37283016|10025110
37283017|10037417
37283018|37283018
37283019|10038732
37283020|37283020
37283021|10062745
37283022|37283022
37283023|10008588
37283024|37283024
37283025|10059278
37283026|10049419
37283027|10059004
37283028|37283028
37283029|10013090
37283030|10028727
37283031|10028734
37283032|10028742
37283033|10028743
37283034|10028753
37283035|10028769
37283036|10041364
37283037|37283037
37283038|37283038
37283039|37283039
37283040|10036360
37283041|37283041
37283042|10066649
37283043|10028770
37283044|10042067
37283045|37283045
37283046|10064037
37283047|10028137
37283048|10028737
37283049|10028738
37283050|10028745
37283051|10039100
37283052|37283052
37283053|10039296
37283054|10056364
37283055|10056428
37283056|10062628
37283057|10062660
37283058|10062846
37283059|10034043
37283060|37283060
37283061|10041233
37283062|10041234
37283063|37283063
37283064|37283064
37283065|37283065
37283066|37283066
37283067|37283067
37283068|10049620
37283069|10048231
37283070|37283070
37283071|10048233
37283072|10048802
37283073|37283073
37283074|37283074
37283075|10012712
37283076|10013304
37283077|10058496
37283078|37283078
37283079|10027071
37283080|10031909
37283081|10058337
37283082|37283082
37283083|10016651
37283084|37283084
37283085|37283085
37283086|10055375
37283087|37283087
37283088|10056356
37283089|37283089
37283090|37283090
37283091|10027073
37283092|37283092
37283093|37283093
37283094|10053637
37283095|37283095
37283096|37283096
37283097|37283097
37283098|37283098
37283099|10023837
37283100|10031905
37283101|10031906
37283102|10045749
37283103|37283103
37283104|37283104
37283105|10068302
37283106|37283106
37283107|37283107
37283108|37283108
37283109|37283109
37283110|10065759
37283111|37283111
37283112|10049437
37283113|37283113
37283114|37283114
37283115|10065880
37283116|37283116
37283117|37283117
37283118|10063484
37283119|37283119
37283120|37283120
37283121|10023923
37283122|10023924
37283123|37283123
37283124|37283124
37283125|10058699
37283126|10059494
37283127|37283127
37283128|37283128
37283129|10031922
37283130|10047670
37283131|10047671
37283132|37283132
37283133|37283133
37283134|10040716
37283135|37283135
37283136|10059821
37283137|37283137
37283138|37283138
37283139|10055402
37283140|37283140
37283141|10065251
37283142|37283142
37283143|10023863
37283144|10041989
37283145|10042395
37283146|10059408
37283147|10018394
37283148|10023854
37283149|10023873
37283150|37283150
37283151|10023913
37283152|10041387
37283153|10041389
37283154|37283154
37283155|10042242
37283156|10010676
37283157|37283157
37283158|37283158
37283159|10028749
37283160|10028771
37283161|10029794
37283162|10039090
37283163|10039091
37283164|10063455
37283165|10066647
37283166|10066648
37283167|37283167
37283168|10050371
37283169|10003689
37283170|10033335
37283171|37283171
37283172|37283172
37283173|37283173
37283174|37283174
37283175|10005124
37283176|37283176
37283177|10018986
37283178|10019561
37283179|10028723
37283180|10028746
37283181|10029792
37283182|10029793
37283183|10029802
37283184|10066563
37283185|37283185
37283186|10052355
37283187|37283187
37283188|10013782
37283189|37283189
37283190|10029796
37283191|10029797
37283192|37283192
37283193|37283193
37283194|10062475
37283195|10065548
37283196|10051134
37283197|37283197
37283198|10065543
37283199|10065544
37283200|10065545
37283201|10065546
37283202|37283202
37283203|10028744
37283204|37283204
37283205|10028871
37283206|10050370
37283207|37283207
37283208|10055427
37283209|37283209
37283210|10029798
37283211|10029800
37283212|10051748
37283213|10054480
37283214|10055945
37283215|10012138
37283216|10012573
37283217|37283217
37283218|37283218
37283219|10028764
37283220|10065547
37283221|37283221
37283222|10034416
37283223|37283223
37283224|37283224
37283225|10020890
37283226|37283226
37283227|37283227
37283228|37283228
37283229|10067779
37283230|37283230
37283231|10069050
37283232|37283232
37283233|10057753
37283234|37283234
37283235|10028768
37283236|37283236
37283237|10051829
37283238|37283238
37283239|37283239
37283240|37283240
37283241|37283241
37283242|10020884
37283243|10031913
37283244|10031914
37283245|10034822
37283246|10045753
37283247|10057538
37283248|37283248
37283249|37283249
37283250|10034863
37283251|10038196
37283252|37283252
37283253|10067239
37283254|37283254
37283255|37283255
37283256|10068126
37283257|10018976
37283258|10018995
37283259|10019541
37283260|37283260
37283261|10055271
37283262|10055315
37283263|10060843
37283264|10060846
37283265|37283265
37283266|37283266
37283267|10065881
37283268|37283268
37283269|37283269
37283270|37283270
37283271|37283271
37283272|37283272
37283273|10014243
37283274|10014252
37283275|10030125
37283276|37283276
37283277|10034853
37283278|10043519
37283279|10043522
37283280|10043525
37283281|10043526
37283282|10043527
37283283|10052821
37283284|10054544
37283285|10055951
37283286|37283286
37283287|37283287
37283288|37283288
37283289|37283289
37283290|10051521
37283291|10001228
37283292|10008857
37283293|10009151
37283294|10031736
37283295|10045660
37283296|37283296
37283297|10063026
37283298|37283298
37283299|37283299
37283300|10057541
37283301|10020894
37283302|10020895
37283303|10020896
37283304|37283304
37283305|10066081
37283306|37283306
37283307|37283307
37283308|37283308
37283309|37283309
37283310|37283310
37283311|37283311
37283312|10067430
37283313|37283313
37283314|10065900
37283315|37283315
37283316|37283316
37283317|10014258
37283318|10030130
37283319|10044289
37283320|37283320
37283321|10054503
37283322|37283322
37283323|10051984
37283324|37283324
37283325|37283325
37283326|10045353
37283327|37283327
37283328|10044319
37283329|37283329
37283330|37283330
37300000|10040785
37302321|10002426
37302322|10011063
37302323|10014982
37302324|10035023
37302325|10040790
37302326|10040792
37302327|10040798
37302328|10047043
37303788|10020648
37303789|10021197
37303790|10040837
37303791|10040866
37303792|10040870
37303793|10052567
37303794|10006555
37303795|10010760
37303796|10012424
37303797|10012435
37303798|10012437
37303799|10015151
37303800|10015664
37303801|10018699
37303802|10033738
37303803|10034971
37303804|10049293
37303805|10065874
37303806|10037573
37303807|10052566
37303808|10039513
37303809|10040877
37303810|10020713
37303811|10021064
37303812|10035021
37303813|10024606
37303814|10033674
37303815|10042356
37303816|10040889
37303817|10040796
37303818|10040787
37303819|10040788
37303820|10040791
37303821|10040793
37303822|10040797
37303823|10000497
37303824|10001769
37303825|10002982
37303826|10020863
37303827|10028685
37303828|10035035
37303829|10039219
37303830|10039782
37303831|10037555
37303832|10040860
37303833|10023021
37303834|10047053
37303835|10040948
37303836|10047144
37303837|10043190
37320078|10051651
37320079|10020649
37320080|10050909
37320081|10052573
37320082|10066295
37320083|10064000
37320084|10037509
37320085|10021199
37320086|10048218
37320087|10020879
37320088|10023330
37320089|10040836
37320090|10040954
37320091|10000349
37320092|10064171
37320093|10040867
37320094|10059099
37320095|10066406
37320096|10040799
37320097|10040925
37320098|10000614
37320099|10059441
37320100|10049422
37320101|10056508
37320102|10012441
37320103|10037145
37320104|10014338
37320105|10058820
37320106|10068388
37320107|10063184
37320108|10048768
37320109|10013786
37320110|10059284
37320111|10055035
37320112|10064503
37320113|10048649
37320114|10033474
37320115|10058318
37320116|10049752
37320117|10039509
37320118|10049002
37320119|10061531
37320120|10040829
37320121|10040830
37320122|10040831
37320123|10050207
37320124|10040849
37320125|10040851
37320126|10051837
37320127|10040882
37320128|10048625
37320129|10040893
37320130|10040904
37320131|10067723
37320132|10053262
37320133|10050637
37320134|10040952
37320135|10051788
37320136|10042682
37320137|10051446
37320138|10044725
37320139|10054909
37320140|10000593
37320141|10012431
37320142|10012444
37320143|10014184
37320144|10014190
37320145|10014198
37320146|10014201
37320147|10058681
37320148|10055182
37320149|10022622
37320150|10029263
37320151|10064986
37320152|10037083
37320153|10039793
37320154|10040880
37320155|10041955
37320156|10006404
37320157|10048901
37320158|10015150
37320159|10015152
37320160|10056968
37320161|10051576
37320162|10033551
37320163|10051170
37320164|10037855
37320165|10055029
37320166|10012456
37320167|10064579
37320168|10052291
37320169|10029415
37320170|10040844
37320171|10018692
37320172|10018698
37320173|10015153
37320174|10055046
37320175|10024428
37320176|10024429
37320177|10066945
37320178|10024438
37320179|10056670
37320180|10064281
37320181|10068596
37320182|10033898
37320183|10035111
37320184|10048895
37320185|10035114
37320186|10035116
37320187|10037876
37320188|10037879
37320189|10064945
37320190|10050534
37320191|10020474
37320192|10051246
37320193|10034972
37320194|10036087
37320195|10003071
37320196|10050818
37320197|10037087
37320198|10052576
37320199|10037884
37320200|10039986
37320201|10058675
37320202|10015278
37320203|10018797
37320204|10028703
37320205|10037153
37320206|10037575
37320207|10037857
37320208|10042342
37320209|10016741
37320210|10056301
37320211|10056671
37320212|10037844
37320213|10037858
37320214|10037867
37320215|10037868
37320216|10050004
37320217|10037870
37320218|10057984
37320219|10037890
37320220|10037898
37320221|10011859
37320222|10035110
37320223|10011985
37320224|10040813
37320225|10003094
37320226|10006926
37320227|10014970
37320228|10051070
37320229|10024217
37320230|10027147
37320231|10027157
37320232|10040865
37320233|10068489
37320234|10024380
37320235|10040825
37320236|10040868
37320237|10062080
37320238|10036229
37320239|10039593
37320240|10039703
37320241|10067115
37320242|10033678
37320243|10047883
37320244|10001294
37320245|10067155
37320246|10067868
37320247|10040902
37320248|10042348
37320249|10012428
37320250|10057041
37320251|10028084
37320252|10029424
37320253|10040840
37320254|10040943
37320255|10050377
37320256|10046995
37320257|10000496
37320258|10000501
37320259|10000502
37320260|10000503
37320261|10049141
37320262|10000507
37320263|10000511
37320264|10000518
37320265|10012432
37320266|10027026
37320267|10030261
37320268|10001760
37320269|10001761
37320270|10001762
37320271|10001764
37320272|10001766
37320273|10001767
37320274|10056506
37320275|10021126
37320276|10002512
37320277|10002983
37320278|10055000
37320279|10064394
37320280|10019343
37320281|10020040
37320282|10027626
37320283|10042652
37320284|10042653
37320285|10020864
37320286|10058109
37320287|10022013
37320288|10054999
37320289|10068058
37320290|10048891
37320291|10064088
37320292|10049268
37320293|10028692
37320294|10028693
37320295|10028694
37320296|10028698
37320297|10064764
37320298|10028700
37320299|10058455
37320300|10028702
37320301|10056526
37320302|10064251
37320303|10048886
37320304|10030336
37320305|10030337
37320306|10049274
37320307|10058673
37320308|10034959
37320309|10049865
37320310|10019030
37320311|10019037
37320312|10019044
37320313|10019049
37320314|10052899
37320315|10035039
37320316|10044625
37320317|10044628
37320318|10039218
37320319|10058130
37320320|10061511
37320321|10039784
37320322|10048810
37320323|10039792
37320324|10018999
37320325|10019001
37320326|10064265
37320327|10045455
37320328|10049927
37320329|10065452
37320330|10007044
37320331|10007191
37320332|10068057
37320333|10058679
37320334|10062171
37320335|10068406
37320336|10048995
37320337|10015284
37320338|10024648
37320339|10024728
37320340|10047139
37320341|10047141
37320342|10061639
37320343|10041519
37320344|10062696
37320345|10043189
37383331|37383331
37383332|10051699
37383333|10051700
37383334|10051701
37383335|10051702
37383336|10057047
37383337|10000568
37383338|10007034
37383339|10007035
37383340|10007036
37383341|10011064
37383342|10011065
37383343|10011666
37383344|10015280
37383345|10016963
37383346|10019156
37383347|37383347
37383348|10023357
37383349|10023360
37383350|10023368
37383351|10040881
37383352|10041285
37383353|10045205
37383354|10045206
37383355|10057981
37383356|37383356
37383357|10050911
37383358|10050912
37383359|10050913
37383360|10023372
37383361|37383361
37383362|10045207
37383363|37383363
37383364|10023373
37383365|37383365
37383366|10012471
37383367|10012472
37383368|10015141
37383369|10024431
37383370|10024432
37383371|10024441
37383372|37383372
37383373|10064007
37383374|37383374
37383375|10000561
37383376|10012469
37383377|37383377
37383378|10021203
37383379|10039978
37383380|10040812
37383381|10040955
37383382|37383382
37383383|10048219
37383384|37383384
37383385|10023329
37383386|37383386
37383387|10032113
37383388|10032759
37383389|37383389
37383390|10040838
37383391|10045919
37383392|37383392
37383393|10048042
37383394|10048043
37383395|10052609
37383396|10052610
37383397|10052611
37383398|37383398
37383399|37383399
37383400|10013603
37383401|10016684
37383402|10020892
37383403|10020899
37383404|37383404
37383405|10040936
37383406|37383406
37383407|37383407
37383408|10003719
37383409|10011377
37383410|10024875
37383411|10039989
37383412|37383412
37383413|10040800
37383414|10040937
37383415|10040938
37383416|10015726
37383417|37383417
37383418|10042222
37383419|10042223
37383420|10042224
37383421|10042225
37383422|10042226
37383423|10042227
37383424|10057065
37383425|37383425
37383426|10039980
37383427|10041304
37383428|37383428
37383429|37383429
37383430|10049423
37383431|10067892
37383432|37383432
37383433|10006552
37383434|10006553
37383435|10006556
37383436|10006557
37383437|10006558
37383438|10006559
37383439|10006565
37383440|10006569
37383441|10006570
37383442|10006571
37383443|37383443
37383444|10012519
37383445|10015156
37383446|10032534
37383447|10037852
37383448|10037899
37383449|10037901
37383450|10045647
37383451|10047378
37383452|10047379
37383453|10047381
37383454|37383454
37383455|37383455
37383456|37383456
37383457|10063071
37383458|37383458
37383459|10068392
37383460|10069019
37383461|37383461
37383462|10012518
37383463|10031894
37383464|10032612
37383465|37383465
37383466|10062509
37383467|37383467
37383468|10013791
37383469|10020403
37383470|10039235
37383471|10040835
37383472|10040917
37383473|10040918
37383474|10059295
37383475|10064130
37383476|10066535
37383477|37383477
37383478|10059292
37383479|37383479
37383480|37383480
37383481|37383481
37383482|37383482
37383483|10039521
37383484|10049120
37383485|10051797
37383486|10065061
37383487|37383487
37383488|37383488
37383489|10065339
37383490|10011468
37383491|37383491
37383492|10039510
37383493|37383493
37383494|10012172
37383495|10040824
37383496|37383496
37383497|10011864
37383498|10011948
37383499|10013076
37383500|10013893
37383501|10013894
37383502|10032021
37383503|10040817
37383504|10040828
37383505|37383505
37383506|10055537
37383507|10056120
37383508|10056122
37383509|10067274
37383510|37383510
37383511|10008402
37383512|10010271
37383513|10013267
37383514|10032001
37383515|10032555
37383516|10032691
37383517|10032969
37383518|37383518
37383519|10040833
37383520|10042764
37383521|10045689
37383522|10045825
37383523|10048528
37383524|10050204
37383525|10053233
37383526|37383526
37383527|10016716
37383528|10039031
37383529|10040847
37383530|10040848
37383531|37383531
37383532|37383532
37383533|10040852
37383534|37383534
37383535|37383535
37383536|10040886
37383537|37383537
37383538|10012476
37383539|10012477
37383540|10028879
37383541|37383541
37383542|10048839
37383543|10005901
37383544|10005902
37383545|10005905
37383546|10030092
37383547|10040903
37383548|37383548
37383549|10041219
37383550|10041221
37383551|10055963
37383552|10063962
37383553|10063964
37383554|37383554
37383555|10067733
37383556|10040927
37383557|37383557
37383558|37383558
37383559|37383559
37383560|37383560
37383561|10016063
37383562|10016065
37383563|10037303
37383564|37383564
37383565|10042685
37383566|10042691
37383567|10042692
37383568|10042725
37383569|10057386
37383570|37383570
37383571|10051463
37383572|37383572
37383573|37383573
37383574|37383574
37383575|37383575
37383576|10066695
37383577|10012429
37383578|10012430
37383579|37383579
37383580|10012440
37383581|10012451
37383582|10012452
37383583|10012453
37383584|10012462
37383585|10012478
37383586|10012479
37383587|10012484
37383588|10012490
37383589|10021954
37383590|10034438
37383591|10034541
37383592|10037849
37383593|10040876
37383594|10048503
37383595|10051192
37383596|10056197
37383597|10062249
37383598|37383598
37383599|10012701
37383600|10012702
37383601|10028708
37383602|10028710
37383603|10012454
37383604|37383604
37383605|10014185
37383606|10014186
37383607|10014187
37383608|10014193
37383609|10014195
37383610|10014200
37383611|10014202
37383612|10014203
37383613|10014206
37383614|10014208
37383615|10014209
37383616|10015239
37383617|10018080
37383618|10032041
37383619|10037944
37383620|10050178
37383621|10062431
37383622|10066273
37383623|10066558
37383624|10003546
37383625|37383625
37383626|10014192
37383627|10047990
37383628|10049233
37383629|10062508
37383630|10067901
37383631|37383631
37383632|10021747
37383633|10012480
37383634|37383634
37383635|10029857
37383636|37383636
37383637|37383637
37383638|10018733
37383639|37383639
37383640|10042414
37383641|10024435
37383642|37383642
37383643|10029264
37383644|10029265
37383645|10037084
37383646|10049610
37383647|10057292
37383648|10048807
37383649|37383649
37383650|37383650
37383651|10012488
37383652|10012489
37383653|10014204
37383654|10032459
37383655|10037891
37383656|10037892
37383657|10039788
37383658|10039789
37383659|10039790
37383660|37383660
37383661|10039795
37383662|10057062
37383663|10057063
37383664|10058251
37383665|10062813
37383666|10062814
37383667|10062834
37383668|10064698
37383669|10066746
37383670|10066747
37383671|10069126
37383672|10023017
37383673|37383673
37383674|10059403
37383675|10014196
37383676|10014205
37383677|10018711
37383678|37383678
37383679|10046993
37383680|10000499
37383681|37383681
37383682|10006405
37383683|10011870
37383684|37383684
37383685|37383685
37383686|10015155
37383687|10015158
37383688|10015159
37383689|10015212
37383690|10015225
37383691|10015236
37383692|10015240
37383693|10016036
37383694|10024781
37383695|10024955
37383696|10032720
37383697|10032721
37383698|10038190
37383699|10038194
37383700|10038198
37383701|10038200
37383702|10038203
37383703|10038206
37383704|10038207
37383705|10040842
37383706|10040863
37383707|10040864
37383708|10040916
37383709|10045865
37383710|10049135
37383711|10049685
37383712|10052440
37383713|10055403
37383714|10059139
37383715|10064351
37383716|10067749
37383717|37383717
37383718|10050514
37383719|37383719
37383720|10038201
37383721|10038202
37383722|37383722
37383723|10062433
37383724|37383724
37383725|37383725
37383726|10015241
37383727|10015242
37383728|10015243
37383729|10015244
37383730|37383730
37383731|10038186
37383732|10038187
37383733|10038188
37383734|10048310
37383735|37383735
37383736|37383736
37383737|10018082
37383738|10052582
37383739|10052583
37383740|10052584
37383741|10062396
37383742|10062416
37383743|10062434
37383744|10037853
37383745|10037889
37383746|37383746
37383747|37383747
37383748|37383748
37383749|10012528
37383750|10015657
37383751|10015658
37383752|10015659
37383753|10015660
37383754|10015661
37383755|10015663
37383756|10016043
37383757|10016694
37383758|10016749
37383759|10024772
37383760|10034218
37383761|10034219
37383762|10034220
37383763|10039517
37383764|10039518
37383765|10040826
37383766|10040827
37383767|10040843
37383768|37383768
37383769|10040887
37383770|10040908
37383771|10040920
37383772|10041036
37383773|10041041
37383774|10062467
37383775|37383775
37383776|10048419
37383777|10017004
37383778|37383778
37383779|10040857
37383780|10063944
37383781|37383781
37383782|10015154
37383783|10052585
37383784|37383784
37383785|10055084
37383786|10055085
37383787|10055087
37383788|37383788
37383789|10020875
37383790|37383790
37383791|10024430
37383792|10033734
37383793|10047980
37383794|10056958
37383795|10056959
37383796|10056960
37383797|37383797
37383798|37383798
37383799|10024439
37383800|10024440
37383801|37383801
37383802|37383802
37383803|10064287
37383804|37383804
37383805|37383805
37383806|10033899
37383807|10035113
37383808|10042546
37383809|10057048
37383810|10057049
37383811|10057050
37383812|10057051
37383813|10057067
37383814|10057068
37383815|37383815
37383816|37383816
37383817|10048897
37383818|10048898
37383819|10018266
37383820|10031616
37383821|37383821
37383822|10035115
37383823|10053151
37383824|37383824
37383825|10012483
37383826|10015285
37383827|10015286
37383828|10024426
37383829|10024437
37383830|10032210
37383831|10033726
37383832|10033728
37383833|10033729
37383834|10033730
37383835|37383835
37383836|10033735
37383837|10033737
37383838|10033740
37383839|37383839
37383840|10037878
37383841|10037880
37383842|10041193
37383843|10047970
37383844|10033736
37383845|10033739
37383846|10037877
37383847|37383847
37383848|37383848
37383849|37383849
37383850|37383850
37383851|37383851
37383852|10000618
37383853|10012491
37383854|37383854
37383855|10045745
37383856|37383856
37383857|10056880
37383858|10059402
37383859|10064131
37383860|10065944
37383861|10000617
37383862|10000705
37383863|10010800
37383864|10012482
37383865|10012485
37383866|10015142
37383867|10015676
37383868|10019378
37383869|10031735
37383870|10031893
37383871|10034963
37383872|10034964
37383873|10034965
37383874|10034966
37383875|10034967
37383876|37383876
37383877|10034973
37383878|10034974
37383879|10034975
37383880|10034977
37383881|10037883
37383882|10037966
37383883|10041306
37383884|10042493
37383885|10042494
37383886|10048526
37383887|10057057
37383888|10064897
37383889|37383889
37383890|37383890
37383891|37383891
37383892|10015886
37383893|10023082
37383894|10023083
37383895|10023084
37383896|10023087
37383897|10023089
37383898|10023091
37383899|10023093
37383900|10023094
37383901|10032862
37383902|10037086
37383903|37383903
37383904|10037088
37383905|10037090
37383906|10037091
37383907|10037096
37383908|10037097
37383909|10046119
37383910|10048308
37383911|10050817
37383912|10052416
37383913|10058732
37383914|10058733
37383915|10018069
37383916|10018085
37383917|10018123
37383918|10023085
37383919|10023086
37383920|10037092
37383921|37383921
37383922|10062437
37383923|10023092
37383924|10037085
37383925|37383925
37383926|10037100
37383927|37383927
37383928|10037885
37383929|37383929
37383930|10065980
37383931|37383931
37383932|10037165
37383933|37383933
37383934|10057059
37383935|37383935
37383936|10015581
37383937|10016776
37383938|10032435
37383939|10032436
37383940|37383940
37383941|10037154
37383942|10037155
37383943|10037156
37383944|10037157
37383945|10037158
37383946|10050576
37383947|10050577
37383948|10063160
37383949|10063406
37383950|10063407
37383951|10067810
37383952|10000595
37383953|10037159
37383954|37383954
37383955|10050185
37383956|37383956
37383957|37383957
37383958|10059409
37383959|10015140
37383960|37383960
37383961|10048796
37383962|37383962
37383963|37383963
37383964|10013784
37383965|10013785
37383966|10015138
37383967|10015139
37383968|10015143
37383969|10015585
37383970|10015587
37383971|10015724
37383972|10015725
37383973|10016064
37383974|10019117
37383975|10028837
37383976|10034120
37383977|37383977
37383978|10037845
37383979|10037851
37383980|10037856
37383981|10037863
37383982|10037872
37383983|10037873
37383984|10037874
37383985|10037875
37383986|10037893
37383987|10040841
37383988|10040913
37383989|10048332
37383990|10049326
37383991|10054770
37383992|10058692
37383993|10058694
37383994|10059872
37383995|10062704
37383996|10062705
37383997|10063646
37383998|10066739
37383999|10068748
37384000|10018081
37384001|10018095
37384002|10037848
37384003|37384003
37384004|10047983
37384005|10047984
37384006|10049201
37384007|10058693
37384008|10058721
37384009|10062432
37384010|10005876
37384011|10005877
37384012|10011862
37384013|10012884
37384014|10015283
37384015|10018087
37384016|10025418
37384017|37384017
37384018|10035064
37384019|10037548
37384020|37384020
37384021|10038183
37384022|10040806
37384023|10062439
37384024|10018093
37384025|10018094
37384026|10025422
37384027|10025423
37384028|10025424
37384029|10033727
37384030|37384030
37384031|10037894
37384032|10049195
37384033|10062442
37384034|10062443
37384035|37384035
37384036|10027022
37384037|10027023
37384038|10027967
37384039|10027968
37384040|10027969
37384041|10027970
37384042|10037869
37384043|37384043
37384044|37384044
37384045|37384045
37384046|10062880
37384047|10037861
37384048|10037897
37384049|37384049
37384050|10047376
37384051|10047377
37384052|10050331
37384053|10057990
37384054|37384054
37384055|10039767
37384056|10039787
37384057|10039794
37384058|37384058
37384059|10035112
37384060|10004196
37384061|10011983
37384062|37384062
37384063|10028881
37384064|10036651
37384065|10065959
37384066|10008405
37384067|37384067
37384068|37384068
37384069|37384069
37384070|37384070
37384071|10017338
37384072|10064128
37384073|37384073
37384074|10051073
37384075|10051152
37384076|10000615
37384077|37384077
37384078|10039981
37384079|10064126
37384080|37384080
37384081|10064129
37384082|10004976
37384083|10024282
37384084|37384084
37384085|37384085
37384086|10055657
37384087|37384087
37384088|10020714
37384089|10020715
37384090|37384090
37384091|10050574
37384092|37384092
37384093|37384093
37384094|10012362
37384095|10012363
37384096|10024876
37384097|37384097
37384098|10041739
37384099|37384099
37384100|37384100
37384101|10050575
37384102|10000164
37384103|10000165
37384104|10028009
37384105|10034437
37384106|10035018
37384107|10035019
37384108|10035022
37384109|10035028
37384110|10040715
37384111|10040910
37384112|10041740
37384113|37384113
37384114|37384114
37384115|10036259
37384116|10036260
37384117|10036261
37384118|10036811
37384119|37384119
37384120|37384120
37384121|10039704
37384122|37384122
37384123|10033677
37384124|37384124
37384125|37384125
37384126|37384126
37384127|10012421
37384128|37384128
37384129|10034981
37384130|37384130
37384131|10016666
37384132|10029494
37384133|37384133
37384134|10029495
37384135|37384135
37384136|37384136
37384137|37384137
37384138|37384138
37384139|10029423
37384140|37384140
37384141|37384141
37384142|10009142
37384143|10009143
37384144|10009144
37384145|10009154
37384146|10009155
37384147|10009156
37384148|10009157
37384149|10009158
37384150|10016980
37384151|10023026
37384152|10024134
37384153|10024946
37384154|37384154
37384155|10040945
37384156|10040947
37384157|10041957
37384158|10045303
37384159|10045326
37384160|10045334
37384161|10045373
37384162|10047246
37384163|10047259
37384164|10047260
37384165|10048922
37384166|10049034
37384167|10049684
37384168|10053157
37384169|10054911
37384170|10055219
37384171|10056803
37384172|10059103
37384173|10059105
37384174|10059816
37384175|10060790
37384176|10066677
37384177|10066683
37384178|10067106
37384179|10068310
37384180|37384180
37384181|10055336
37384182|10045345
37384183|10045346
37384184|37384184
37384185|10047003
37384186|10047015
37384187|10047016
37384188|37384188
37384189|10000498
37384190|10000500
37384191|10000505
37384192|10000506
37384193|10000508
37384194|10000510
37384195|10000512
37384196|10000516
37384197|10000517
37384198|10000519
37384199|10004981
37384200|10010101
37384201|10010102
37384202|10010103
37384203|10015573
37384204|10031445
37384205|10035048
37384206|10035049
37384207|10042023
37384208|10048494
37384209|37384209
37384210|10050486
37384211|10056955
37384212|10056961
37384213|37384213
37384214|37384214
37384215|10011758
37384216|37384216
37384217|37384217
37384218|10000509
37384219|10021736
37384220|37384220
37384221|37384221
37384222|10000520
37384223|37384223
37384224|10012433
37384225|10037846
37384226|10037847
37384227|10049843
37384228|37384228
37384229|37384229
37384230|10000357
37384231|37384231
37384232|10001763
37384233|10001768
37384234|10003669
37384235|10003670
37384236|10004082
37384237|10017380
37384238|10019045
37384239|10019050
37384240|10031488
37384241|10064731
37384242|37384242
37384243|37384243
37384244|10043199
37384245|10043200
37384246|37384246
37384247|10063921
37384248|37384248
37384249|37384249
37384250|37384250
37384251|10056538
37384252|37384252
37384253|10021127
37384254|10053919
37384255|37384255
37384256|10002513
37384257|37384257
37384258|10017075
37384259|37384259
37384260|37384260
37384261|10064395
37384262|37384262
37384263|37384263
37384264|10027628
37384265|10036667
37384266|10042660
37384267|10057044
37384268|10057045
37384269|10057046
37384270|37384270
37384271|10042656
37384272|10056957
37384273|37384273
37384274|10047972
37384275|10004970
37384276|10010063
37384277|37384277
37384278|10055517
37384279|10055539
37384280|10056119
37384281|10013359
37384282|10032646
37384283|10032693
37384284|37384284
37384285|10042654
37384286|10042662
37384287|10045827
37384288|37384288
37384289|10020865
37384290|10020867
37384291|10020868
37384292|10053924
37384293|37384293
37384294|37384294
37384295|10022014
37384296|10022015
37384297|10048457
37384298|10059822
37384299|37384299
37384300|37384300
37384301|37384301
37384302|37384302
37384303|37384303
37384304|10013075
37384305|10028691
37384306|37384306
37384307|10049922
37384308|10050658
37384309|10056121
37384310|10056127
37384311|10068211
37384312|10068212
37384313|37384313
37384314|10013110
37384315|10013127
37384316|10013239
37384317|10028684
37384318|10028689
37384319|10028690
37384320|37384320
37384321|10028696
37384322|10032627
37384323|10045750
37384324|10060901
37384325|37384325
37384326|10048307
37384327|37384327
37384328|10064768
37384329|37384329
37384330|10043924
37384331|10058330
37384332|37384332
37384333|37384333
37384334|37384334
37384335|37384335
37384336|10064253
37384337|10006373
37384338|37384338
37384339|10056527
37384340|10056537
37384341|10056549
37384342|10058101
37384343|37384343
37384344|10065260
37384345|37384345
37384346|37384346
37384347|37384347
37384348|10049281
37384349|37384349
37384350|37384350
37384351|37384351
37384352|10065628
37384353|37384353
37384354|10019031
37384355|10019032
37384356|10019033
37384357|10019034
37384358|10019035
37384359|10019036
37384360|10046978
37384361|10046979
37384362|10055525
37384363|10055526
37384364|10056128
37384365|10000195
37384366|10013122
37384367|10013226
37384368|37384368
37384369|10019038
37384370|10019047
37384371|10019048
37384372|10032624
37384373|10045747
37384374|10048017
37384375|10000147
37384376|37384376
37384377|10053821
37384378|10053822
37384379|10011647
37384380|10013779
37384381|10019040
37384382|37384382
37384383|10049489
37384384|37384384
37384385|10018621
37384386|37384386
37384387|10048778
37384388|10066380
37384389|10066381
37384390|10041665
37384391|37384391
37384392|10044626
37384393|10056820
37384394|37384394
37384395|10000514
37384396|10039098
37384397|37384397
37384398|10039221
37384399|37384399
37384400|10063920
37384401|10013133
37384402|10032631
37384403|10039781
37384404|10045756
37384405|10048246
37384406|37384406
37384407|10039783
37384408|37384408
37384409|37384409
37384410|10039479
37384411|10039786
37384412|37384412
37384413|10040858
37384414|10040922
37384415|10040923
37384416|10059294
37384417|10005132
37384418|37384418
37384419|10055274
37384420|10062922
37384421|37384421
37384422|10055275
37384423|10040894
37384424|10055335
37384425|10058677
37384426|37384426
37384427|10064266
37384428|37384428
37384429|10045456
37384430|10045457
37384431|10049289
37384432|10055353
37384433|10055354
37384434|37384434
37384435|10049931
37384436|10068062
37384437|10068064
37384438|37384438
37384439|37384439
37384440|10008458
37384441|10008459
37384442|10055391
37384443|37384443
37384444|37384444
37384445|37384445
37384446|10058724
37384447|10062582
37384448|10047072
37384449|10047109
37384450|37384450
37384451|10021219
37384452|37384452
37384453|37384453
37384454|10015247
37384455|37384455
37384456|37384456
37384457|10028010
37384458|10054788
37384459|10054789
37384460|10024650
37384461|37384461
37384462|10010781
37384463|10034639
37384464|37384464
37384465|10047140
37384466|10065104
37384467|10013016
37384468|10040950
37384469|10040951
37384470|37384470
37384471|10047186
37384472|10061516
37384473|10063097
37384474|10052166
37384475|37384475
37384476|10002462
37384477|10029388
37384478|10041516
37384479|10041518
37384480|37384480
37384481|10041520
37384482|10041521
37384483|10043187
37384484|10062807
37384485|37384485
37384486|10068846
37384487|10028253
37384488|10028254
37384489|37384489
37384490|10043193
37384491|10043194
37400000|10041244
37402329|10001474
37402330|10014136
37402331|10014931
37402332|10016214
37402333|10018057
37402334|10024136
37402335|10024450
37403838|10001475
37403839|10014137
37403840|10014565
37403841|10020420
37403842|10014932
37403843|10030014
37403844|10057169
37403845|10012356
37403846|10016213
37403847|10036569
37403848|10040489
37403849|10047402
37403850|10011391
37403851|10049180
37403852|10012776
37403853|10057171
37403854|10013662
37403855|10014268
37403856|10041249
37403857|10043905
37420346|10001318
37420347|10062756
37420348|10067579
37420349|10014039
37420350|10014348
37420351|10021731
37420352|10023936
37420353|10063750
37420354|10027182
37420355|10027308
37420356|10027569
37420357|10027575
37420358|10051775
37420359|10069087
37420360|10037280
37420361|10004089
37420362|10061114
37420363|10052562
37420364|10024916
37420365|10036465
37420366|10014055
37420367|10023192
37420368|10023193
37420369|10024861
37420370|10033308
37420371|10038942
37420372|10042210
37420373|10043502
37420374|10045520
37420375|10047695
37420376|10011858
37420377|10020361
37420378|10020362
37420379|10021579
37420380|10024729
37420381|10024733
37420382|10033294
37420383|10039002
37420384|10062885
37420385|10051841
37420386|10063599
37420387|10049711
37420388|10063600
37420389|10063601
37420390|10063602
37420391|10063603
37420392|10016784
37420393|10036021
37420394|10036159
37420395|10047838
37420396|10061316
37420397|10068469
37420398|10030017
37420399|10030018
37420400|10030019
37420401|10030020
37420402|10049436
37420403|10030023
37420404|10030026
37420405|10030028
37420406|10040634
37420407|10004478
37420408|10011919
37420409|10011930
37420410|10011931
37420411|10042470
37420412|10042474
37420413|10001477
37420414|10001635
37420415|10007664
37420416|10012265
37420417|10012686
37420418|10013053
37420419|10037255
37420420|10039645
37420421|10040637
37420422|10001322
37420423|10002877
37420424|10013571
37420425|10013572
37420426|10064117
37420427|10016215
37420428|10066076
37420429|10020374
37420430|10021558
37420431|10026834
37420432|10026843
37420433|10050353
37420434|10031120
37420435|10059260
37420436|10033304
37420437|10033981
37420438|10065022
37420439|10050192
37420440|10038013
37420441|10053277
37420442|10051871
37420443|10040721
37420444|10068407
37420445|10000209
37420446|10006039
37420447|10006247
37420448|10008511
37420449|10028160
37420450|10028163
37420451|10029826
37420452|10029827
37420453|10033997
37420454|10036757
37420455|10036758
37420456|10004963
37420457|10066099
37420458|10068980
37420459|10020018
37420460|10020082
37420461|10020375
37420462|10029540
37420463|10036890
37420464|10055004
37420465|10066098
37420466|10044337
37420467|10006594
37420468|10058984
37420469|10047401
37420470|10061409
37420471|10047404
37420472|10058974
37420473|10055167
37420474|10047405
37420475|10008509
37420476|10008514
37420477|10068954
37420478|10012215
37420479|10066053
37420480|10014347
37420481|10020364
37420482|10021554
37420483|10021616
37420484|10024137
37420485|10034982
37420486|10034983
37420487|10067669
37420488|10054953
37420489|10040461
37420490|10040589
37420491|10041746
37420492|10043405
37420493|10055166
37420494|10000340
37420495|10048921
37420496|10001612
37420497|10067555
37420498|10065158
37420499|10041241
37420500|10068315
37420501|10056657
37420502|10021577
37420503|10023491
37420504|10025377
37420505|10047178
37420506|10047179
37420507|10050954
37420508|10053667
37420509|10053699
37420510|10048948
37420511|10065535
37420512|10050854
37420513|10053686
37420514|10064776
37420515|10050858
37420516|10050857
37420517|10049029
37420518|10061102
37420519|10013050
37420520|10050585
37420521|10050853
37420522|10050865
37420523|10050863
37420524|10050862
37420525|10050852
37420526|10053194
37420527|10021417
37420528|10066112
37420529|10049564
37420530|10052302
37420531|10050850
37420532|10053668
37420533|10024092
37420534|10050861
37420535|10053670
37420536|10053671
37420537|10027353
37420538|10050851
37420539|10050849
37420540|10066194
37420541|10053201
37420542|10050864
37420543|10048624
37420544|10053669
37420545|10053154
37420546|10050855
37420547|10053672
37420548|10053685
37420549|10050778
37420550|10053204
37420551|10047920
37420552|10061111
37420553|10067689
37420554|10026938
37420555|10067688
37420556|10014270
37420557|10016115
37420558|10016671
37420559|10021401
37420560|10056405
37420561|10044700
37420562|10047905
37420563|10005494
37420564|10052308
37420565|10007866
37420566|10051248
37420567|10010833
37420568|10010834
37420569|10010835
37420570|10010888
37420571|10050866
37420572|10014021
37420573|10015599
37420574|10015636
37420575|10015650
37420576|10017059
37420577|10017655
37420578|10065690
37420579|10058985
37420580|10064624
37420581|10051822
37420582|10058840
37420583|10056407
37420584|10056406
37420585|10062254
37420586|10043115
37420587|10043143
37420588|10049414
37420589|10051249
37420590|10065386
37420591|10029560
37420592|10064066
37420593|10057581
37484492|37484492
37484493|37484493
37484494|10063112
37484495|37484495
37484496|37484496
37484497|37484497
37484498|37484498
37484499|10028977
37484500|10029392
37484501|37484501
37484502|37484502
37484503|37484503
37484504|10009285
37484505|10027296
37484506|10027303
37484507|37484507
37484508|10028812
37484509|10051826
37484510|10062974
37484511|37484511
37484512|10027570
37484513|10027571
37484514|10027572
37484515|37484515
37484516|37484516
37484517|37484517
37484518|37484518
37484519|37484519
37484520|10014138
37484521|10021569
37484522|10027813
37484523|37484523
37484524|37484524
37484525|37484525
37484526|10004228
37484527|37484527
37484528|10041251
37484529|37484529
37484530|37484530
37484531|10036891
37484532|37484532
37484533|10023195
37484534|10034733
37484535|10048022
37484536|10016698
37484537|10023194
37484538|37484538
37484539|10038228
37484540|10038229
37484541|37484541
37484542|10048023
37484543|10038941
37484544|37484544
37484545|10038943
37484546|37484546
37484547|37484547
37484548|10043503
37484549|10045518
37484550|10045519
37484551|37484551
37484552|37484552
37484553|37484553
37484554|37484554
37484555|10040719
37484556|37484556
37484557|37484557
37484558|10042426
37484559|37484559
37484560|10024730
37484561|10024731
37484562|10024732
37484563|37484563
37484564|37484564
37484565|10039001
37484566|37484566
37484567|37484567
37484568|10062887
37484569|37484569
37484570|10015707
37484571|10056398
37484572|37484572
37484573|10064070
37484574|37484574
37484575|10050421
37484576|10051213
37484577|10051214
37484578|10051215
37484579|10053892
37484580|10053893
37484581|10053894
37484582|10053895
37484583|10062554
37484584|10065136
37484585|10015708
37484586|10056399
37484587|37484587
37484588|10015709
37484589|10056400
37484590|37484590
37484591|10015710
37484592|10056401
37484593|37484593
37484594|10015712
37484595|10056402
37484596|37484596
37484597|37484597
37484598|37484598
37484599|10036022
37484600|37484600
37484601|10039480
37484602|10013640
37484603|10047835
37484604|37484604
37484605|10030011
37484606|10030016
37484607|37484607
37484608|37484608
37484609|37484609
37484610|37484610
37484611|37484611
37484612|10030024
37484613|37484613
37484614|10030021
37484615|10030022
37484616|37484616
37484617|37484617
37484618|37484618
37484619|10030027
37484620|10030013
37484621|37484621
37484622|10048021
37484623|37484623
37484624|37484624
37484625|10004479
37484626|37484626
37484627|10011922
37484628|37484628
37484629|10011916
37484630|10011917
37484631|10011918
37484632|10011920
37484633|10011921
37484634|10011923
37484635|10011924
37484636|10011925
37484637|10011926
37484638|10011927
37484639|10011928
37484640|10011929
37484641|37484641
37484642|10011932
37484643|10011933
37484644|10011934
37484645|10011935
37484646|10011936
37484647|10011937
37484648|37484648
37484649|10042472
37484650|10042467
37484651|10042468
37484652|10042469
37484653|10042471
37484654|10042473
37484655|37484655
37484656|10042475
37484657|10042476
37484658|10042477
37484659|10042478
37484660|10042479
37484661|10067296
37484662|10001476
37484663|37484663
37484664|10036767
37484665|37484665
37484666|10001636
37484667|37484667
37484668|10007665
37484669|10011327
37484670|37484670
37484671|10012266
37484672|10012649
37484673|37484673
37484674|10012690
37484675|10013052
37484676|37484676
37484677|10013054
37484678|10019130
37484679|10019131
37484680|10034992
37484681|37484681
37484682|10037257
37484683|10037258
37484684|10039641
37484685|37484685
37484686|10039646
37484687|10021346
37484688|10040635
37484689|10040636
37484690|37484690
37484691|10040640
37484692|10001321
37484693|37484693
37484694|10008510
37484695|10008512
37484696|10002874
37484697|10002876
37484698|37484698
37484699|10013570
37484700|37484700
37484701|37484701
37484702|10033984
37484703|10062302
37484704|37484704
37484705|10064119
37484706|10064123
37484707|10067061
37484708|37484708
37484709|10016216
37484710|37484710
37484711|10020371
37484712|37484712
37484713|10024243
37484714|10021555
37484715|10021556
37484716|10021557
37484717|37484717
37484718|10021559
37484719|10021560
37484720|10026833
37484721|37484721
37484722|10026835
37484723|10026842
37484724|37484724
37484725|10038315
37484726|37484726
37484727|37484727
37484728|37484728
37484729|37484729
37484730|10033980
37484731|37484731
37484732|10006384
37484733|10015503
37484734|10038305
37484735|10040042
37484736|10040043
37484737|37484737
37484738|37484738
37484739|37484739
37484740|10038014
37484741|37484741
37484742|37484742
37484743|10040718
37484744|10040720
37484745|37484745
37484746|37484746
37484747|10068409
37484748|37484748
37484749|37484749
37484750|37484750
37484751|37484751
37484752|10021399
37484753|10036561
37484754|10018710
37484755|10028150
37484756|37484756
37484757|10039800
37484758|10018665
37484759|10018666
37484760|10018667
37484761|10018668
37484762|37484762
37484763|10033999
37484764|10034000
37484765|10034001
37484766|10034002
37484767|10034003
37484768|37484768
37484769|37484769
37484770|10033746
37484771|37484771
37484772|10016704
37484773|10018709
37484774|37484774
37484775|10033998
37484776|37484776
37484777|10040728
37484778|37484778
37484779|37484779
37484780|37484780
37484781|10068994
37484782|37484782
37484783|37484783
37484784|10062454
37484785|10018049
37484786|10018051
37484787|10020369
37484788|10020370
37484789|10020372
37484790|10020373
37484791|37484791
37484792|10024244
37484793|37484793
37484794|10029805
37484795|37484795
37484796|37484796
37484797|37484797
37484798|10018055
37484799|10018056
37484800|37484800
37484801|10044338
37484802|10044339
37484803|10044340
37484804|10044341
37484805|10044352
37484806|37484806
37484807|10052304
37484808|37484808
37484809|10026727
37484810|37484810
37484811|10034984
37484812|10047403
37484813|37484813
37484814|37484814
37484815|37484815
37484816|10003727
37484817|10021617
37484818|10037840
37484819|10040468
37484820|10052564
37484821|37484821
37484822|10004182
37484823|37484823
37484824|37484824
37484825|10022522
37484826|10029528
37484827|10067613
37484828|37484828
37484829|37484829
37484830|10068955
37484831|37484831
37484832|10023251
37484833|10058655
37484834|37484834
37484835|37484835
37484836|10067614
37484837|10003536
37484838|37484838
37484839|10028280
37484840|10052565
37484841|37484841
37484842|10021615
37484843|10040041
37484844|10052563
37484845|37484845
37484846|37484846
37484847|10024138
37484848|10024646
37484849|37484849
37484850|10003537
37484851|10003538
37484852|10003725
37484853|10004183
37484854|37484854
37484855|10034985
37484856|10064160
37484857|37484857
37484858|37484858
37484859|10003726
37484860|10008515
37484861|10021699
37484862|10034216
37484863|10037839
37484864|10037843
37484865|37484865
37484866|10040462
37484867|10040467
37484868|10040485
37484869|10058649
37484870|10063494
37484871|10040587
37484872|10040588
37484873|37484873
37484874|37484874
37484875|10067615
37484876|10006592
37484877|10006593
37484878|10041966
37484879|37484879
37484880|10043429
37484881|37484881
37484882|10058654
37484883|37484883
37484884|10043185
37484885|37484885
37484886|37484886
37484887|10019352
37484888|37484888
37484889|37484889
37484890|37484890
37484891|37484891
37484892|37484892
37484893|37484893
37484894|37484894
37484895|10029892
37484896|37484896
37484897|37484897
37484898|37484898
37484899|37484899
37484900|37484900
37484901|37484901
37484902|37484902
37484903|37484903
37484904|10065538
37484905|10065539
37484906|37484906
37484907|10050871
37484908|10050883
37484909|10050859
37484910|10050887
37484911|37484911
37484912|10050856
37484913|10050885
37484914|37484914
37484915|10049126
37484916|37484916
37484917|10050874
37484918|10050875
37484919|37484919
37484920|10050873
37484921|10050886
37484922|37484922
37484923|10012343
37484924|10012347
37484925|37484925
37484926|37484926
37484927|10013051
37484928|10022876
37484929|10065362
37484930|37484930
37484931|37484931
37484932|10050882
37484933|10050860
37484934|37484934
37484935|10050888
37484936|10050893
37484937|37484937
37484938|10050891
37484939|37484939
37484940|10050890
37484941|10050295
37484942|37484942
37484943|37484943
37484944|37484944
37484945|10049992
37484946|37484946
37484947|37484947
37484948|10050503
37484949|37484949
37484950|37484950
37484951|10050867
37484952|10050868
37484953|10050869
37484954|10050880
37484955|37484955
37484956|37484956
37484957|37484957
37484958|10050876
37484959|10050877
37484960|10050889
37484961|37484961
37484962|37484962
37484963|37484963
37484964|10027354
37484965|10067989
37484966|37484966
37484967|10050870
37484968|10050881
37484969|37484969
37484970|10050879
37484971|10050810
37484972|37484972
37484973|37484973
37484974|37484974
37484975|10050878
37484976|10050892
37484977|37484977
37484978|37484978
37484979|37484979
37484980|37484980
37484981|10050872
37484982|10050884
37484983|37484983
37484984|37484984
37484985|37484985
37484986|10050809
37484987|10050811
37484988|10050812
37484989|37484989
37484990|37484990
37484991|10001120
37484992|10013656
37484993|10013657
37484994|10022038
37484995|10022830
37484996|10022831
37484997|10023104
37484998|37484998
37484999|37484999
37485000|10068293
37485001|37485001
37485002|10018448
37485003|10047686
37485004|10059852
37485005|37485005
37485006|10000344
37485007|10014269
37485008|37485008
37485009|10021582
37485010|10034714
37485011|10045491
37485012|10045492
37485013|37485013
37485014|37485014
37485015|37485015
37485016|10024918
37485017|10036157
37485018|10036158
37485019|10036162
37485020|10036165
37485021|10036166
37485022|10023937
37485023|37485023
37485024|37485024
37485025|10020092
37485026|37485026
37485027|37485027
37485028|10033370
37485029|10035280
37485030|10047696
37485031|37485031
37485032|37485032
37485033|37485033
37485034|37485034
37485035|10027089
37485036|37485036
37485037|37485037
37485038|10010887
37485039|37485039
37485040|37485040
37485041|37485041
37485042|37485042
37485043|10015635
37485044|10015647
37485045|10015634
37485046|37485046
37485047|10015651
37485048|37485048
37485049|10021578
37485050|10039900
37485051|37485051
37485052|10044550
37485053|10044551
37485054|10017654
37485055|37485055
37485056|37485056
37485057|37485057
37485058|10058986
37485059|37485059
37485060|10065429
37485061|37485061
37485062|37485062
37485063|10038277
37485064|10038278
37485065|10042612
37485066|10044558
37485067|37485067
37485068|10038276
37485069|10038279
37485070|10042611
37485071|10044557
37485072|37485072
37485073|10056425
37485074|10041252
37485075|37485075
37485076|37485076
37485077|10051281
37485078|10051282
37485079|37485079
37485080|10043144
37485081|37485081
37485082|37485082
37485083|10008374
37485084|10015572
37485085|10038016
37485086|37485086
37485087|10029523
37485088|37485088
37485089|10029665
37485090|37485090
37485091|10009179
37485092|10009180
37485093|10019351
37485094|10019361
37485095|10035073
37485096|10048880
37485097|37485097
37500000|10042613
37502336|10005944
37502337|10006295
37502338|10007593
37502339|10014705
37502340|10015957
37502341|10017998
37502342|10025309
37502343|10019190
37502344|10019818
37502345|10025506
37502346|10009720
37502347|10029903
37502348|10052863
37502349|10038365
37502350|10038737
37502351|10040795
37502352|10041297
37502353|10043413
37502354|10003184
37503858|10006005
37503859|10006000
37503860|10044556
37503861|10023221
37503862|10024502
37503863|10006269
37503864|10006304
37503865|10027659
37503866|10026879
37503867|10007600
37503868|10027660
37503869|10007615
37503870|10010401
37503871|10001357
37503872|10052722
37503873|10020382
37503874|10033951
37503875|10035081
37503876|10043760
37503877|10043755
37503878|10008772
37503879|10010988
37503880|10027675
37503881|10015994
37503882|10022947
37503883|10023617
37503884|10024209
37503885|10031028
37503886|10038890
37503887|10027653
37503888|10002580
37503889|10017813
37503890|10018005
37503891|10018013
37503892|10019931
37503893|10023803
37503894|10030179
37503895|10033638
37503896|10033634
37503897|10041130
37503898|10019028
37503899|10052729
37503900|10052724
37503901|10025308
37503902|10012317
37503903|10037797
37503904|10015737
37503905|10016058
37503906|10052723
37503907|10022397
37503908|10023847
37503909|10024560
37503910|10026898
37503911|10027588
37503912|10028752
37503913|10033527
37503914|10033852
37503915|10034831
37503916|10039420
37503917|10043968
37503918|10044005
37503919|10004675
37503920|10019704
37503921|10052728
37503922|10067227
37503923|10014997
37503924|10038591
37503925|10034309
37503926|10036969
37503927|10036967
37503928|10043297
37503929|10003838
37503930|10006135
37503931|10011579
37503932|10011313
37503933|10052731
37503934|10034588
37503935|10040957
37503936|10041590
37503937|10008294
37503938|10010812
37503939|10015738
37503940|10016189
37503941|10016471
37503942|10057186
37503943|10052725
37503944|10021717
37503945|10029906
37503946|10033274
37503947|10046817
37503948|10046808
37503949|10046936
37503950|10052734
37503951|10005068
37503952|10005061
37503953|10023431
37503954|10043410
37503955|10046407
37503956|10046460
37503957|10052726
37503958|10006412
37503959|10008494
37503960|10012724
37503961|10035614
37503962|10035612
37503963|10025116
37503964|10052727
37503965|10044297
37503966|10028701
37503967|10040794
37503968|10040854
37503969|10040871
37503970|10040885
37503971|10040912
37503972|10052732
37503973|10016224
37503974|10028321
37503975|10052733
37503976|10052876
37503977|10043243
37503978|10002092
37503979|10002185
37503980|10002790
37503981|10007881
37503982|10008442
37503983|10011824
37503984|10065877
37503985|10052730
37503986|10018059
37503987|10021431
37503988|10027861
37503989|10034976
37503990|10036896
37503991|10037796
37503992|10027700
37503993|10045172
37503994|10002903
37503995|10003167
37503996|10047094
37503997|10047231
37520594|10014435
37520595|10017675
37520596|10034947
37520597|10062089
37520598|10048197
37520599|10052168
37520600|10057612
37520601|10057606
37520602|10005971
37520603|10005978
37520604|10061731
37520605|10006014
37520606|10015076
37520607|10053064
37520608|10069066
37520609|10051079
37520610|10053268
37520611|10031258
37520612|10048881
37520613|10053269
37520614|10031300
37520615|10052385
37520616|10038322
37520617|10038338
37520618|10039010
37520619|10053437
37520620|10009506
37520621|10015741
37520622|10057147
37520623|10057609
37520624|10061959
37520625|10017296
37520626|10059362
37520627|10022576
37520628|10030682
37520629|10040782
37520630|10050195
37520631|10049012
37520632|10049247
37520633|10061683
37520634|10069029
37520635|10058471
37520636|10052167
37520637|10067896
37520638|10006586
37520639|10065389
37520640|10067100
37520641|10020096
37520642|10051060
37520643|10057681
37520644|10052988
37520645|10066994
37520646|10023218
37520647|10052987
37520648|10023220
37520649|10064763
37520650|10060788
37520651|10051056
37520652|10023469
37520653|10049548
37520654|10065122
37520655|10054948
37520656|10056722
37520657|10066893
37520658|10034126
37520659|10068972
37520660|10038329
37520661|10053291
37520662|10050324
37520663|10049551
37520664|10062242
37520665|10042857
37520666|10048875
37520667|10050123
37520668|10067891
37520669|10051062
37520670|10063086
37520671|10061627
37520672|10002012
37520673|10003096
37520674|10068643
37520675|10016678
37520676|10016687
37520677|10016960
37520678|10061160
37520679|10019110
37520680|10019118
37520681|10020098
37520682|10065129
37520683|10024124
37520684|10062615
37520685|10061226
37520686|10056662
37520687|10068835
37520688|10027435
37520689|10027486
37520690|10027554
37520691|10062500
37520692|10043913
37520693|10043920
37520694|10067202
37520695|10004242
37520696|10052169
37520697|10061733
37520698|10025540
37520699|10006082
37520700|10014437
37520701|10017677
37520702|10034949
37520703|10062090
37520704|10048199
37520705|10006221
37520706|10061734
37520707|10006303
37520708|10054831
37520709|10006305
37520710|10068151
37520711|10069117
37520712|10068647
37520713|10015721
37520714|10026878
37520715|10027799
37520716|10037773
37520717|10040700
37520718|10007597
37520719|10007598
37520720|10007601
37520721|10049434
37520722|10053271
37520723|10049442
37520724|10052958
37520725|10057459
37520726|10059831
37520727|10052371
37520728|10059864
37520729|10007514
37520730|10059163
37520731|10061026
37520732|10052909
37520733|10059862
37520734|10052910
37520735|10052911
37520736|10066123
37520737|10007661
37520738|10066324
37520739|10065915
37520740|10056409
37520741|10019314
37520742|10053358
37520743|10034471
37520744|10034475
37520745|10057463
37520746|10053066
37520747|10056263
37520748|10067627
37520749|10067697
37520750|10059211
37520751|10061652
37520752|10002916
37520753|10002920
37520754|10064194
37520755|10019317
37520756|10061994
37520757|10061995
37520758|10049748
37520759|10062202
37520760|10027732
37520761|10027736
37520762|10061925
37520763|10037449
37520764|10037452
37520765|10052690
37520766|10044641
37520767|10044643
37520768|10052681
37520769|10066834
37520770|10003667
37520771|10068964
37520772|10064200
37520773|10014657
37520774|10068098
37520775|10052717
37520776|10067017
37520777|10047301
37520778|10068973
37520779|10061622
37520780|10058176
37520781|10054185
37520782|10053068
37520783|10058846
37520784|10067528
37520785|10001325
37520786|10001392
37520787|10002263
37520788|10002264
37520789|10002730
37520790|10002816
37520791|10002818
37520792|10002819
37520793|10003102
37520794|10048783
37520795|10020388
37520796|10064068
37520797|10065646
37520798|10030251
37520799|10030252
37520800|10064048
37520801|10036796
37520802|10036797
37520803|10038312
37520804|10041327
37520805|10062117
37520806|10064728
37520807|10053333
37520808|10033959
37520809|10033968
37520810|10006088
37520811|10057156
37520812|10057574
37520813|10035108
37520814|10052389
37520815|10017685
37520816|10034957
37520817|10037784
37520818|10062098
37520819|10043722
37520820|10048207
37520821|10065359
37520822|10043683
37520823|10043684
37520824|10043691
37520825|10068076
37520826|10043754
37520827|10062126
37520828|10065358
37520829|10062127
37520830|10052702
37520831|10008780
37520832|10061782
37520833|10010732
37520834|10052932
37520835|10037264
37520836|10038324
37520837|10011028
37520838|10061789
37520839|10011050
37520840|10011051
37520841|10054846
37520842|10069089
37520843|10067903
37520844|10066900
37520845|10023374
37520846|10067902
37520847|10057433
37520848|10062154
37520849|10065344
37520850|10061851
37520851|10053300
37520852|10057105
37520853|10061852
37520854|10053846
37520855|10050156
37520856|10057098
37520857|10065289
37520858|10065387
37520859|10053299
37520860|10067701
37520861|10034285
37520862|10059276
37520863|10063613
37520864|10038327
37520865|10058310
37520866|10065995
37520867|10047644
37520868|10065300
37520869|10005156
37520870|10005158
37520871|10057401
37520872|10011645
37520873|10061853
37520874|10016002
37520875|10037275
37520876|10038328
37520877|10061769
37520878|10022940
37520879|10022944
37520880|10057420
37520881|10044277
37520882|10052672
37520883|10052939
37520884|10011847
37520885|10064268
37520886|10023633
37520887|10064120
37520888|10063797
37520889|10054766
37520890|10067434
37520891|10052133
37520892|10052980
37520893|10053294
37520894|10066417
37520895|10038331
37520896|10067062
37520897|10015923
37520898|10015952
37520899|10052671
37520900|10015954
37520901|10015955
37520902|10069060
37520903|10069061
37520904|10031034
37520905|10065372
37520906|10069136
37520907|10052697
37520908|10038840
37520909|10067848
37520910|10038873
37520911|10062107
37520912|10067870
37520913|10038900
37520914|10066985
37520915|10066785
37520916|10059486
37520917|10053309
37520918|10061609
37520919|10053298
37520920|10000094
37520921|10061611
37520922|10053774
37520923|10005269
37520924|10053361
37520925|10018736
37520926|10022427
37520927|10058468
37520928|10023696
37520929|10030305
37520930|10065257
37520931|10033644
37520932|10053297
37520933|10034397
37520934|10034651
37520935|10057837
37520936|10069067
37520937|10038317
37520938|10038568
37520939|10067302
37520940|10038957
37520941|10057204
37520942|10002155
37520943|10002157
37520944|10002160
37520945|10002169
37520946|10002171
37520947|10002175
37520948|10068132
37520949|10050622
37520950|10059624
37520951|10051479
37520952|10056279
37520953|10051480
37520954|10053267
37520955|10038070
37520956|10038075
37520957|10038078
37520958|10066323
37520959|10064044
37520960|10059389
37520961|10038570
37520962|10038616
37520963|10053458
37520964|10057776
37520965|10067014
37520966|10065265
37520967|10064023
37520968|10061965
37520969|10060785
37520970|10061966
37520971|10061969
37520972|10017816
37520973|10049167
37520974|10049409
37520975|10057348
37520976|10017873
37520977|10017882
37520978|10064064
37520979|10063147
37520980|10048978
37520981|10053049
37520982|10052592
37520983|10048852
37520984|10051493
37520985|10037626
37520986|10037627
37520987|10057206
37520988|10039245
37520989|10058795
37520990|10053280
37520991|10006083
37520992|10014438
37520993|10017678
37520994|10034950
37520995|10062092
37520996|10048200
37520997|10055660
37520998|10002781
37520999|10057005
37521000|10057074
37521001|10057389
37521002|10017792
37521003|10068197
37521004|10053074
37521005|10065100
37521006|10068093
37521007|10053050
37521008|10064069
37521009|10057161
37521010|10063950
37521011|10068066
37521012|10052997
37521013|10052993
37521014|10057146
37521015|10052991
37521016|10062024
37521017|10052756
37521018|10054193
37521019|10065664
37521020|10052990
37521021|10051786
37521022|10024044
37521023|10028128
37521024|10059610
37521025|10057024
37521026|10068048
37521027|10059388
37521028|10060802
37521029|10016438
37521030|10062003
37521031|10021623
37521032|10022020
37521033|10042167
37521034|10045462
37521035|10003010
37521036|10066943
37521037|10006918
37521038|10062859
37521039|10006920
37521040|10055663
37521041|10061778
37521042|10009879
37521043|10050152
37521044|10052931
37521045|10061779
37521046|10009979
37521047|10049804
37521048|10010041
37521049|10010045
37521050|10050314
37521051|10063056
37521052|10023794
37521053|10023800
37521054|10062032
37521055|10068882
37521056|10059848
37521057|10053770
37521058|10007861
37521059|10007862
37521060|10058453
37521061|10057305
37521062|10058381
37521063|10053060
37521064|10030174
37521065|10061319
37521066|10067101
37521067|10030198
37521068|10050898
37521069|10030207
37521070|10030208
37521071|10030215
37521072|10051918
37521073|10030221
37521074|10068839
37521075|10053056
37521076|10038333
37521077|10006087
37521078|10014441
37521079|10017681
37521080|10034953
37521081|10062095
37521082|10048203
37521083|10052378
37521084|10058845
37521085|10033596
37521086|10063398
37521087|10058384
37521088|10033631
37521089|10061903
37521090|10033636
37521091|10057022
37521092|10052377
37521093|10053332
37521094|10052376
37521095|10061826
37521096|10063712
37521097|10013863
37521098|10064826
37521099|10053072
37521100|10062010
37521101|10057006
37521102|10021319
37521103|10021321
37521104|10060784
37521105|10062027
37521106|10057007
37521107|10023180
37521108|10023181
37521109|10034390
37521110|10036207
37521111|10039003
37521112|10068937
37521113|10041094
37521114|10041099
37521115|10041105
37521116|10062252
37521117|10052277
37521118|10001756
37521119|10061653
37521120|10003829
37521121|10003845
37521122|10005765
37521123|10051646
37521124|10051410
37521125|10009678
37521126|10010980
37521127|10051525
37521128|10050454
37521129|10051717
37521130|10015610
37521131|10053943
37521132|10051524
37521133|10051718
37521134|10027703
37521135|10028937
37521136|10033359
37521137|10051716
37521138|10065517
37521139|10035288
37521140|10035486
37521141|10035543
37521142|10051719
37521143|10050453
37521144|10066152
37521145|10045553
37521146|10052680
37521147|10052864
37521148|10052865
37521149|10052866
37521150|10052867
37521151|10062088
37521152|10052869
37521153|10053468
37521154|10053460
37521155|10062578
37521156|10066303
37521157|10061730
37521158|10066338
37521159|10061105
37521160|10059015
37521161|10066124
37521162|10053054
37521163|10018875
37521164|10067395
37521165|10067439
37521166|10063905
37521167|10034660
37521168|10065357
37521169|10063581
37521170|10043568
37521171|10048956
37521172|10052975
37521173|10052974
37521174|10068967
37521175|10063616
37521176|10056510
37521177|10053295
37521178|10041642
37521179|10051500
37521180|10043661
37521181|10057973
37521182|10002960
37521183|10058456
37521184|10056723
37521185|10051047
37521186|10064947
37521187|10052942
37521188|10064143
37521189|10052943
37521190|10061812
37521191|10052944
37521192|10051085
37521193|10066783
37521194|10050338
37521195|10056982
37521196|10066851
37521197|10052179
37521198|10031121
37521199|10056983
37521200|10062132
37521201|10044051
37521202|10044053
37521203|10044054
37521204|10069065
37521205|10047991
37521206|10006084
37521207|10014439
37521208|10017679
37521209|10034951
37521210|10062091
37521211|10062094
37521212|10062097
37521213|10048201
37521214|10050336
37521215|10058074
37521216|10015736
37521217|10059588
37521218|10035065
37521219|10038326
37521220|10016026
37521221|10016050
37521222|10061854
37521223|10023152
37521224|10059242
37521225|10054806
37521226|10035509
37521227|10061831
37521228|10067833
37521229|10064532
37521230|10064531
37521231|10052967
37521232|10053310
37521233|10053328
37521234|10052764
37521235|10051059
37521236|10053322
37521237|10068891
37521238|10063610
37521239|10053470
37521240|10009830
37521241|10062990
37521242|10066849
37521243|10047384
37521244|10052666
37521245|10052667
37521246|10055055
37521247|10052983
37521248|10062034
37521249|10023852
37521250|10052985
37521251|10023853
37521252|10023872
37521253|10052670
37521254|10052668
37521255|10052981
37521256|10038330
37521257|10068485
37521258|10065128
37521259|10064092
37521260|10052669
37521261|10056999
37521262|10024555
37521263|10052977
37521264|10024565
37521265|10026896
37521266|10062054
37521267|10026899
37521268|10066408
37521269|10057900
37521270|10057927
37521271|10015545
37521272|10027587
37521273|10068893
37521274|10027589
37521275|10053296
37521276|10028662
37521277|10061892
37521278|10031147
37521279|10053290
37521280|10041915
37521281|10069123
37521282|10056212
37521283|10045217
37521284|10007829
37521285|10015753
37521286|10058525
37521287|10028733
37521288|10064609
37521289|10054785
37521290|10052968
37521291|10069202
37521292|10062210
37521293|10028755
37521294|10028760
37521295|10052079
37521296|10038332
37521297|10039099
37521298|10040098
37521299|10045180
37521300|10009272
37521301|10015620
37521302|10064944
37521303|10065287
37521304|10066302
37521305|10056276
37521306|10051961
37521307|10052682
37521308|10002844
37521309|10051774
37521310|10017379
37521311|10026950
37521312|10066911
37521313|10062245
37521314|10041508
37521315|10063998
37521316|10062076
37521317|10034833
37521318|10051473
37521319|10038334
37521320|10067984
37521321|10064214
37521322|10052183
37521323|10034036
37521324|10039395
37521325|10064759
37521326|10039422
37521327|10018383
37521328|10062130
37521329|10043988
37521330|10001230
37521331|10001256
37521332|10044006
37521333|10064673
37521334|10064674
37521335|10004608
37521336|10051773
37521337|10056507
37521338|10063425
37521339|10058382
37521340|10057205
37521341|10061696
37521342|10008611
37521343|10067426
37521344|10008624
37521345|10052923
37521346|10049152
37521347|10057601
37521348|10052924
37521349|10008627
37521350|10052925
37521351|10051825
37521352|10058383
37521353|10061962
37521354|10051772
37521355|10061997
37521356|10056203
37521357|10053000
37521358|10062040
37521359|10024714
37521360|10036204
37521361|10052870
37521362|10052871
37521363|10052872
37521364|10052873
37521365|10062093
37521366|10052875
37521367|10010274
37521368|10065589
37521369|10065591
37521370|10014996
37521371|10053276
37521372|10014999
37521373|10062161
37521374|10041492
37521375|10054260
37521376|10053326
37521377|10047133
37521378|10047136
37521379|10047137
37521380|10054139
37521381|10065590
37521382|10002011
37521383|10009199
37521384|10052936
37521385|10062063
37521386|10049661
37521387|10069104
37521388|10052960
37521389|10069106
37521390|10034327
37521391|10053334
37521392|10036623
37521393|10006089
37521394|10014442
37521395|10017683
37521396|10034955
37521397|10061544
37521398|10048205
37521399|10063690
37521400|10061916
37521401|10061917
37521402|10050756
37521403|10038961
37521404|10042594
37521405|10068693
37521406|10044445
37521407|10049628
37521408|10062008
37521409|10031060
37521410|10031061
37521411|10054136
37521412|10039747
37521413|10062157
37521414|10043293
37521415|10052661
37521416|10043346
37521417|10043347
37521418|10046989
37521419|10064094
37521420|10061665
37521421|10057607
37521422|10042738
37521423|10042739
37521424|10042740
37521425|10069142
37521426|10052077
37521427|10052078
37521428|10046963
37521429|10006081
37521430|10014436
37521431|10017676
37521432|10034948
37521433|10061542
37521434|10051505
37521435|10048198
37521436|10011577
37521437|10011578
37521438|10061799
37521439|10011580
37521440|10011587
37521441|10011588
37521442|10068892
37521443|10068731
37521444|10020360
37521445|10056255
37521446|10047286
37521447|10068565
37521448|10047304
37521449|10047305
37521450|10047306
37521451|10000111
37521452|10000524
37521453|10061791
37521454|10016055
37521455|10030073
37521456|10053272
37521457|10044646
37521458|10044650
37521459|10044651
37521460|10044691
37521461|10053763
37521462|10061444
37521463|10067056
37521464|10052919
37521465|10053765
37521466|10053301
37521467|10053977
37521468|10069205
37521469|10067908
37521470|10052676
37521471|10051212
37521472|10052675
37521473|10007695
37521474|10022532
37521475|10024028
37521476|10024034
37521477|10029179
37521478|10053303
37521479|10053304
37521480|10053305
37521481|10053335
37521482|10057610
37521483|10034584
37521484|10034585
37521485|10034587
37521486|10061341
37521487|10062902
37521488|10068663
37521489|10043120
37521490|10055156
37521491|10056410
37521492|10061732
37521493|10053749
37521494|10052172
37521495|10052940
37521496|10054796
37521497|10008128
37521498|10051902
37521499|10052927
37521500|10064518
37521501|10052937
37521502|10011320
37521503|10011322
37521504|10056336
37521505|10052957
37521506|10014487
37521507|10014618
37521508|10051648
37521509|10022738
37521510|10062025
37521511|10053200
37521512|10027286
37521513|10053575
37521514|10062101
37521515|10066143
37521516|10042363
37521517|10052662
37521518|10052947
37521519|10052994
37521520|10052929
37521521|10068231
37521522|10066924
37521523|10057322
37521524|10068697
37521525|10064161
37521526|10027267
37521527|10027288
37521528|10030684
37521529|10037781
37521530|10039727
37521531|10041551
37521532|10053348
37521533|10052926
37521534|10063841
37521535|10041563
37521536|10041564
37521537|10050505
37521538|10041576
37521539|10068861
37521540|10041578
37521541|10053714
37521542|10062262
37521543|10053002
37521544|10053048
37521545|10052920
37521546|10064017
37521547|10063565
37521548|10056193
37521549|10008256
37521550|10008278
37521551|10008298
37521552|10049493
37521553|10008349
37521554|10054992
37521555|10008350
37521556|10061752
37521557|10057882
37521558|10056754
37521559|10064999
37521560|10004713
37521561|10067045
37521562|10010808
37521563|10010810
37521564|10010811
37521565|10056411
37521566|10053666
37521567|10016387
37521568|10056199
37521569|10062577
37521570|10022745
37521571|10049480
37521572|10049481
37521573|10030970
37521574|10036251
37521575|10060346
37521576|10004141
37521577|10009307
37521578|10062030
37521579|10022856
37521580|10034529
37521581|10034530
37521582|10047757
37521583|10062136
37521584|10047772
37521585|10047779
37521586|10014168
37521587|10016188
37521588|10064510
37521589|10039449
37521590|10039464
37521591|10039465
37521592|10039467
37521593|10039474
37521594|10056426
37521595|10064509
37521596|10044720
37521597|10044721
37521598|10056412
37521599|10056413
37521600|10003539
37521601|10017658
37521602|10056204
37521603|10053370
37521604|10051936
37521605|10033312
37521606|10053369
37521607|10057294
37521608|10068236
37521609|10053052
37521610|10067029
37521611|10059849
37521612|10000220
37521613|10060928
37521614|10067499
37521615|10003440
37521616|10061661
37521617|10006348
37521618|10006924
37521619|10015087
37521620|10015550
37521621|10016991
37521622|10022731
37521623|10052856
37521624|10052855
37521625|10069058
37521626|10058340
37521627|10053327
37521628|10052854
37521629|10052859
37521630|10052853
37521631|10052857
37521632|10064625
37521633|10048773
37521634|10046868
37521635|10047268
37521636|10006086
37521637|10061889
37521638|10030339
37521639|10033137
37521640|10058851
37521641|10052089
37521642|10033278
37521643|10051939
37521644|10053329
37521645|10063614
37521646|10006091
37521647|10014444
37521648|10017686
37521649|10034958
37521650|10061547
37521651|10048208
37521652|10051908
37521653|10057902
37521654|10021151
37521655|10063007
37521656|10052998
37521657|10049149
37521658|10021171
37521659|10028634
37521660|10037771
37521661|10052201
37521662|10057304
37521663|10067801
37521664|10065077
37521665|10062234
37521666|10046813
37521667|10046815
37521668|10052963
37521669|10052683
37521670|10054179
37521671|10006092
37521672|10061780
37521673|10010070
37521674|10050121
37521675|10065270
37521676|10020545
37521677|10034245
37521678|10063615
37521679|10052202
37521680|10064421
37521681|10046907
37521682|10062166
37521683|10051694
37521684|10059349
37521685|10060776
37521686|10059110
37521687|10054206
37521688|10054976
37521689|10066478
37521690|10064773
37521691|10014404
37521692|10020929
37521693|10037246
37521694|10037247
37521695|10006080
37521696|10014434
37521697|10017674
37521698|10034946
37521699|10061546
37521700|10048196
37521701|10068854
37521702|10065909
37521703|10004993
37521704|10005002
37521705|10053387
37521706|10050323
37521707|10066923
37521708|10048923
37521709|10058850
37521710|10056416
37521711|10005055
37521712|10064272
37521713|10061699
37521714|10063583
37521715|10005070
37521716|10061559
37521717|10064256
37521718|10059351
37521719|10057008
37521720|10050328
37521721|10011817
37521722|10060913
37521723|10012763
37521724|10052693
37521725|10046527
37521726|10020525
37521727|10063710
37521728|10023395
37521729|10029116
37521730|10063171
37521731|10029157
37521732|10050001
37521733|10051715
37521734|10067699
37521735|10053293
37521736|10037607
37521737|10051492
37521738|10065438
37521739|10038345
37521740|10038425
37521741|10038477
37521742|10053292
37521743|10038528
37521744|10051061
37521745|10038533
37521746|10038542
37521747|10005024
37521748|10005025
37521749|10005026
37521750|10005027
37521751|10005028
37521752|10052689
37521753|10052688
37521754|10050307
37521755|10052275
37521756|10046389
37521757|10046391
37521758|10062222
37521759|10046410
37521760|10052687
37521761|10046412
37521762|10064701
37521763|10052686
37521764|10066895
37521765|10046713
37521766|10069105
37521767|10064047
37521768|10053491
37521769|10066000
37521770|10046438
37521771|10057203
37521772|10046457
37521773|10062224
37521774|10046463
37521775|10058111
37521776|10049173
37521777|10068926
37521778|10038572
37521779|10066008
37521780|10066003
37521781|10057611
37521782|10058385
37521783|10055120
37521784|10066321
37521785|10063608
37521786|10006439
37521787|10052751
37521788|10063653
37521789|10062565
37521790|10067851
37521791|10057334
37521792|10024741
37521793|10063611
37521794|10062043
37521795|10025127
37521796|10067849
37521797|10052961
37521798|10051476
37521799|10035663
37521800|10050522
37521801|10061759
37521802|10056583
37521803|10053306
37521804|10039116
37521805|10067099
37521806|10042016
37521807|10051501
37521808|10053975
37521809|10052703
37521810|10052704
37521811|10043484
37521812|10067363
37521813|10043491
37521814|10061817
37521815|10019913
37521816|10019915
37521817|10014445
37521818|10017682
37521819|10023079
37521820|10034954
37521821|10058077
37521822|10068942
37521823|10066322
37521824|10062086
37521825|10066784
37521826|10035617
37521827|10035625
37521828|10006085
37521829|10014440
37521830|10017680
37521831|10034952
37521832|10061543
37521833|10048202
37521834|10067449
37521835|10064530
37521836|10052934
37521837|10057480
37521838|10052959
37521839|10052984
37521840|10067221
37521841|10050322
37521842|10059890
37521843|10059390
37521844|10059828
37521845|10056353
37521846|10067450
37521847|10067205
37521848|10052696
37521849|10044290
37521850|10062213
37521851|10044298
37521852|10069120
37521853|10066020
37521854|10044320
37521855|10044324
37521856|10062208
37521857|10034017
37521858|10047884
37521859|10006702
37521860|10006703
37521861|10006770
37521862|10012364
37521863|10012423
37521864|10052946
37521865|10065267
37521866|10057255
37521867|10053062
37521868|10019369
37521869|10064836
37521870|10035047
37521871|10038337
37521872|10052608
37521873|10062251
37521874|10042655
37521875|10065688
37521876|10019051
37521877|10062247
37521878|10040861
37521879|10002665
37521880|10061821
37521881|10062248
37521882|10053845
37521883|10056875
37521884|10014988
37521885|10027805
37521886|10033714
37521887|10039583
37521888|10039779
37521889|10040819
37521890|10062250
37521891|10059443
37521892|10040944
37521893|10043145
37521894|10047827
37521895|10006090
37521896|10014443
37521897|10017684
37521898|10034956
37521899|10061545
37521900|10048206
37521901|10064112
37521902|10052913
37521903|10052914
37521904|10065021
37521905|10053070
37521906|10006807
37521907|10058386
37521908|10013873
37521909|10016223
37521910|10061856
37521911|10016227
37521912|10016237
37521913|10067670
37521914|10052969
37521915|10066878
37521916|10057608
37521917|10028312
37521918|10028317
37521919|10062206
37521920|10028325
37521921|10058909
37521922|10028329
37521923|10028340
37521924|10028523
37521925|10051466
37521926|10052877
37521927|10052878
37521928|10052879
37521929|10052880
37521930|10062096
37521931|10052882
37521932|10056588
37521933|10024614
37521934|10048701
37521935|10067832
37521936|10062068
37521937|10066007
37521938|10062121
37521939|10043250
37521940|10043251
37521941|10043253
37521942|10062318
37521943|10065570
37521944|10069102
37521945|10043259
37521946|10043263
37521947|10067564
37521948|10057616
37521949|10058073
37521950|10015011
37521951|10067174
37521952|10052018
37521953|10018060
37521954|10059251
37521955|10021723
37521956|10021724
37521957|10021945
37521958|10024458
37521959|10024758
37521960|10025445
37521961|10029173
37521962|10057286
37521963|10057285
37521964|10050293
37521965|10059283
37521966|10041536
37521967|10061631
37521968|10053469
37521969|10055034
37521970|10056350
37521971|10054799
37521972|10036276
37521973|10058316
37521974|10067768
37521975|10068723
37521976|10067326
37521977|10068724
37521978|10068301
37521979|10025250
37521980|10065444
37521981|10061758
37521982|10008444
37521983|10048540
37521984|10008450
37521985|10008451
37521986|10008452
37521987|10008453
37521988|10008454
37521989|10008455
37521990|10008456
37521991|10008457
37521992|10067093
37521993|10001799
37521994|10004504
37521995|10010014
37521996|10017672
37521997|10022539
37521998|10011244
37521999|10064725
37522000|10052591
37522001|10053065
37522002|10053623
37522003|10061858
37522004|10018459
37522005|10027087
37522006|10053963
37522007|10029861
37522008|10051284
37522009|10054128
37522010|10047901
37522011|10047919
37522012|10050629
37522013|10052237
37522014|10052970
37522015|10015571
37522016|10062659
37522017|10054129
37522018|10063430
37522019|10054130
37522020|10068354
37522021|10021430
37522022|10059429
37522023|10054175
37522024|10054131
37522025|10027844
37522026|10027859
37522027|10027860
37522028|10027862
37522029|10056417
37522030|10066385
37522031|10062035
37522032|10037580
37522033|10034942
37522034|10063925
37522035|10046850
37522036|10053713
37522037|10066536
37522038|10050250
37522039|10049090
37522040|10064736
37522041|10049085
37522042|10049087
37522043|10051305
37522044|10066654
37522045|10066537
37522046|10064939
37522047|10049165
37522048|10049092
37522049|10049093
37522050|10051783
37522051|10052933
37522052|10049885
37522053|10052941
37522054|10066284
37522055|10066601
37522056|10066596
37522057|10064722
37522058|10066598
37522059|10066597
37522060|10065667
37522061|10066599
37522062|10049924
37522063|10062354
37522064|10062490
37522065|10025494
37522066|10049928
37522067|10058734
37522068|10054933
37522069|10053343
37522070|10066696
37522071|10049904
37522072|10033484
37522073|10066698
37522074|10066782
37522075|10064877
37522076|10036895
37522077|10036898
37522078|10054925
37522079|10066359
37522080|10059233
37522081|10054927
37522082|10054931
37522083|10064065
37522084|10054981
37522085|10053239
37522086|10054924
37522087|10064721
37522088|10060764
37522089|10048870
37522090|10065000
37522091|10054133
37522092|10054930
37522093|10066700
37522094|10053340
37522095|10053339
37522096|10043634
37522097|10068075
37522098|10066653
37522099|10061018
37522100|10011727
37522101|10061834
37522102|10061963
37522103|10062077
37522104|10037794
37522105|10048209
37522106|10000279
37522107|10064718
37522108|10051405
37522109|10000646
37522110|10056269
37522111|10068969
37522112|10065436
37522113|10002222
37522114|10064059
37522115|10002753
37522116|10053467
37522117|10067324
37522118|10049541
37522119|10058908
37522120|10003103
37522121|10067372
37522122|10003970
37522123|10063404
37522124|10050118
37522125|10053435
37522126|10064592
37522127|10050305
37522128|10050306
37522129|10052915
37522130|10052916
37522131|10052922
37522132|10059448
37522133|10008534
37522134|10052930
37522135|10052966
37522136|10011483
37522137|10011737
37522138|10052938
37522139|10057647
37522140|10067806
37522141|10061814
37522142|10063371
37522143|10051599
37522144|10050119
37522145|10012762
37522146|10053073
37522147|10065269
37522148|10068616
37522149|10056586
37522150|10056590
37522151|10063370
37522152|10052706
37522153|10057097
37522154|10053679
37522155|10064263
37522156|10058829
37522157|10069204
37522158|10054977
37522159|10064608
37522160|10066400
37522161|10014569
37522162|10058368
37522163|10066150
37522164|10050079
37522165|10056589
37522166|10066185
37522167|10015894
37522168|10016258
37522169|10016633
37522170|10053697
37522171|10017410
37522172|10018138
37522173|10061987
37522174|10053522
37522175|10053324
37522176|10054018
37522177|10053501
37522178|10064979
37522179|10020363
37522180|10067973
37522181|10054112
37522182|10020532
37522183|10020585
37522184|10020846
37522185|10064058
37522186|10067473
37522187|10054980
37522188|10052532
37522189|10056613
37522190|10053357
37522191|10060345
37522192|10052996
37522193|10052995
37522194|10022519
37522195|10052616
37522196|10053688
37522197|10052979
37522198|10024447
37522199|10062039
37522200|10052280
37522201|10052976
37522202|10050206
37522203|10065343
37522204|10062052
37522205|10062053
37522206|10061560
37522207|10026871
37522208|10059108
37522209|10049812
37522210|10052971
37522211|10063482
37522212|10053077
37522213|10027415
37522214|10068492
37522215|10066399
37522216|10066398
37522217|10056585
37522218|10069206
37522219|10066401
37522220|10053762
37522221|10053323
37522222|10066477
37522223|10061890
37522224|10059513
37522225|10053315
37522226|10053316
37522227|10049269
37522228|10056587
37522229|10064009
37522230|10063386
37522231|10064159
37522232|10034998
37522233|10063339
37522234|10062082
37522235|10066959
37522236|10053308
37522237|10053175
37522238|10052617
37522239|10036500
37522240|10052618
37522241|10061915
37522242|10051897
37522243|10036892
37522244|10054825
37522245|10063617
37522246|10053307
37522247|10038261
37522248|10057374
37522249|10038290
37522250|10038309
37522251|10062102
37522252|10059392
37522253|10052279
37522254|10052278
37522255|10038749
37522256|10039004
37522257|10068833
37522258|10039493
37522259|10050729
37522260|10040990
37522261|10053325
37522262|10053312
37522263|10048561
37522264|10062115
37522265|10062116
37522266|10042011
37522267|10042075
37522268|10066215
37522269|10068369
37522270|10042609
37522271|10068970
37522272|10053465
37522273|10052665
37522274|10042640
37522275|10056553
37522276|10058324
37522277|10059485
37522278|10053757
37522279|10065154
37522280|10057766
37522281|10067596
37522282|10050498
37522283|10064733
37522284|10057677
37522285|10067496
37522286|10061392
37522287|10062749
37522288|10050300
37522289|10067595
37522290|10057679
37522291|10050325
37522292|10062932
37522293|10062217
37522294|10002879
37522295|10068859
37522296|10002885
37522297|10057617
37522298|10061651
37522299|10014649
37522300|10052989
37522301|10022743
37522302|10003140
37522303|10003144
37522304|10056418
37522305|10067438
37522306|10061655
37522307|10003165
37522308|10061656
37522309|10061657
37522310|10052949
37522311|10063025
37522312|10053003
37522313|10066102
37522314|10007692
37522315|10066307
37522316|10050329
37522317|10052086
37522318|10011077
37522319|10011101
37522320|10049887
37522321|10014648
37522322|10067876
37522323|10022736
37522324|10034131
37522325|10065608
37522326|10057518
37522327|10063170
37522328|10063731
37522329|10064727
37522330|10041661
37522331|10066050
37522332|10053494
37522333|10002475
37522334|10066129
37522335|10003190
37522336|10059676
37522337|10059266
37522338|10063926
37522339|10065950
37522340|10052928
37522341|10053681
37522342|10060733
37522343|10059350
37522344|10053351
37522345|10059829
37522346|10068628
37522347|10058408
37522348|10056442
37522349|10057335
37522350|10067830
37522351|10043530
37522352|10064958
37522353|10053680
37522354|10066005
37522355|10052679
37522356|10067740
37522357|10049071
37522358|10066009
37522359|10063382
37522360|10058794
37522361|10064148
37522362|10052698
37522363|10067098
37522364|10053377
37522365|10068094
37522366|10048541
37522367|10048874
37522368|10051475
37522369|10059648
37522370|10036199
37522371|10039721
37522372|10062168
37522373|10048932
37522374|10059445
37522375|10064778
37522376|10062175
37522377|10052964
37522378|10063389
37585098|10005960
37585099|10005962
37585100|37585100
37585101|10005948
37585102|10005951
37585103|37585103
37585104|10005961
37585105|10006004
37585106|37585106
37585107|10052186
37585108|10052207
37585109|37585109
37585110|10006001
37585111|37585111
37585112|37585112
37585113|37585113
37585114|37585114
37585115|37585115
37585116|10065523
37585117|10065524
37585118|10065525
37585119|10068675
37585120|37585120
37585121|10015693
37585122|10050594
37585123|37585123
37585124|37585124
37585125|37585125
37585126|10041029
37585127|37585127
37585128|37585128
37585129|37585129
37585130|37585130
37585131|10063714
37585132|37585132
37585133|10031260
37585134|10031261
37585135|37585135
37585136|37585136
37585137|10027706
37585138|37585138
37585139|37585139
37585140|37585140
37585141|37585141
37585142|37585142
37585143|37585143
37585144|37585144
37585145|10038220
37585146|10066949
37585147|10015739
37585148|10015740
37585149|37585149
37585150|10010213
37585151|37585151
37585152|10017292
37585153|10017293
37585154|10025486
37585155|10038223
37585156|37585156
37585157|10057632
37585158|10050596
37585159|37585159
37585160|37585160
37585161|10026952
37585162|10017321
37585163|10048286
37585164|37585164
37585165|10017084
37585166|10017273
37585167|37585167
37585168|37585168
37585169|10030683
37585170|10057131
37585171|37585171
37585172|10002548
37585173|37585173
37585174|37585174
37585175|37585175
37585176|10002540
37585177|10003277
37585178|10016679
37585179|10016962
37585180|10020095
37585181|10023199
37585182|10023468
37585183|10043914
37585184|10048044
37585185|37585185
37585186|37585186
37585187|10069031
37585188|10069032
37585189|37585189
37585190|37585190
37585191|37585191
37585192|37585192
37585193|10011123
37585194|10019095
37585195|10023328
37585196|37585196
37585197|37585197
37585198|10003397
37585199|37585199
37585200|10020102
37585201|10020104
37585202|10038336
37585203|10043460
37585204|10044088
37585205|10050154
37585206|10057127
37585207|10057128
37585208|10050299
37585209|37585209
37585210|10053516
37585211|10003395
37585212|10003396
37585213|10023223
37585214|10023224
37585215|10023225
37585216|10023227
37585217|10023228
37585218|10050128
37585219|37585219
37585220|10068373
37585221|10009647
37585222|10030681
37585223|10038221
37585224|10038222
37585225|37585225
37585226|10053081
37585227|10053082
37585228|37585228
37585229|10022040
37585230|10022042
37585231|37585231
37585232|37585232
37585233|37585233
37585234|37585234
37585235|10064766
37585236|10064767
37585237|10002551
37585238|10056190
37585239|37585239
37585240|10060789
37585241|10062617
37585242|10062618
37585243|10050297
37585244|37585244
37585245|10003398
37585246|37585246
37585247|10023479
37585248|10038340
37585249|10044094
37585250|10044116
37585251|10050155
37585252|10057129
37585253|37585253
37585254|10049662
37585255|10023475
37585256|10052978
37585257|10062323
37585258|37585258
37585259|37585259
37585260|10007712
37585261|10027289
37585262|10027290
37585263|10038341
37585264|10056408
37585265|37585265
37585266|37585266
37585267|37585267
37585268|37585268
37585269|37585269
37585270|37585270
37585271|37585271
37585272|10066789
37585273|37585273
37585274|10049562
37585275|10050285
37585276|10057134
37585277|10050298
37585278|37585278
37585279|37585279
37585280|37585280
37585281|37585281
37585282|37585282
37585283|10051048
37585284|37585284
37585285|37585285
37585286|10002010
37585287|37585287
37585288|10068410
37585289|37585289
37585290|37585290
37585291|10046290
37585292|37585292
37585293|37585293
37585294|10043656
37585295|37585295
37585296|37585296
37585297|10063440
37585298|10016972
37585299|10016977
37585300|37585300
37585301|37585301
37585302|37585302
37585303|37585303
37585304|37585304
37585305|10065146
37585306|10000243
37585307|10002009
37585308|10004227
37585309|37585309
37585310|10027598
37585311|37585311
37585312|10062616
37585313|10050595
37585314|10051088
37585315|10051089
37585316|10051090
37585317|10051091
37585318|10059455
37585319|37585319
37585320|10040450
37585321|10040451
37585322|37585322
37585323|37585323
37585324|37585324
37585325|37585325
37585326|37585326
37585327|10067655
37585328|37585328
37585329|10009688
37585330|10011122
37585331|37585331
37585332|37585332
37585333|10011124
37585334|37585334
37585335|37585335
37585336|37585336
37585337|37585337
37585338|10006270
37585339|37585339
37585340|10067400
37585341|10025025
37585342|37585342
37585343|10006078
37585344|37585344
37585345|10006257
37585346|10006263
37585347|10006239
37585348|10006246
37585349|37585349
37585350|10006186
37585351|10006218
37585352|37585352
37585353|10006165
37585354|10006301
37585355|37585355
37585356|10052187
37585357|37585357
37585358|10006297
37585359|10006311
37585360|37585360
37585361|37585361
37585362|10050597
37585363|37585363
37585364|37585364
37585365|10022428
37585366|10006302
37585367|37585367
37585368|37585368
37585369|10044333
37585370|10064230
37585371|37585371
37585372|10026734
37585373|10048542
37585374|37585374
37585375|10000367
37585376|10003790
37585377|10006219
37585378|10006306
37585379|10064744
37585380|37585380
37585381|37585381
37585382|37585382
37585383|10026880
37585384|10034071
37585385|10042347
37585386|10058862
37585387|37585387
37585388|10026881
37585389|37585389
37585390|37585390
37585391|37585391
37585392|10033351
37585393|37585393
37585394|10033352
37585395|10053093
37585396|10066066
37585397|37585397
37585398|10033353
37585399|10053270
37585400|37585400
37585401|37585401
37585402|37585402
37585403|10052044
37585404|10053015
37585405|10067023
37585406|10069072
37585407|37585407
37585408|10053016
37585409|37585409
37585410|37585410
37585411|10059832
37585412|10059833
37585413|10059834
37585414|10062986
37585415|37585415
37585416|10052374
37585417|10052375
37585418|37585418
37585419|10067289
37585420|37585420
37585421|37585421
37585422|10059172
37585423|10059173
37585424|10048887
37585425|10048935
37585426|37585426
37585427|37585427
37585428|37585428
37585429|10059873
37585430|37585430
37585431|37585431
37585432|37585432
37585433|37585433
37585434|10011869
37585435|10012125
37585436|10067422
37585437|10067423
37585438|37585438
37585439|37585439
37585440|10065967
37585441|10019248
37585442|37585442
37585443|10007611
37585444|37585444
37585445|37585445
37585446|10053376
37585447|37585447
37585448|10034483
37585449|37585449
37585450|10034481
37585451|10034482
37585452|37585452
37585453|37585453
37585454|10034500
37585455|37585455
37585456|37585456
37585457|10067636
37585458|37585458
37585459|37585459
37585460|10059229
37585461|10052692
37585462|37585462
37585463|37585463
37585464|37585464
37585465|37585465
37585466|37585466
37585467|10049495
37585468|37585468
37585469|10019318
37585470|37585470
37585471|37585471
37585472|10027731
37585473|37585473
37585474|37585474
37585475|37585475
37585476|10052691
37585477|37585477
37585478|37585478
37585479|37585479
37585480|37585480
37585481|37585481
37585482|37585482
37585483|37585483
37585484|37585484
37585485|37585485
37585486|37585486
37585487|10068992
37585488|10068993
37585489|37585489
37585490|10064206
37585491|37585491
37585492|37585492
37585493|37585493
37585494|10052718
37585495|37585495
37585496|37585496
37585497|10047721
37585498|37585498
37585499|10001384
37585500|10001386
37585501|10034054
37585502|37585502
37585503|10053360
37585504|37585504
37585505|10001385
37585506|37585506
37585507|37585507
37585508|37585508
37585509|10000030
37585510|37585510
37585511|37585511
37585512|37585512
37585513|37585513
37585514|37585514
37585515|37585515
37585516|10067329
37585517|37585517
37585518|10054327
37585519|37585519
37585520|37585520
37585521|37585521
37585522|37585522
37585523|37585523
37585524|10020422
37585525|37585525
37585526|10020383
37585527|10020384
37585528|37585528
37585529|37585529
37585530|10054515
37585531|37585531
37585532|10054516
37585533|10036494
37585534|37585534
37585535|37585535
37585536|37585536
37585537|37585537
37585538|37585538
37585539|10042027
37585540|37585540
37585541|37585541
37585542|37585542
37585543|37585543
37585544|10033950
37585545|37585545
37585546|10034075
37585547|10049312
37585548|37585548
37585549|10035085
37585550|10037783
37585551|10021060
37585552|10021061
37585553|10021062
37585554|10021063
37585555|37585555
37585556|37585556
37585557|10057578
37585558|10035103
37585559|37585559
37585560|37585560
37585561|37585561
37585562|10043700
37585563|10043704
37585564|37585564
37585565|10043759
37585566|10023080
37585567|10023081
37585568|37585568
37585569|10037786
37585570|10068060
37585571|10043724
37585572|10052197
37585573|37585573
37585574|10043721
37585575|37585575
37585576|10043725
37585577|10043756
37585578|37585578
37585579|37585579
37585580|10040757
37585581|37585581
37585582|37585582
37585583|37585583
37585584|37585584
37585585|37585585
37585586|10052701
37585587|37585587
37585588|37585588
37585589|10024742
37585590|10043775
37585591|10043776
37585592|10043777
37585593|10050054
37585594|10052417
37585595|37585595
37585596|37585596
37585597|37585597
37585598|10062395
37585599|10010721
37585600|10010727
37585601|10034648
37585602|37585602
37585603|37585603
37585604|37585604
37585605|10066986
37585606|37585606
37585607|37585607
37585608|37585608
37585609|10050602
37585610|37585610
37585611|37585611
37585612|37585612
37585613|10011016
37585614|37585614
37585615|37585615
37585616|10065626
37585617|37585617
37585618|10065131
37585619|37585619
37585620|37585620
37585621|37585621
37585622|37585622
37585623|10039701
37585624|37585624
37585625|37585625
37585626|10050976
37585627|37585627
37585628|37585628
37585629|37585629
37585630|10015956
37585631|37585631
37585632|37585632
37585633|10050153
37585634|37585634
37585635|10053083
37585636|37585636
37585637|37585637
37585638|37585638
37585639|37585639
37585640|37585640
37585641|37585641
37585642|10038574
37585643|37585643
37585644|37585644
37585645|37585645
37585646|37585646
37585647|37585647
37585648|37585648
37585649|10069129
37585650|37585650
37585651|37585651
37585652|10014182
37585653|10014925
37585654|37585654
37585655|37585655
37585656|37585656
37585657|10027135
37585658|10050603
37585659|37585659
37585660|37585660
37585661|10068235
37585662|37585662
37585663|37585663
37585664|10009182
37585665|37585665
37585666|37585666
37585667|10034575
37585668|37585668
37585669|37585669
37585670|37585670
37585671|37585671
37585672|37585672
37585673|37585673
37585674|10028783
37585675|10066232
37585676|37585676
37585677|37585677
37585678|37585678
37585679|10007750
37585680|10024104
37585681|10039151
37585682|10059285
37585683|37585683
37585684|10024207
37585685|37585685
37585686|10054779
37585687|10024206
37585688|10054771
37585689|37585689
37585690|37585690
37585691|10052158
37585692|37585692
37585693|37585693
37585694|37585694
37585695|37585695
37585696|37585696
37585697|10014927
37585698|37585698
37585699|37585699
37585700|37585700
37585701|37585701
37585702|37585702
37585703|10051516
37585704|10031047
37585705|37585705
37585706|10031048
37585707|37585707
37585708|37585708
37585709|37585709
37585710|10041885
37585711|37585711
37585712|37585712
37585713|37585713
37585714|37585714
37585715|37585715
37585716|10051527
37585717|10051528
37585718|10051529
37585719|10051530
37585720|10051531
37585721|10051532
37585722|10050604
37585723|37585723
37585724|37585724
37585725|37585725
37585726|10012534
37585727|10038565
37585728|10053345
37585729|10066193
37585730|37585730
37585731|37585731
37585732|10000109
37585733|10033748
37585734|10033751
37585735|10033754
37585736|37585736
37585737|10068623
37585738|37585738
37585739|10056618
37585740|10050390
37585741|37585741
37585742|37585742
37585743|37585743
37585744|10000105
37585745|37585745
37585746|37585746
37585747|37585747
37585748|37585748
37585749|37585749
37585750|37585750
37585751|37585751
37585752|37585752
37585753|10023697
37585754|10051777
37585755|37585755
37585756|37585756
37585757|37585757
37585758|10033659
37585759|10047932
37585760|37585760
37585761|37585761
37585762|37585762
37585763|37585763
37585764|37585764
37585765|37585765
37585766|37585766
37585767|37585767
37585768|37585768
37585769|10024841
37585770|37585770
37585771|37585771
37585772|37585772
37585773|10016722
37585774|37585774
37585775|10002170
37585776|37585776
37585777|37585777
37585778|37585778
37585779|10066909
37585780|10002174
37585781|37585781
37585782|10050605
37585783|37585783
37585784|10011481
37585785|10019018
37585786|10019019
37585787|10019020
37585788|10019021
37585789|10019610
37585790|10022041
37585791|10024456
37585792|10035036
37585793|10059623
37585794|37585794
37585795|10060638
37585796|10060639
37585797|10060718
37585798|10060727
37585799|37585799
37585800|37585800
37585801|37585801
37585802|37585802
37585803|37585803
37585804|10042243
37585805|37585805
37585806|10022435
37585807|37585807
37585808|10038085
37585809|10038575
37585810|37585810
37585811|37585811
37585812|10066250
37585813|37585813
37585814|10038569
37585815|37585815
37585816|10000108
37585817|37585817
37585818|10038617
37585819|10063065
37585820|10069130
37585821|37585821
37585822|37585822
37585823|37585823
37585824|37585824
37585825|37585825
37585826|10017746
37585827|10017747
37585828|10017748
37585829|10034065
37585830|10044086
37585831|10049131
37585832|10059630
37585833|37585833
37585834|10064078
37585835|10066402
37585836|37585836
37585837|10050554
37585838|37585838
37585839|10049145
37585840|37585840
37585841|10067874
37585842|37585842
37585843|37585843
37585844|37585844
37585845|37585845
37585846|37585846
37585847|37585847
37585848|37585848
37585849|10064084
37585850|37585850
37585851|37585851
37585852|37585852
37585853|37585853
37585854|10017518
37585855|37585855
37585856|10062480
37585857|37585857
37585858|37585858
37585859|10037835
37585860|37585860
37585861|10046856
37585862|10046964
37585863|37585863
37585864|37585864
37585865|10013015
37585866|10013017
37585867|37585867
37585868|37585868
37585869|10002158
37585870|10002159
37585871|37585871
37585872|10038065
37585873|10038067
37585874|10009968
37585875|10009970
37585876|37585876
37585877|10009943
37585878|10009967
37585879|37585879
37585880|10009969
37585881|10009978
37585882|37585882
37585883|10052191
37585884|37585884
37585885|10009976
37585886|10009982
37585887|37585887
37585888|10002773
37585889|37585889
37585890|37585890
37585891|37585891
37585892|37585892
37585893|37585893
37585894|37585894
37585895|37585895
37585896|37585896
37585897|10052080
37585898|37585898
37585899|10065101
37585900|10065102
37585901|37585901
37585902|10028784
37585903|10051041
37585904|10052595
37585905|37585905
37585906|37585906
37585907|37585907
37585908|37585908
37585909|37585909
37585910|37585910
37585911|10053127
37585912|37585912
37585913|10014902
37585914|10021317
37585915|10021318
37585916|10021320
37585917|10021327
37585918|10052992
37585919|10054862
37585920|10055444
37585921|37585921
37585922|10068802
37585923|37585923
37585924|10053084
37585925|10053086
37585926|10050607
37585927|37585927
37585928|37585928
37585929|10014860
37585930|37585930
37585931|10067878
37585932|37585932
37585933|10050405
37585934|37585934
37585935|10053020
37585936|37585936
37585937|37585937
37585938|37585938
37585939|37585939
37585940|10068900
37585941|37585941
37585942|10057025
37585943|37585943
37585944|10068049
37585945|10068050
37585946|10068053
37585947|10068054
37585948|37585948
37585949|10047273
37585950|10047278
37585951|10056622
37585952|37585952
37585953|37585953
37585954|10016449
37585955|10019932
37585956|10039833
37585957|10049757
37585958|37585958
37585959|37585959
37585960|10021628
37585961|37585961
37585962|10022025
37585963|10021611
37585964|37585964
37585965|10042168
37585966|37585966
37585967|10045468
37585968|10003008
37585969|37585969
37585970|37585970
37585971|37585971
37585972|10055443
37585973|10052917
37585974|37585974
37585975|37585975
37585976|10007860
37585977|10052918
37585978|37585978
37585979|10009877
37585980|10009878
37585981|10009880
37585982|10009938
37585983|10019460
37585984|10024107
37585985|10039153
37585986|10040668
37585987|10044447
37585988|37585988
37585989|37585989
37585990|10044083
37585991|37585991
37585992|37585992
37585993|10049056
37585994|37585994
37585995|37585995
37585996|37585996
37585997|37585997
37585998|10010042
37585999|10010043
37586000|10010048
37586001|10010049
37586002|10013569
37586003|10014645
37586004|10024824
37586005|10034691
37586006|10038234
37586007|10043212
37586008|10057148
37586009|10064969
37586010|10065446
37586011|10068570
37586012|10068898
37586013|37586013
37586014|37586014
37586015|10065448
37586016|37586016
37586017|10063058
37586018|37586018
37586019|10038225
37586020|10038226
37586021|10009984
37586022|10023706
37586023|37586023
37586024|10038233
37586025|10057020
37586026|10057149
37586027|10050606
37586028|37586028
37586029|10021316
37586030|37586030
37586031|10033684
37586032|10038083
37586033|10057764
37586034|37586034
37586035|37586035
37586036|37586036
37586037|10022429
37586038|37586038
37586039|10038319
37586040|10058439
37586041|37586041
37586042|10006044
37586043|10055492
37586044|10057201
37586045|37586045
37586046|37586046
37586047|10058416
37586048|37586048
37586049|10055468
37586050|10015616
37586051|37586051
37586052|10055469
37586053|10056082
37586054|10049148
37586055|10050623
37586056|37586056
37586057|10061984
37586058|10061985
37586059|10062056
37586060|10062057
37586061|37586061
37586062|10067110
37586063|10022431
37586064|10022434
37586065|37586065
37586066|10055481
37586067|37586067
37586068|10055482
37586069|10022039
37586070|37586070
37586071|10055487
37586072|10056083
37586073|10024455
37586074|37586074
37586075|10055488
37586076|10056084
37586077|10015460
37586078|37586078
37586079|37586079
37586080|10051979
37586081|10058273
37586082|10058277
37586083|10015465
37586084|37586084
37586085|10053080
37586086|10062482
37586087|37586087
37586088|10068843
37586089|37586089
37586090|10062483
37586091|10038325
37586092|37586092
37586093|37586093
37586094|10021541
37586095|10022616
37586096|37586096
37586097|10033582
37586098|10033587
37586099|37586099
37586100|10033574
37586101|10033579
37586102|10033586
37586103|10033595
37586104|37586104
37586105|10052193
37586106|37586106
37586107|10033594
37586108|37586108
37586109|37586109
37586110|10048622
37586111|37586111
37586112|10013476
37586113|10033585
37586114|37586114
37586115|10033639
37586116|10044106
37586117|37586117
37586118|37586118
37586119|37586119
37586120|10033637
37586121|10050608
37586122|37586122
37586123|37586123
37586124|10053331
37586125|37586125
37586126|37586126
37586127|37586127
37586128|37586128
37586129|10052379
37586130|10013831
37586131|37586131
37586132|37586132
37586133|10063720
37586134|37586134
37586135|10066343
37586136|37586136
37586137|37586137
37586138|10021304
37586139|37586139
37586140|10021306
37586141|37586141
37586142|37586142
37586143|37586143
37586144|10021322
37586145|10021323
37586146|10021325
37586147|10038235
37586148|10043213
37586149|10057153
37586150|10067331
37586151|10067500
37586152|37586152
37586153|10023179
37586154|37586154
37586155|10023175
37586156|37586156
37586157|37586157
37586158|37586158
37586159|10057899
37586160|10013798
37586161|10034389
37586162|37586162
37586163|10023307
37586164|37586164
37586165|37586165
37586166|37586166
37586167|37586167
37586168|37586168
37586169|37586169
37586170|10053557
37586171|10050609
37586172|37586172
37586173|37586173
37586174|37586174
37586175|10002952
37586176|37586176
37586177|37586177
37586178|37586178
37586179|10059891
37586180|37586180
37586181|10035453
37586182|37586182
37586183|37586183
37586184|37586184
37586185|37586185
37586186|37586186
37586187|37586187
37586188|37586188
37586189|37586189
37586190|37586190
37586191|10053945
37586192|10053946
37586193|10053947
37586194|10053948
37586195|37586195
37586196|10051533
37586197|10068648
37586198|37586198
37586199|10051757
37586200|37586200
37586201|10015611
37586202|37586202
37586203|37586203
37586204|37586204
37586205|10051756
37586206|37586206
37586207|37586207
37586208|37586208
37586209|10035487
37586210|37586210
37586211|37586211
37586212|37586212
37586213|10005835
37586214|10047973
37586215|37586215
37586216|37586216
37586217|37586217
37586218|37586218
37586219|37586219
37586220|37586220
37586221|37586221
37586222|10052868
37586223|37586223
37586224|37586224
37586225|37586225
37586226|10053755
37586227|37586227
37586228|37586228
37586229|37586229
37586230|10005990
37586231|37586231
37586232|37586232
37586233|10066347
37586234|10066348
37586235|10066349
37586236|10067214
37586237|10067222
37586238|10012700
37586239|10049051
37586240|37586240
37586241|10067448
37586242|37586242
37586243|37586243
37586244|37586244
37586245|10018874
37586246|37586246
37586247|10019480
37586248|37586248
37586249|10060607
37586250|10066622
37586251|10066623
37586252|37586252
37586253|10067396
37586254|10067397
37586255|10053001
37586256|10053089
37586257|10055264
37586258|10060663
37586259|37586259
37586260|10067440
37586261|37586261
37586262|10063906
37586263|10007184
37586264|10008831
37586265|37586265
37586266|10064116
37586267|10067974
37586268|10002784
37586269|37586269
37586270|10050452
37586271|10058390
37586272|10058415
37586273|10059040
37586274|10059041
37586275|10059043
37586276|10059044
37586277|37586277
37586278|10067859
37586279|10067862
37586280|37586280
37586281|10005270
37586282|10008286
37586283|10008287
37586284|10015614
37586285|10015615
37586286|10025179
37586287|10037772
37586288|37586288
37586289|10057658
37586290|10057890
37586291|10068477
37586292|10068478
37586293|37586293
37586294|37586294
37586295|10051912
37586296|10054545
37586297|37586297
37586298|37586298
37586299|37586299
37586300|37586300
37586301|37586301
37586302|37586302
37586303|37586303
37586304|37586304
37586305|37586305
37586306|10062322
37586307|37586307
37586308|10058458
37586309|10058459
37586310|10051577
37586311|37586311
37586312|10061813
37586313|10064101
37586314|37586314
37586315|37586315
37586316|37586316
37586317|37586317
37586318|37586318
37586319|10050049
37586320|10050327
37586321|37586321
37586322|37586322
37586323|37586323
37586324|10051092
37586325|37586325
37586326|10018783
37586327|37586327
37586328|10050341
37586329|37586329
37586330|37586330
37586331|37586331
37586332|37586332
37586333|37586333
37586334|10044039
37586335|37586335
37586336|10012323
37586337|37586337
37586338|37586338
37586339|10060664
37586340|37586340
37586341|37586341
37586342|10015767
37586343|10038349
37586344|37586344
37586345|37586345
37586346|10021537
37586347|10022605
37586348|10014031
37586349|10014033
37586350|37586350
37586351|10014029
37586352|10014030
37586353|37586353
37586354|10014032
37586355|10014035
37586356|37586356
37586357|10052188
37586358|37586358
37586359|10052189
37586360|37586360
37586361|10052190
37586362|37586362
37586363|10014034
37586364|10014036
37586365|37586365
37586366|37586366
37586367|10050340
37586368|10014026
37586369|37586369
37586370|37586370
37586371|10011121
37586372|10011125
37586373|37586373
37586374|37586374
37586375|10035066
37586376|10035506
37586377|37586377
37586378|37586378
37586379|10039115
37586380|37586380
37586381|10050610
37586382|37586382
37586383|37586383
37586384|10052973
37586385|10054007
37586386|37586386
37586387|10067900
37586388|37586388
37586389|10056688
37586390|10065932
37586391|10068686
37586392|10035505
37586393|37586393
37586394|10061561
37586395|10067899
37586396|10014019
37586397|37586397
37586398|37586398
37586399|37586399
37586400|37586400
37586401|37586401
37586402|10057535
37586403|37586403
37586404|37586404
37586405|37586405
37586406|10050956
37586407|37586407
37586408|10065316
37586409|37586409
37586410|37586410
37586411|37586411
37586412|10068656
37586413|10068657
37586414|37586414
37586415|37586415
37586416|10029232
37586417|37586417
37586418|37586418
37586419|10027169
37586420|10029233
37586421|37586421
37586422|37586422
37586423|37586423
37586424|37586424
37586425|37586425
37586426|10023846
37586427|37586427
37586428|37586428
37586429|37586429
37586430|10065087
37586431|37586431
37586432|10038015
37586433|10053531
37586434|37586434
37586435|37586435
37586436|37586436
37586437|37586437
37586438|10053019
37586439|37586439
37586440|37586440
37586441|37586441
37586442|37586442
37586443|37586443
37586444|10009262
37586445|10009263
37586446|10019160
37586447|37586447
37586448|37586448
37586449|37586449
37586450|37586450
37586451|37586451
37586452|10026897
37586453|10033354
37586454|37586454
37586455|37586455
37586456|10037774
37586457|10040701
37586458|37586458
37586459|10018740
37586460|10022432
37586461|37586461
37586462|10058026
37586463|10018741
37586464|37586464
37586465|10058027
37586466|37586466
37586467|37586467
37586468|37586468
37586469|10022433
37586470|37586470
37586471|37586471
37586472|37586472
37586473|10051957
37586474|10059454
37586475|10031146
37586476|37586476
37586477|10031145
37586478|37586478
37586479|37586479
37586480|10053374
37586481|10039011
37586482|37586482
37586483|37586483
37586484|10041916
37586485|37586485
37586486|10014007
37586487|10014038
37586488|10028661
37586489|10045212
37586490|37586490
37586491|10007828
37586492|37586492
37586493|37586493
37586494|37586494
37586495|37586495
37586496|10033360
37586497|10064632
37586498|37586498
37586499|10064633
37586500|37586500
37586501|37586501
37586502|10066107
37586503|37586503
37586504|10028751
37586505|37586505
37586506|37586506
37586507|10036234
37586508|37586508
37586509|10028761
37586510|10042421
37586511|37586511
37586512|10017025
37586513|37586513
37586514|10017301
37586515|10028724
37586516|10035504
37586517|10038224
37586518|37586518
37586519|37586519
37586520|10011482
37586521|10012765
37586522|10044673
37586523|37586523
37586524|37586524
37586525|37586525
37586526|37586526
37586527|37586527
37586528|37586528
37586529|37586529
37586530|10063888
37586531|10068633
37586532|37586532
37586533|37586533
37586534|37586534
37586535|37586535
37586536|10053055
37586537|10013622
37586538|37586538
37586539|37586539
37586540|10037510
37586541|10002846
37586542|10022740
37586543|10053520
37586544|10066908
37586545|37586545
37586546|10040746
37586547|10052521
37586548|37586548
37586549|10065405
37586550|37586550
37586551|37586551
37586552|10034830
37586553|37586553
37586554|10064264
37586555|10064283
37586556|37586556
37586557|10034847
37586558|10038571
37586559|37586559
37586560|10017037
37586561|37586561
37586562|10053313
37586563|37586563
37586564|37586564
37586565|37586565
37586566|37586566
37586567|37586567
37586568|10039387
37586569|37586569
37586570|37586570
37586571|37586571
37586572|10018384
37586573|10018385
37586574|10019462
37586575|10034066
37586576|10054186
37586577|10052699
37586578|37586578
37586579|37586579
37586580|10059451
37586581|37586581
37586582|37586582
37586583|10044007
37586584|37586584
37586585|10069108
37586586|37586586
37586587|37586587
37586588|37586588
37586589|37586589
37586590|37586590
37586591|10017630
37586592|37586592
37586593|10063426
37586594|10063427
37586595|37586595
37586596|10054800
37586597|37586597
37586598|10057306
37586599|10050624
37586600|37586600
37586601|37586601
37586602|10059152
37586603|37586603
37586604|37586604
37586605|37586605
37586606|10008628
37586607|37586607
37586608|10049161
37586609|10051815
37586610|10017651
37586611|37586611
37586612|37586612
37586613|37586613
37586614|10050840
37586615|37586615
37586616|10065314
37586617|37586617
37586618|37586618
37586619|10049245
37586620|37586620
37586621|37586621
37586622|10019627
37586623|10019628
37586624|10024699
37586625|10034067
37586626|10044087
37586627|10050038
37586628|37586628
37586629|10053078
37586630|37586630
37586631|37586631
37586632|10024705
37586633|10050625
37586634|37586634
37586635|10064593
37586636|37586636
37586637|10024716
37586638|10036198
37586639|37586639
37586640|10052709
37586641|10068826
37586642|37586642
37586643|37586643
37586644|37586644
37586645|37586645
37586646|10052874
37586647|37586647
37586648|37586648
37586649|37586649
37586650|10039250
37586651|10040536
37586652|37586652
37586653|10066230
37586654|37586654
37586655|10065595
37586656|37586656
37586657|37586657
37586658|37586658
37586659|10039953
37586660|37586660
37586661|37586661
37586662|37586662
37586663|37586663
37586664|37586664
37586665|10047135
37586666|37586666
37586667|10039006
37586668|10047134
37586669|37586669
37586670|10047168
37586671|37586671
37586672|37586672
37586673|37586673
37586674|37586674
37586675|10009200
37586676|10039201
37586677|37586677
37586678|10050626
37586679|37586679
37586680|37586680
37586681|10058168
37586682|37586682
37586683|37586683
37586684|10053018
37586685|37586685
37586686|37586686
37586687|37586687
37586688|10013602
37586689|37586689
37586690|37586690
37586691|10022602
37586692|10036926
37586693|37586693
37586694|10036925
37586695|37586695
37586696|10036907
37586697|10036922
37586698|37586698
37586699|10036930
37586700|10036923
37586701|10036924
37586702|10052194
37586703|37586703
37586704|10036929
37586705|37586705
37586706|37586706
37586707|10036933
37586708|37586708
37586709|10065313
37586710|10048605
37586711|37586711
37586712|10065138
37586713|37586713
37586714|37586714
37586715|37586715
37586716|10044342
37586717|37586717
37586718|10068695
37586719|10023925
37586720|10036932
37586721|37586721
37586722|10045179
37586723|10045182
37586724|10062984
37586725|10063843
37586726|10069210
37586727|10069213
37586728|37586728
37586729|10049629
37586730|10020491
37586731|10020494
37586732|10020498
37586733|10020499
37586734|10020503
37586735|10038567
37586736|37586736
37586737|37586737
37586738|10031062
37586739|37586739
37586740|10031063
37586741|37586741
37586742|37586742
37586743|10039756
37586744|37586744
37586745|10038227
37586746|37586746
37586747|10044072
37586748|37586748
37586749|37586749
37586750|37586750
37586751|10024457
37586752|10038577
37586753|10046987
37586754|37586754
37586755|10046991
37586756|10065925
37586757|10065926
37586758|37586758
37586759|10050599
37586760|37586760
37586761|37586761
37586762|10008319
37586763|10025011
37586764|10036504
37586765|37586765
37586766|37586766
37586767|37586767
37586768|37586768
37586769|37586769
37586770|37586770
37586771|10020093
37586772|10020423
37586773|10044702
37586774|37586774
37586775|37586775
37586776|10021536
37586777|10022603
37586778|10006122
37586779|37586779
37586780|10006110
37586781|10006111
37586782|37586782
37586783|10006134
37586784|37586784
37586785|10006123
37586786|10006124
37586787|10052196
37586788|37586788
37586789|10066144
37586790|37586790
37586791|10006133
37586792|37586792
37586793|37586793
37586794|37586794
37586795|10050600
37586796|37586796
37586797|37586797
37586798|37586798
37586799|37586799
37586800|37586800
37586801|10053347
37586802|37586802
37586803|37586803
37586804|37586804
37586805|37586805
37586806|37586806
37586807|37586807
37586808|37586808
37586809|37586809
37586810|37586810
37586811|37586811
37586812|10011312
37586813|37586813
37586814|37586814
37586815|37586815
37586816|37586816
37586817|37586817
37586818|37586818
37586819|10022043
37586820|37586820
37586821|37586821
37586822|10053508
37586823|37586823
37586824|10007961
37586825|10009717
37586826|10009718
37586827|10015625
37586828|10042064
37586829|37586829
37586830|37586830
37586831|10067058
37586832|37586832
37586833|10052951
37586834|37586834
37586835|10057357
37586836|37586836
37586837|10029309
37586838|10049978
37586839|10053311
37586840|37586840
37586841|37586841
37586842|10053302
37586843|37586843
37586844|37586844
37586845|37586845
37586846|10051217
37586847|37586847
37586848|37586848
37586849|10007696
37586850|37586850
37586851|37586851
37586852|37586852
37586853|37586853
37586854|37586854
37586855|37586855
37586856|37586856
37586857|37586857
37586858|10037748
37586859|10045377
37586860|37586860
37586861|10063165
37586862|37586862
37586863|10066117
37586864|37586864
37586865|37586865
37586866|10044351
37586867|10068931
37586868|10050601
37586869|10050955
37586870|10057891
37586871|37586871
37586872|10061865
37586873|10057901
37586874|37586874
37586875|37586875
37586876|37586876
37586877|37586877
37586878|10055160
37586879|10024740
37586880|37586880
37586881|10050598
37586882|37586882
37586883|37586883
37586884|10053764
37586885|37586885
37586886|37586886
37586887|37586887
37586888|37586888
37586889|10055398
37586890|37586890
37586891|10051913
37586892|37586892
37586893|10040962
37586894|37586894
37586895|37586895
37586896|37586896
37586897|10064517
37586898|10006805
37586899|37586899
37586900|10068599
37586901|37586901
37586902|37586902
37586903|37586903
37586904|37586904
37586905|37586905
37586906|37586906
37586907|10022752
37586908|10055372
37586909|37586909
37586910|10024287
37586911|10036496
37586912|37586912
37586913|10055659
37586914|37586914
37586915|37586915
37586916|10049974
37586917|37586917
37586918|37586918
37586919|10013625
37586920|10015551
37586921|37586921
37586922|10042382
37586923|10055365
37586924|10055366
37586925|10055385
37586926|10055897
37586927|37586927
37586928|37586928
37586929|37586929
37586930|37586930
37586931|37586931
37586932|37586932
37586933|10008259
37586934|10013063
37586935|10024994
37586936|10036850
37586937|37586937
37586938|10058569
37586939|10064875
37586940|10065140
37586941|37586941
37586942|37586942
37586943|37586943
37586944|10067987
37586945|37586945
37586946|37586946
37586947|37586947
37586948|10056431
37586949|10056443
37586950|10056444
37586951|37586951
37586952|37586952
37586953|37586953
37586954|37586954
37586955|10052954
37586956|37586956
37586957|10068638
37586958|10024997
37586959|37586959
37586960|37586960
37586961|10017558
37586962|10017559
37586963|10017562
37586964|10041575
37586965|10050237
37586966|10050238
37586967|37586967
37586968|10023687
37586969|37586969
37586970|10041577
37586971|10057323
37586972|10066013
37586973|10069080
37586974|37586974
37586975|10026794
37586976|37586976
37586977|10041613
37586978|37586978
37586979|10053743
37586980|10041589
37586981|37586981
37586982|37586982
37586983|37586983
37586984|37586984
37586985|10052952
37586986|37586986
37586987|37586987
37586988|10064702
37586989|10049486
37586990|37586990
37586991|37586991
37586992|37586992
37586993|10008279
37586994|37586994
37586995|37586995
37586996|10054043
37586997|10008250
37586998|37586998
37586999|10011473
37587000|10048539
37587001|10008295
37587002|10022430
37587003|10038320
37587004|10038346
37587005|10040556
37587006|10040557
37587007|10049477
37587008|10052921
37587009|10052953
37587010|10054712
37587011|37587011
37587012|37587012
37587013|10026738
37587014|10050611
37587015|37587015
37587016|37587016
37587017|10008280
37587018|37587018
37587019|37587019
37587020|37587020
37587021|37587021
37587022|10004944
37587023|37587023
37587024|10010809
37587025|10007183
37587026|37587026
37587027|10013876
37587028|37587028
37587029|10012704
37587030|10012709
37587031|10039112
37587032|37587032
37587033|10056422
37587034|37587034
37587035|37587035
37587036|10023689
37587037|10023690
37587038|10023691
37587039|10044722
37587040|10044723
37587041|10053053
37587042|10055683
37587043|37587043
37587044|37587044
37587045|10009849
37587046|10022744
37587047|37587047
37587048|10023096
37587049|10023099
37587050|37587050
37587051|37587051
37587052|10053085
37587053|10004945
37587054|10029872
37587055|10029988
37587056|37587056
37587057|10030971
37587058|10043404
37587059|10027973
37587060|37587060
37587061|37587061
37587062|37587062
37587063|10015613
37587064|10026856
37587065|10038318
37587066|10054470
37587067|37587067
37587068|10023531
37587069|37587069
37587070|37587070
37587071|37587071
37587072|10068639
37587073|37587073
37587074|37587074
37587075|10055389
37587076|10047764
37587077|37587077
37587078|10067453
37587079|10012767
37587080|37587080
37587081|37587081
37587082|37587082
37587083|37587083
37587084|37587084
37587085|10034088
37587086|37587086
37587087|10039450
37587088|10039451
37587089|10039452
37587090|10044117
37587091|37587091
37587092|10039466
37587093|10068572
37587094|10004580
37587095|37587095
37587096|10068573
37587097|10024115
37587098|10039160
37587099|37587099
37587100|10068574
37587101|37587101
37587102|10016190
37587103|10045142
37587104|10045143
37587105|37587105
37587106|10064631
37587107|10064637
37587108|37587108
37587109|37587109
37587110|37587110
37587111|10003436
37587112|37587112
37587113|10003437
37587114|10003438
37587115|37587115
37587116|37587116
37587117|10003540
37587118|10016473
37587119|10056200
37587120|37587120
37587121|10018264
37587122|10021572
37587123|37587123
37587124|37587124
37587125|37587125
37587126|37587126
37587127|37587127
37587128|37587128
37587129|10060518
37587130|37587130
37587131|37587131
37587132|37587132
37587133|10067038
37587134|37587134
37587135|10059858
37587136|37587136
37587137|10000224
37587138|10000227
37587139|10021356
37587140|10021369
37587141|10021398
37587142|10021716
37587143|10024139
37587144|10024150
37587145|10024178
37587146|10027090
37587147|10036571
37587148|10043281
37587149|10043282
37587150|10043283
37587151|10043284
37587152|10043285
37587153|10043406
37587154|10044056
37587155|10044057
37587156|10044058
37587157|10000222
37587158|10021378
37587159|10024159
37587160|37587160
37587161|37587161
37587162|10067506
37587163|37587163
37587164|10049497
37587165|37587165
37587166|37587166
37587167|10006349
37587168|10006350
37587169|10006351
37587170|10006832
37587171|10006921
37587172|10006922
37587173|10006923
37587174|37587174
37587175|10008369
37587176|10008370
37587177|10008371
37587178|10008372
37587179|10024977
37587180|10024987
37587181|10048862
37587182|10060445
37587183|37587183
37587184|10006823
37587185|10015135
37587186|37587186
37587187|10038350
37587188|10042433
37587189|37587189
37587190|10016992
37587191|10016993
37587192|10016994
37587193|10016995
37587194|10016996
37587195|10023327
37587196|10029383
37587197|10040713
37587198|37587198
37587199|37587199
37587200|10055563
37587201|37587201
37587202|10062462
37587203|37587203
37587204|37587204
37587205|10058353
37587206|37587206
37587207|37587207
37587208|37587208
37587209|37587209
37587210|37587210
37587211|37587211
37587212|37587212
37587213|10012227
37587214|37587214
37587215|37587215
37587216|37587216
37587217|10033127
37587218|10037801
37587219|10024111
37587220|10030340
37587221|10030341
37587222|10030342
37587223|10030343
37587224|10030344
37587225|10033286
37587226|10034073
37587227|10034086
37587228|10039157
37587229|37587229
37587230|10064103
37587231|10004570
37587232|37587232
37587233|37587233
37587234|37587234
37587235|37587235
37587236|10052111
37587237|37587237
37587238|10033287
37587239|37587239
37587240|37587240
37587241|37587241
37587242|37587242
37587243|10022733
37587244|37587244
37587245|10046837
37587246|37587246
37587247|10046835
37587248|10046836
37587249|37587249
37587250|10046843
37587251|10046840
37587252|10046841
37587253|10052199
37587254|37587254
37587255|10046842
37587256|10046847
37587257|37587257
37587258|37587258
37587259|10067836
37587260|10014779
37587261|10034243
37587262|37587262
37587263|10000075
37587264|37587264
37587265|10021152
37587266|10021153
37587267|10023692
37587268|10027801
37587269|10042429
37587270|10042590
37587271|10044080
37587272|10046913
37587273|10057318
37587274|10065934
37587275|10066252
37587276|10068450
37587277|10018272
37587278|10046825
37587279|10047310
37587280|37587280
37587281|10064586
37587282|37587282
37587283|37587283
37587284|10059806
37587285|37587285
37587286|37587286
37587287|10069137
37587288|37587288
37587289|37587289
37587290|10011838
37587291|10013000
37587292|10056414
37587293|10056423
37587294|37587294
37587295|10064868
37587296|10068234
37587297|10046839
37587298|10056415
37587299|37587299
37587300|37587300
37587301|10065091
37587302|10050612
37587303|37587303
37587304|10013001
37587305|37587305
37587306|10038576
37587307|37587307
37587308|37587308
37587309|37587309
37587310|10052712
37587311|10052713
37587312|37587312
37587313|37587313
37587314|10037800
37587315|10046884
37587316|10010067
37587317|37587317
37587318|10066793
37587319|10066794
37587320|37587320
37587321|10064177
37587322|10067433
37587323|37587323
37587324|37587324
37587325|37587325
37587326|10069109
37587327|37587327
37587328|10038573
37587329|37587329
37587330|37587330
37587331|37587331
37587332|37587332
37587333|10046920
37587334|10050613
37587335|37587335
37587336|10063607
37587337|37587337
37587338|10052343
37587339|37587339
37587340|10059355
37587341|10067341
37587342|10010068
37587343|37587343
37587344|10046899
37587345|10046941
37587346|37587346
37587347|10059112
37587348|37587348
37587349|37587349
37587350|37587350
37587351|37587351
37587352|10004560
37587353|10014139
37587354|10014140
37587355|37587355
37587356|10027796
37587357|10045530
37587358|10045548
37587359|37587359
37587360|37587360
37587361|37587361
37587362|10053004
37587363|10053005
37587364|10053006
37587365|10053007
37587366|10053008
37587367|10053009
37587368|37587368
37587369|10022601
37587370|10022734
37587371|10005039
37587372|37587372
37587373|10005000
37587374|10005030
37587375|37587375
37587376|10005067
37587377|37587377
37587378|10005040
37587379|10005041
37587380|10052198
37587381|37587381
37587382|10005062
37587383|37587383
37587384|37587384
37587385|37587385
37587386|37587386
37587387|37587387
37587388|10068105
37587389|37587389
37587390|37587390
37587391|37587391
37587392|10066937
37587393|37587393
37587394|37587394
37587395|10005054
37587396|10041514
37587397|37587397
37587398|37587398
37587399|10038615
37587400|10005085
37587401|10062384
37587402|37587402
37587403|10049412
37587404|37587404
37587405|37587405
37587406|37587406
37587407|10059111
37587408|37587408
37587409|37587409
37587410|10056439
37587411|10056446
37587412|10057319
37587413|10057339
37587414|37587414
37587415|10064746
37587416|10066138
37587417|37587417
37587418|37587418
37587419|37587419
37587420|10068567
37587421|37587421
37587422|10060914
37587423|37587423
37587424|10062417
37587425|37587425
37587426|37587426
37587427|37587427
37587428|37587428
37587429|37587429
37587430|37587430
37587431|37587431
37587432|10034072
37587433|10037775
37587434|37587434
37587435|37587435
37587436|37587436
37587437|37587437
37587438|37587438
37587439|10029144
37587440|37587440
37587441|37587441
37587442|37587442
37587443|37587443
37587444|37587444
37587445|10015617
37587446|37587446
37587447|10038427
37587448|10015618
37587449|37587449
37587450|37587450
37587451|10055684
37587452|10024645
37587453|10038339
37587454|10038344
37587455|10038388
37587456|37587456
37587457|10051491
37587458|10059805
37587459|10050270
37587460|37587460
37587461|10023438
37587462|37587462
37587463|10015619
37587464|37587464
37587465|37587465
37587466|10034693
37587467|10054543
37587468|37587468
37587469|10038348
37587470|37587470
37587471|10038585
37587472|37587472
37587473|10043214
37587474|10054656
37587475|37587475
37587476|10005029
37587477|10016892
37587478|10046439
37587479|10054686
37587480|10056441
37587481|10067881
37587482|10038971
37587483|37587483
37587484|10054598
37587485|10054685
37587486|37587486
37587487|37587487
37587488|37587488
37587489|37587489
37587490|37587490
37587491|10050614
37587492|37587492
37587493|37587493
37587494|10053564
37587495|37587495
37587496|37587496
37587497|37587497
37587498|37587498
37587499|10059365
37587500|10068181
37587501|10068568
37587502|10068569
37587503|37587503
37587504|10011685
37587505|10021299
37587506|10021302
37587507|10021311
37587508|10046403
37587509|10046416
37587510|37587510
37587511|10059804
37587512|10062653
37587513|10069143
37587514|37587514
37587515|10046409
37587516|37587516
37587517|37587517
37587518|37587518
37587519|10066010
37587520|10012766
37587521|37587521
37587522|10013010
37587523|37587523
37587524|37587524
37587525|10050615
37587526|37587526
37587527|10015089
37587528|10021095
37587529|37587529
37587530|10046493
37587531|10046465
37587532|37587532
37587533|37587533
37587534|37587534
37587535|37587535
37587536|37587536
37587537|37587537
37587538|37587538
37587539|37587539
37587540|10002833
37587541|10011231
37587542|37587542
37587543|37587543
37587544|37587544
37587545|37587545
37587546|37587546
37587547|37587547
37587548|37587548
37587549|37587549
37587550|37587550
37587551|37587551
37587552|10066897
37587553|37587553
37587554|10025113
37587555|37587555
37587556|37587556
37587557|37587557
37587558|37587558
37587559|37587559
37587560|37587560
37587561|10068468
37587562|37587562
37587563|10008495
37587564|37587564
37587565|37587565
37587566|37587566
37587567|10008300
37587568|37587568
37587569|37587569
37587570|10067107
37587571|37587571
37587572|37587572
37587573|37587573
37587574|10056650
37587575|10062754
37587576|37587576
37587577|37587577
37587578|10008497
37587579|37587579
37587580|37587580
37587581|10002708
37587582|10036372
37587583|37587583
37587584|10050616
37587585|37587585
37587586|10012718
37587587|37587587
37587588|37587588
37587589|10020025
37587590|10020030
37587591|10020035
37587592|10038566
37587593|37587593
37587594|10035583
37587595|37587595
37587596|10035581
37587597|10035582
37587598|10023078
37587599|37587599
37587600|10037785
37587601|37587601
37587602|10035586
37587603|10035584
37587604|10035585
37587605|10035599
37587606|37587606
37587607|37587607
37587608|37587608
37587609|37587609
37587610|10035611
37587611|37587611
37587612|37587612
37587613|37587613
37587614|37587614
37587615|10052352
37587616|37587616
37587617|10022732
37587618|37587618
37587619|10025085
37587620|37587620
37587621|10025043
37587622|10025078
37587623|10025115
37587624|37587624
37587625|10025086
37587626|10025087
37587627|10052192
37587628|37587628
37587629|10025114
37587630|37587630
37587631|37587631
37587632|10067451
37587633|10067452
37587634|10067965
37587635|37587635
37587636|37587636
37587637|10052956
37587638|37587638
37587639|37587639
37587640|37587640
37587641|10003541
37587642|37587642
37587643|10067223
37587644|10067224
37587645|37587645
37587646|10059885
37587647|37587647
37587648|37587648
37587649|37587649
37587650|37587650
37587651|10022860
37587652|10022862
37587653|10038291
37587654|10043901
37587655|37587655
37587656|37587656
37587657|37587657
37587658|37587658
37587659|10052695
37587660|37587660
37587661|37587661
37587662|37587662
37587663|37587663
37587664|37587664
37587665|10056310
37587666|37587666
37587667|10051102
37587668|10016685
37587669|10028683
37587670|10028704
37587671|10038347
37587672|10043919
37587673|10048254
37587674|10050617
37587675|37587675
37587676|37587676
37587677|10043925
37587678|37587678
37587679|37587679
37587680|37587680
37587681|10006704
37587682|37587682
37587683|37587683
37587684|37587684
37587685|10040884
37587686|37587686
37587687|37587687
37587688|37587688
37587689|37587689
37587690|37587690
37587691|37587691
37587692|10064839
37587693|10064840
37587694|10064974
37587695|37587695
37587696|10052184
37587697|10038321
37587698|37587698
37587699|10038342
37587700|10038343
37587701|37587701
37587702|10065293
37587703|10069078
37587704|10050050
37587705|37587705
37587706|37587706
37587707|37587707
37587708|37587708
37587709|10001757
37587710|10017419
37587711|10040801
37587712|10040856
37587713|10040924
37587714|10041666
37587715|10041667
37587716|10048217
37587717|37587717
37587718|37587718
37587719|37587719
37587720|10013703
37587721|37587721
37587722|10050618
37587723|37587723
37587724|37587724
37587725|37587725
37587726|10056879
37587727|37587727
37587728|10052174
37587729|10052206
37587730|37587730
37587731|37587731
37587732|37587732
37587733|10039584
37587734|10039585
37587735|37587735
37587736|10039780
37587737|37587737
37587738|10040820
37587739|10050460
37587740|10052935
37587741|37587741
37587742|10062985
37587743|10064881
37587744|10004147
37587745|10004148
37587746|10004149
37587747|10004187
37587748|10004440
37587749|10004441
37587750|10020116
37587751|10025651
37587752|10039209
37587753|10047981
37587754|10053063
37587755|10053346
37587756|10057317
37587757|10057329
37587758|37587758
37587759|37587759
37587760|10040946
37587761|37587761
37587762|10043146
37587763|10012764
37587764|10012768
37587765|10015621
37587766|37587766
37587767|10058447
37587768|37587768
37587769|10035160
37587770|37587770
37587771|10040839
37587772|37587772
37587773|10040807
37587774|10040815
37587775|37587775
37587776|10040909
37587777|10040845
37587778|10040846
37587779|10052195
37587780|37587780
37587781|10040906
37587782|10040926
37587783|37587783
37587784|37587784
37587785|10064113
37587786|37587786
37587787|37587787
37587788|10052950
37587789|10057104
37587790|37587790
37587791|37587791
37587792|37587792
37587793|10006810
37587794|37587794
37587795|37587795
37587796|37587796
37587797|10050619
37587798|37587798
37587799|37587799
37587800|37587800
37587801|10068460
37587802|37587802
37587803|37587803
37587804|10024037
37587805|10024038
37587806|37587806
37587807|37587807
37587808|37587808
37587809|37587809
37587810|10050620
37587811|37587811
37587812|37587812
37587813|10028327
37587814|37587814
37587815|37587815
37587816|37587816
37587817|37587817
37587818|37587818
37587819|37587819
37587820|37587820
37587821|37587821
37587822|37587822
37587823|10052881
37587824|37587824
37587825|37587825
37587826|37587826
37587827|10064703
37587828|10024613
37587829|37587829
37587830|37587830
37587831|37587831
37587832|10034524
37587833|37587833
37587834|37587834
37587835|10000438
37587836|10043244
37587837|10043247
37587838|10050621
37587839|37587839
37587840|10042637
37587841|37587841
37587842|10043260
37587843|10057327
37587844|10012993
37587845|10017706
37587846|37587846
37587847|37587847
37587848|37587848
37587849|10043238
37587850|37587850
37587851|37587851
37587852|37587852
37587853|10000434
37587854|10038311
37587855|10043241
37587856|37587856
37587857|10043264
37587858|10043265
37587859|37587859
37587860|10068084
37587861|37587861
37587862|10057640
37587863|37587863
37587864|10058075
37587865|37587865
37587866|10054375
37587867|37587867
37587868|37587868
37587869|37587869
37587870|10002323
37587871|10017570
37587872|37587872
37587873|10018061
37587874|37587874
37587875|10059252
37587876|10064038
37587877|10002327
37587878|10021721
37587879|10021722
37587880|37587880
37587881|10054434
37587882|10002326
37587883|37587883
37587884|10054435
37587885|37587885
37587886|10021946
37587887|37587887
37587888|10049683
37587889|10054447
37587890|10062825
37587891|10002095
37587892|10002325
37587893|10023522
37587894|37587894
37587895|10024759
37587896|10024760
37587897|10002328
37587898|37587898
37587899|10054468
37587900|10002541
37587901|10003878
37587902|10012991
37587903|37587903
37587904|10038286
37587905|10039180
37587906|37587906
37587907|10057291
37587908|10068136
37587909|37587909
37587910|10057290
37587911|10068135
37587912|37587912
37587913|10039899
37587914|10049124
37587915|37587915
37587916|37587916
37587917|10041537
37587918|10041538
37587919|10050378
37587920|10067385
37587921|10002193
37587922|10002194
37587923|10029722
37587924|10030880
37587925|37587925
37587926|10061632
37587927|37587927
37587928|37587928
37587929|37587929
37587930|37587930
37587931|10002183
37587932|10021415
37587933|10036236
37587934|10036237
37587935|10036272
37587936|37587936
37587937|37587937
37587938|10024762
37587939|10042933
37587940|37587940
37587941|10024764
37587942|10042935
37587943|37587943
37587944|37587944
37587945|10024766
37587946|10042937
37587947|37587947
37587948|37587948
37587949|10023685
37587950|37587950
37587951|10043861
37587952|10037793
37587953|37587953
37587954|10065550
37587955|10050693
37587956|37587956
37587957|10068476
37587958|10069196
37587959|37587959
37587960|10008447
37587961|37587961
37587962|37587962
37587963|37587963
37587964|37587964
37587965|37587965
37587966|37587966
37587967|37587967
37587968|37587968
37587969|37587969
37587970|37587970
37587971|37587971
37587972|10021251
37587973|10021252
37587974|10021253
37587975|10021254
37587976|10024374
37587977|37587977
37587978|10015092
37587979|10016619
37587980|10016624
37587981|10021255
37587982|37587982
37587983|10017569
37587984|10018488
37587985|10025371
37587986|37587986
37587987|10021256
37587988|10021420
37587989|10045256
37587990|10021284
37587991|10021285
37587992|10021286
37587993|10021287
37587994|10021288
37587995|10021289
37587996|10021290
37587997|10021291
37587998|10021292
37587999|10021293
37588000|10021294
37588001|10021295
37588002|10021296
37588003|10021297
37588004|37588004
37588005|10022540
37588006|10022541
37588007|10022542
37588008|10022543
37588009|10022544
37588010|10022545
37588011|10022546
37588012|10022547
37588013|10022548
37588014|10022549
37588015|10022550
37588016|10022551
37588017|10022552
37588018|10022553
37588019|10011237
37588020|37588020
37588021|10011851
37588022|37588022
37588023|37588023
37588024|10053095
37588025|10053096
37588026|37588026
37588027|37588027
37588028|10011508
37588029|10016804
37588030|10016805
37588031|10016806
37588032|10030977
37588033|10031012
37588034|10033982
37588035|10033983
37588036|37588036
37588037|10067708
37588038|10067842
37588039|37588039
37588040|37588040
37588041|10027088
37588042|10050301
37588043|10050302
37588044|10050303
37588045|10050304
37588046|10053011
37588047|10053012
37588048|10053013
37588049|10053014
37588050|10062733
37588051|10050308
37588052|37588052
37588053|10053965
37588054|10053966
37588055|10053967
37588056|10066479
37588057|37588057
37588058|10020574
37588059|10044107
37588060|10044276
37588061|37588061
37588062|10048295
37588063|37588063
37588064|10054960
37588065|10066687
37588066|10024897
37588067|10024898
37588068|10041024
37588069|37588069
37588070|37588070
37588071|37588071
37588072|37588072
37588073|37588073
37588074|10001139
37588075|10001261
37588076|10014356
37588077|37588077
37588078|10024609
37588079|10038998
37588080|10001140
37588081|10001262
37588082|10004083
37588083|10013044
37588084|10024454
37588085|10024610
37588086|10035488
37588087|10036469
37588088|37588088
37588089|37588089
37588090|10054180
37588091|37588091
37588092|10063436
37588093|37588093
37588094|10054181
37588095|37588095
37588096|10068384
37588097|10000639
37588098|10006021
37588099|37588099
37588100|10021433
37588101|10034101
37588102|10036505
37588103|10036897
37588104|10039242
37588105|10039243
37588106|10039244
37588107|10046859
37588108|10054540
37588109|10054601
37588110|10054602
37588111|10062371
37588112|10063018
37588113|10063019
37588114|10063021
37588115|10063022
37588116|10016792
37588117|10016794
37588118|10049886
37588119|37588119
37588120|10059430
37588121|10053341
37588122|10053386
37588123|37588123
37588124|10054187
37588125|37588125
37588126|10054183
37588127|37588127
37588128|10027846
37588129|10027851
37588130|10027855
37588131|10027856
37588132|37588132
37588133|10027845
37588134|10027847
37588135|10027848
37588136|10027849
37588137|10027850
37588138|10027852
37588139|10027853
37588140|10027854
37588141|10027857
37588142|10027858
37588143|37588143
37588144|37588144
37588145|10027843
37588146|37588146
37588147|37588147
37588148|10023926
37588149|37588149
37588150|10037152
37588151|37588151
37588152|37588152
37588153|37588153
37588154|37588154
37588155|10012527
37588156|37588156
37588157|10053741
37588158|10055680
37588159|37588159
37588160|37588160
37588161|10054313
37588162|10002221
37588163|37588163
37588164|10024761
37588165|10036273
37588166|10036894
37588167|10042932
37588168|10043159
37588169|10045023
37588170|10049086
37588171|10049114
37588172|37588172
37588173|10065609
37588174|10066575
37588175|10024763
37588176|10042934
37588177|37588177
37588178|10049907
37588179|10068295
37588180|10024765
37588181|10042936
37588182|37588182
37588183|10049115
37588184|10049134
37588185|10053087
37588186|10066742
37588187|37588187
37588188|10053515
37588189|10067824
37588190|10049868
37588191|37588191
37588192|37588192
37588193|10052912
37588194|37588194
37588195|10065107
37588196|10066497
37588197|37588197
37588198|10008445
37588199|10008446
37588200|37588200
37588201|10010013
37588202|10011823
37588203|10017568
37588204|10018487
37588205|10025370
37588206|37588206
37588207|37588207
37588208|37588208
37588209|37588209
37588210|10066610
37588211|37588211
37588212|10063390
37588213|37588213
37588214|37588214
37588215|37588215
37588216|37588216
37588217|37588217
37588218|37588218
37588219|10066613
37588220|37588220
37588221|37588221
37588222|37588222
37588223|10051594
37588224|10065586
37588225|37588225
37588226|10062828
37588227|10065554
37588228|10066639
37588229|10049174
37588230|10054445
37588231|37588231
37588232|10062493
37588233|37588233
37588234|10025498
37588235|10036655
37588236|37588236
37588237|37588237
37588238|37588238
37588239|37588239
37588240|10064738
37588241|37588241
37588242|37588242
37588243|10050213
37588244|37588244
37588245|37588245
37588246|37588246
37588247|37588247
37588248|10008434
37588249|37588249
37588250|10036654
37588251|10036893
37588252|37588252
37588253|10036903
37588254|10067625
37588255|10052361
37588256|37588256
37588257|10054973
37588258|37588258
37588259|10066360
37588260|10066361
37588261|37588261
37588262|37588262
37588263|37588263
37588264|10054934
37588265|10054983
37588266|37588266
37588267|10064085
37588268|10036900
37588269|10036904
37588270|10050005
37588271|10054926
37588272|37588272
37588273|10066704
37588274|37588274
37588275|37588275
37588276|37588276
37588277|37588277
37588278|37588278
37588279|10050432
37588280|10050433
37588281|10050434
37588282|10050435
37588283|10050436
37588284|10050437
37588285|10050438
37588286|10051616
37588287|10051767
37588288|10052062
37588289|10068372
37588290|37588290
37588291|10008443
37588292|10008448
37588293|10008449
37588294|10036899
37588295|10036901
37588296|10036902
37588297|10049091
37588298|10053342
37588299|37588299
37588300|10054182
37588301|10068079
37588302|37588302
37588303|37588303
37588304|37588304
37588305|37588305
37588306|10012108
37588307|10013880
37588308|37588308
37588309|10049166
37588310|10049908
37588311|10049909
37588312|10049910
37588313|10054132
37588314|10060478
37588315|10067649
37588316|10067650
37588317|37588317
37588318|37588318
37588319|10006079
37588320|10006925
37588321|10037782
37588322|10037799
37588323|10048252
37588324|37588324
37588325|37588325
37588326|10014433
37588327|37588327
37588328|10017673
37588329|37588329
37588330|10034945
37588331|37588331
37588332|10037770
37588333|37588333
37588334|10037795
37588335|10051885
37588336|10059803
37588337|10064152
37588338|10065518
37588339|10065519
37588340|10042565
37588341|10048195
37588342|37588342
37588343|10000100
37588344|10000276
37588345|37588345
37588346|10000310
37588347|10003009
37588348|10004139
37588349|10006172
37588350|10009707
37588351|10013619
37588352|10013620
37588353|10013621
37588354|10013623
37588355|10013624
37588356|10015728
37588357|10015978
37588358|10022742
37588359|10023528
37588360|10024654
37588361|10025029
37588362|10025172
37588363|10028827
37588364|10034237
37588365|10034448
37588366|10034519
37588367|10034687
37588368|10035042
37588369|10036249
37588370|10038018
37588371|10038959
37588372|10039743
37588373|10041644
37588374|10047733
37588375|10057842
37588376|37588376
37588377|10064719
37588378|37588378
37588379|37588379
37588380|37588380
37588381|37588381
37588382|37588382
37588383|10065449
37588384|37588384
37588385|10063542
37588386|37588386
37588387|37588387
37588388|37588388
37588389|37588389
37588390|37588390
37588391|10002956
37588392|37588392
37588393|37588393
37588394|37588394
37588395|10067374
37588396|37588396
37588397|37588397
37588398|10063405
37588399|37588399
37588400|37588400
37588401|10062382
37588402|37588402
37588403|37588403
37588404|37588404
37588405|37588405
37588406|37588406
37588407|37588407
37588408|37588408
37588409|10059460
37588410|37588410
37588411|37588411
37588412|37588412
37588413|37588413
37588414|10011484
37588415|10066082
37588416|37588416
37588417|10011749
37588418|37588418
37588419|10057023
37588420|37588420
37588421|10067616
37588422|10067617
37588423|10048030
37588424|10048032
37588425|10052710
37588426|10067379
37588427|37588427
37588428|10051907
37588429|37588429
37588430|37588430
37588431|37588431
37588432|37588432
37588433|37588433
37588434|37588434
37588435|37588435
37588436|37588436
37588437|10034119
37588438|37588438
37588439|37588439
37588440|37588440
37588441|37588441
37588442|37588442
37588443|37588443
37588444|37588444
37588445|37588445
37588446|10017652
37588447|10054391
37588448|37588448
37588449|10069212
37588450|10014421
37588451|10050332
37588452|10050333
37588453|37588453
37588454|37588454
37588455|37588455
37588456|37588456
37588457|37588457
37588458|37588458
37588459|10066156
37588460|10050055
37588461|37588461
37588462|37588462
37588463|37588463
37588464|10068634
37588465|37588465
37588466|37588466
37588467|37588467
37588468|10038323
37588469|37588469
37588470|37588470
37588471|37588471
37588472|10051046
37588473|37588473
37588474|10052948
37588475|10053521
37588476|37588476
37588477|37588477
37588478|10056623
37588479|37588479
37588480|37588480
37588481|10053525
37588482|10053314
37588483|37588483
37588484|10065431
37588485|37588485
37588486|37588486
37588487|10050451
37588488|37588488
37588489|10064273
37588490|10064274
37588491|37588491
37588492|37588492
37588493|10054404
37588494|37588494
37588495|37588495
37588496|37588496
37588497|37588497
37588498|37588498
37588499|37588499
37588500|37588500
37588501|10053388
37588502|37588502
37588503|10064847
37588504|37588504
37588505|37588505
37588506|37588506
37588507|37588507
37588508|37588508
37588509|10053707
37588510|10063054
37588511|37588511
37588512|37588512
37588513|10024448
37588514|10024449
37588515|10042575
37588516|10050830
37588517|37588517
37588518|10068493
37588519|37588519
37588520|37588520
37588521|37588521
37588522|37588522
37588523|10026705
37588524|10053466
37588525|10053517
37588526|37588526
37588527|10062473
37588528|10064810
37588529|10068637
37588530|10026793
37588531|37588531
37588532|10025023
37588533|37588533
37588534|37588534
37588535|10067835
37588536|37588536
37588537|10065363
37588538|37588538
37588539|10051310
37588540|10065089
37588541|37588541
37588542|10053554
37588543|10063789
37588544|37588544
37588545|37588545
37588546|37588546
37588547|37588547
37588548|10068746
37588549|37588549
37588550|37588550
37588551|37588551
37588552|37588552
37588553|37588553
37588554|10053746
37588555|37588555
37588556|10058999
37588557|10062592
37588558|10064473
37588559|37588559
37588560|37588560
37588561|10052212
37588562|37588562
37588563|37588563
37588564|37588564
37588565|37588565
37588566|37588566
37588567|37588567
37588568|37588568
37588569|37588569
37588570|37588570
37588571|37588571
37588572|10050334
37588573|37588573
37588574|10063340
37588575|10051042
37588576|37588576
37588577|37588577
37588578|10052766
37588579|37588579
37588580|10053385
37588581|37588581
37588582|37588582
37588583|10036498
37588584|10036499
37588585|37588585
37588586|37588586
37588587|10036841
37588588|37588588
37588589|37588589
37588590|37588590
37588591|37588591
37588592|37588592
37588593|37588593
37588594|37588594
37588595|10048836
37588596|37588596
37588597|37588597
37588598|37588598
37588599|10038335
37588600|37588600
37588601|37588601
37588602|37588602
37588603|37588603
37588604|37588604
37588605|37588605
37588606|37588606
37588607|37588607
37588608|10043474
37588609|37588609
37588610|37588610
37588611|37588611
37588612|37588612
37588613|10048301
37588614|37588614
37588615|10049417
37588616|37588616
37588617|10050193
37588618|10054640
37588619|37588619
37588620|10016136
37588621|10016137
37588622|10039005
37588623|37588623
37588624|10042014
37588625|10054600
37588626|37588626
37588627|10063915
37588628|37588628
37588629|37588629
37588630|10030858
37588631|37588631
37588632|10048451
37588633|10049130
37588634|10051332
37588635|37588635
37588636|37588636
37588637|10036733
37588638|10039877
37588639|10040905
37588640|10042638
37588641|10042639
37588642|10042641
37588643|37588643
37588644|10040814
37588645|37588645
37588646|10068865
37588647|37588647
37588648|37588648
37588649|37588649
37588650|10045318
37588651|10052705
37588652|10053756
37588653|37588653
37588654|10053758
37588655|10068522
37588656|37588656
37588657|10065155
37588658|10066377
37588659|37588659
37588660|10064926
37588661|10064927
37588662|10064928
37588663|37588663
37588664|37588664
37588665|10040452
37588666|37588666
37588667|10048756
37588668|37588668
37588669|10064285
37588670|37588670
37588671|10016615
37588672|10049103
37588673|10053079
37588674|37588674
37588675|37588675
37588676|37588676
37588677|37588677
37588678|10048985
37588679|37588679
37588680|37588680
37588681|10039886
37588682|10048034
37588683|10048035
37588684|10052673
37588685|10052674
37588686|37588686
37588687|10063918
37588688|10045173
37588689|10045174
37588690|10045175
37588691|37588691
37588692|10062240
37588693|37588693
37588694|37588694
37588695|10068868
37588696|37588696
37588697|10002888
37588698|10038564
37588699|10002893
37588700|10002927
37588701|10002940
37588702|10039009
37588703|10044699
37588704|10053492
37588705|10053493
37588706|10053976
37588707|10057468
37588708|37588708
37588709|10059135
37588710|10069035
37588711|10049052
37588712|37588712
37588713|37588713
37588714|37588714
37588715|37588715
37588716|37588716
37588717|10016425
37588718|37588718
37588719|10003147
37588720|10016428
37588721|10050277
37588722|10053091
37588723|10053092
37588724|37588724
37588725|10057560
37588726|10064812
37588727|10068503
37588728|37588728
37588729|10003161
37588730|37588730
37588731|37588731
37588732|10003171
37588733|10003172
37588734|10057494
37588735|37588735
37588736|10048790
37588737|37588737
37588738|10050592
37588739|10052908
37588740|37588740
37588741|37588741
37588742|37588742
37588743|37588743
37588744|37588744
37588745|10063711
37588746|37588746
37588747|10066308
37588748|10066310
37588749|10066311
37588750|10066312
37588751|37588751
37588752|10050339
37588753|37588753
37588754|10052597
37588755|10069037
37588756|10069038
37588757|10006894
37588758|37588758
37588759|10011090
37588760|10011098
37588761|10037721
37588762|10040717
37588763|10040730
37588764|10044675
37588765|10051198
37588766|10066341
37588767|10068176
37588768|37588768
37588769|37588769
37588770|10054366
37588771|37588771
37588772|10016433
37588773|10016453
37588774|10052244
37588775|10067408
37588776|10067416
37588777|37588777
37588778|10002336
37588779|10009305
37588780|10022735
37588781|37588781
37588782|37588782
37588783|10034190
37588784|10066858
37588785|37588785
37588786|37588786
37588787|37588787
37588788|37588788
37588789|37588789
37588790|37588790
37588791|37588791
37588792|10068869
37588793|10068870
37588794|37588794
37588795|37588795
37588796|37588796
37588797|10057787
37588798|10068803
37588799|10069036
37588800|37588800
37588801|10003188
37588802|10003189
37588803|37588803
37588804|10003191
37588805|10003854
37588806|10003855
37588807|10003856
37588808|10058566
37588809|10058567
37588810|10065445
37588811|37588811
37588812|10059258
37588813|37588813
37588814|37588814
37588815|37588815
37588816|37588816
37588817|37588817
37588818|10053702
37588819|10018853
37588820|10055367
37588821|37588821
37588822|10060735
37588823|37588823
37588824|10059357
37588825|10064218
37588826|37588826
37588827|10053375
37588828|10010217
37588829|10047182
37588830|37588830
37588831|37588831
37588832|37588832
37588833|37588833
37588834|37588834
37588835|10057780
37588836|10057781
37588837|10057804
37588838|10057805
37588839|10065092
37588840|37588840
37588841|37588841
37588842|10003154
37588843|10004084
37588844|10014497
37588845|10016432
37588846|37588846
37588847|37588847
37588848|37588848
37588849|37588849
37588850|10052711
37588851|10052090
37588852|10058707
37588853|10061407
37588854|10063919
37588855|37588855
37588856|37588856
37588857|10066772
37588858|37588858
37588859|37588859
37588860|10047142
37588861|37588861
37588862|37588862
37588863|37588863
37588864|10052720
37588865|10052721
37588866|10053379
37588867|10053384
37588868|10054346
37588869|10065139
37588870|37588870
37588871|10067105
37588872|10007934
37588873|10051043
37588874|37588874
37588875|10053378
37588876|10053380
37588877|10053381
37588878|10053382
37588879|10053383
37588880|10065142
37588881|10069131
37588882|10069133
37588883|37588883
37588884|10022823
37588885|37588885
37588886|37588886
37588887|10059254
37588888|10065380
37588889|37588889
37588890|37588890
37588891|10059649
37588892|37588892
37588893|10010218
37588894|37588894
37588895|10046997
37588896|10047005
37588897|10044585
37588898|10044586
37588899|10046998
37588900|10047026
37588901|10049104
37588902|10049117
37588903|37588903
37588904|37588904
37588905|10047203
37588906|37588906
37588907|10047006
37588908|37588908
37588909|10050593
37588910|37588910
37588911|37588911
37588912|10057337
37588913|37588913
37600000|10047065
37602355|10002363
37602356|10003216
37602357|10011954
37602358|10014523
37602359|10025231
37602360|10047066
37602361|10047075
37602362|10057166
37602363|10047116
37602364|10047079
37602365|10057165
37603998|10002364
37603999|10002365
37604000|10002889
37604001|10008194
37604002|10034564
37604003|10002901
37604004|10008192
37604005|10065875
37604006|10017984
37604007|10019632
37604008|10065876
37604009|10029558
37604010|10034640
37604011|10038482
37604012|10038605
37604013|10038883
37604014|10052781
37604015|10005742
37604016|10009193
37604017|10057181
37604018|10002896
37604019|10008205
37604020|10017951
37604021|10019630
37604022|10014524
37604023|10034572
37604024|10037379
37604025|10038434
37604026|10038861
37604027|10052782
37604028|10047197
37604029|10025221
37604030|10052790
37604031|10008193
37604032|10047067
37604033|10030067
37604034|10034638
37604035|10037455
37604036|10038545
37604037|10038607
37604038|10057188
37604039|10047091
37604040|10057189
37604041|10006513
37604042|10052742
37604043|10018987
37604044|10008206
37604045|10064464
37604046|10038461
37604047|10052743
37604048|10000356
37604049|10052741
37604050|10010164
37604051|10036201
37604052|10036557
37604053|10038465
37604054|10020774
37604055|10057177
37604056|10003231
37604057|10052780
37604058|10047113
37604059|10003141
37604060|10027701
37604061|10047221
37604062|10018030
37604063|10038606
37604064|10047007
37622379|10002329
37622380|10002331
37622381|10048380
37622382|10061660
37622383|10062174
37622384|10002882
37622385|10002886
37622386|10002895
37622387|10068119
37622388|10067975
37622389|10016427
37622390|10052326
37622391|10057521
37622392|10057520
37622393|10042331
37622394|10065558
37622395|10002900
37622396|10058178
37622397|10002906
37622398|10024242
37622399|10062542
37622400|10062599
37622401|10003175
37622402|10060965
37622403|10003210
37622404|10003212
37622405|10054794
37622406|10019013
37622407|10061216
37622408|10061255
37622409|10028862
37622410|10028872
37622411|10052760
37622412|10063900
37622413|10054880
37622414|10053648
37622415|10057469
37622416|10047163
37622417|10057320
37622418|10058990
37622419|10048671
37622420|10047503
37622421|10049867
37622422|10065418
37622423|10059385
37622424|10066898
37622425|10016426
37622426|10052019
37622427|10064601
37622428|10053216
37622429|10058992
37622430|10022562
37622431|10062610
37622432|10062585
37622433|10034576
37622434|10036155
37622435|10037912
37622436|10050180
37622437|10058987
37622438|10005746
37622439|10051128
37622440|10023533
37622441|10065226
37622442|10009192
37622443|10058558
37622444|10021138
37622445|10034567
37622446|10040560
37622447|10065929
37622448|10066077
37622449|10021097
37622450|10066019
37622451|10031127
37622452|10002897
37622453|10002910
37622454|10003178
37622455|10061169
37622456|10014522
37622457|10066059
37622458|10048591
37622459|10043581
37622460|10043607
37622461|10068605
37622462|10047249
37622463|10003180
37622464|10003880
37622465|10051055
37622466|10068365
37622467|10021338
37622468|10021340
37622469|10023237
37622470|10050216
37622471|10034272
37622472|10061340
37622473|10042332
37622474|10042334
37622475|10049446
37622476|10043570
37622477|10043595
37622478|10061408
37622479|10047193
37622480|10047195
37622481|10059245
37622482|10060963
37622483|10054793
37622484|10007189
37622485|10048554
37622486|10052076
37622487|10020565
37622488|10054805
37622489|10062198
37622490|10029113
37622491|10051474
37622492|10048737
37622493|10068717
37622494|10051753
37622495|10047073
37622496|10047183
37622497|10047184
37622498|10047187
37622499|10062173
37622500|10051510
37622501|10034636
37622502|10052664
37622503|10047190
37622504|10054208
37622505|10057453
37622506|10058648
37622507|10065510
37622508|10066243
37622509|10051550
37622510|10069111
37622511|10061636
37622512|10003226
37622513|10060964
37622514|10015719
37622515|10015867
37622516|10018833
37622517|10018852
37622518|10055798
37622519|10065441
37622520|10000358
37622521|10020802
37622522|10058179
37622523|10025600
37622524|10057615
37622525|10002482
37622526|10059238
37622527|10012758
37622528|10015488
37622529|10020772
37622530|10049079
37622531|10065508
37622532|10033771
37622533|10065918
37622534|10039834
37622535|10042957
37622536|10002921
37622537|10003230
37622538|10049584
37622539|10057267
37622540|10034897
37622541|10034902
37622542|10005144
37622543|10043605
37622544|10056717
37622545|10046996
37622546|10046999
37622547|10047261
37688914|37688914
37688915|10002343
37688916|10002345
37688917|10002353
37688918|10002354
37688919|10002355
37688920|10002360
37688921|10003142
37688922|10003143
37688923|10027526
37688924|10031651
37688925|10047045
37688926|10047046
37688927|10059127
37688928|37688928
37688929|10064762
37688930|37688930
37688931|10051009
37688932|37688932
37688933|10068353
37688934|10051303
37688935|37688935
37688936|10000051
37688937|10000052
37688938|10000054
37688939|10002330
37688940|10002338
37688941|10002339
37688942|10002341
37688943|10002342
37688944|10002347
37688945|10002349
37688946|37688946
37688947|10002883
37688948|10043463
37688949|10043465
37688950|10043482
37688951|10053559
37688952|10000053
37688953|10002884
37688954|37688954
37688955|10043464
37688956|10043481
37688957|10049871
37688958|10054961
37688959|10054982
37688960|10060524
37688961|37688961
37688962|10013421
37688963|10013422
37688964|10013423
37688965|10013424
37688966|10013425
37688967|10013426
37688968|10013427
37688969|37688969
37688970|10068120
37688971|37688971
37688972|10067978
37688973|37688973
37688974|37688974
37688975|10002344
37688976|10002346
37688977|10002352
37688978|10003872
37688979|10003881
37688980|10021336
37688981|10036168
37688982|37688982
37688983|37688983
37688984|10057554
37688985|10002359
37688986|37688986
37688987|10002892
37688988|10002905
37688989|10002926
37688990|10003605
37688991|37688991
37688992|37688992
37688993|10028854
37688994|10002891
37688995|10002902
37688996|37688996
37688997|37688997
37688998|10002909
37688999|10002925
37689000|10065610
37689001|10002939
37689002|37689002
37689003|37689003
37689004|10003166
37689005|10048818
37689006|10058475
37689007|37689007
37689008|37689008
37689009|10003176
37689010|10003223
37689011|10003224
37689012|10041376
37689013|10041394
37689014|10041398
37689015|10003177
37689016|10042233
37689017|37689017
37689018|37689018
37689019|10003601
37689020|10003603
37689021|10003606
37689022|10003607
37689023|10003608
37689024|10003609
37689025|10003610
37689026|10003611
37689027|10003612
37689028|10003613
37689029|10003614
37689030|10003615
37689031|10003617
37689032|10018104
37689033|10018107
37689034|10018108
37689035|10020731
37689036|10029474
37689037|10031672
37689038|10048957
37689039|10051614
37689040|10051615
37689041|10054100
37689042|10057702
37689043|10065530
37689044|37689044
37689045|10003213
37689046|10027066
37689047|10027812
37689048|37689048
37689049|37689049
37689050|10055282
37689051|10021754
37689052|10021756
37689053|10021762
37689054|10036228
37689055|37689055
37689056|10050000
37689057|10054438
37689058|37689058
37689059|37689059
37689060|10028863
37689061|37689061
37689062|37689062
37689063|10041965
37689064|37689064
37689065|37689065
37689066|10029990
37689067|10030005
37689068|37689068
37689069|37689069
37689070|10002483
37689071|10041399
37689072|37689072
37689073|10047218
37689074|10047219
37689075|10047220
37689076|10047245
37689077|37689077
37689078|10066208
37689079|10066219
37689080|10066682
37689081|10067343
37689082|10068703
37689083|10007976
37689084|10047230
37689085|37689085
37689086|37689086
37689087|37689087
37689088|10054692
37689089|37689089
37689090|10049883
37689091|10052305
37689092|10003604
37689093|10029975
37689094|37689094
37689095|10066581
37689096|10050630
37689097|37689097
37689098|37689098
37689099|37689099
37689100|37689100
37689101|10016430
37689102|10042506
37689103|37689103
37689104|10021337
37689105|37689105
37689106|37689106
37689107|10057256
37689108|37689108
37689109|10008411
37689110|10009240
37689111|10009241
37689112|10009243
37689113|37689113
37689114|10056868
37689115|37689115
37689116|10062613
37689117|10003164
37689118|10036167
37689119|10057519
37689120|10057525
37689121|10057569
37689122|10059137
37689123|37689123
37689124|10065006
37689125|10066719
37689126|10067825
37689127|10023020
37689128|10023022
37689129|10023023
37689130|10023034
37689131|10023038
37689132|10023039
37689133|37689133
37689134|10034577
37689135|10034578
37689136|10034579
37689137|10058069
37689138|10058072
37689139|10066918
37689140|10066920
37689141|10036154
37689142|37689142
37689143|10036156
37689144|10037909
37689145|10037910
37689146|10037911
37689147|37689147
37689148|10037913
37689149|10037914
37689150|10037915
37689151|10037916
37689152|10037917
37689153|10037918
37689154|10037919
37689155|37689155
37689156|10021923
37689157|10023103
37689158|37689158
37689159|37689159
37689160|10008393
37689161|37689161
37689162|10005752
37689163|37689163
37689164|37689164
37689165|10065232
37689166|10007647
37689167|37689167
37689168|10009907
37689169|10009908
37689170|10009909
37689171|10009911
37689172|10009916
37689173|10009917
37689174|10009918
37689175|10009919
37689176|10009920
37689177|10042773
37689178|10047052
37689179|10047143
37689180|37689180
37689181|37689181
37689182|10021140
37689183|10009910
37689184|10009914
37689185|10009915
37689186|10016161
37689187|37689187
37689188|10034621
37689189|10000692
37689190|10009195
37689191|10009304
37689192|10016144
37689193|10032471
37689194|10036407
37689195|37689195
37689196|10040561
37689197|10040564
37689198|10040567
37689199|10040568
37689200|10040569
37689201|10040570
37689202|10040571
37689203|10040572
37689204|10040573
37689205|10040574
37689206|10040575
37689207|10040581
37689208|10040582
37689209|10040583
37689210|10040584
37689211|10040585
37689212|10040586
37689213|10049519
37689214|10012382
37689215|10024920
37689216|10064995
37689217|37689217
37689218|10066342
37689219|37689219
37689220|10005753
37689221|10008921
37689222|37689222
37689223|10021098
37689224|10021099
37689225|10021103
37689226|10021105
37689227|10021106
37689228|10021107
37689229|10021108
37689230|10021178
37689231|10024895
37689232|10024896
37689233|10026926
37689234|10026927
37689235|10026928
37689236|10026929
37689237|10026930
37689238|10026931
37689239|10048348
37689240|10049705
37689241|10051586
37689242|10065409
37689243|10066331
37689244|10052446
37689245|37689245
37689246|10021100
37689247|10021101
37689248|10021102
37689249|10021104
37689250|37689250
37689251|10036433
37689252|10048349
37689253|37689253
37689254|10014502
37689255|10014509
37689256|10039365
37689257|37689257
37689258|10049845
37689259|37689259
37689260|10003181
37689261|10043611
37689262|10067651
37689263|10003156
37689264|10003160
37689265|10014499
37689266|10014500
37689267|10014501
37689268|10014505
37689269|10014506
37689270|10014510
37689271|37689271
37689272|10014516
37689273|10014517
37689274|10014525
37689275|10043565
37689276|10043566
37689277|10043567
37689278|37689278
37689279|10068903
37689280|10014507
37689281|10014511
37689282|37689282
37689283|10033035
37689284|10033036
37689285|10047225
37689286|10047226
37689287|10066899
37689288|37689288
37689289|10024607
37689290|10036425
37689291|10048589
37689292|37689292
37689293|37689293
37689294|10009667
37689295|37689295
37689296|10043609
37689297|10043610
37689298|10043623
37689299|10043627
37689300|10043628
37689301|37689301
37689302|10068606
37689303|10034904
37689304|10043640
37689305|37689305
37689306|10047253
37689307|10003179
37689308|37689308
37689309|10003182
37689310|10003183
37689311|10003873
37689312|10006071
37689313|10012990
37689314|10016431
37689315|10043612
37689316|10043613
37689317|10043614
37689318|10043829
37689319|37689319
37689320|10012090
37689321|10012091
37689322|10012093
37689323|10012094
37689324|10012096
37689325|10012097
37689326|10012098
37689327|10012107
37689328|10013877
37689329|10013878
37689330|10013879
37689331|10024105
37689332|10034883
37689333|10034885
37689334|10043572
37689335|10043575
37689336|10043578
37689337|10043583
37689338|10043630
37689339|10043642
37689340|10047232
37689341|10047251
37689342|10047252
37689343|10049903
37689344|10049915
37689345|10049916
37689346|10049917
37689347|10049918
37689348|37689348
37689349|10059519
37689350|10059520
37689351|10062589
37689352|10065052
37689353|10066529
37689354|10068046
37689355|37689355
37689356|10014504
37689357|37689357
37689358|10021339
37689359|37689359
37689360|10021400
37689361|37689361
37689362|37689362
37689363|10050224
37689364|10050225
37689365|37689365
37689366|10034886
37689367|10043591
37689368|10052471
37689369|10003155
37689370|10003157
37689371|10003158
37689372|10003159
37689373|10014503
37689374|10014514
37689375|10014519
37689376|10014526
37689377|10014528
37689378|10014533
37689379|10014534
37689380|10014535
37689381|10014539
37689382|10034571
37689383|37689383
37689384|37689384
37689385|10042333
37689386|37689386
37689387|37689387
37689388|37689388
37689389|10043571
37689390|10043577
37689391|10043582
37689392|10043587
37689393|10043588
37689394|10043589
37689395|10047247
37689396|10047248
37689397|10034893
37689398|10034894
37689399|10042545
37689400|10042554
37689401|10042555
37689402|10042556
37689403|10042557
37689404|10042558
37689405|10042559
37689406|10042560
37689407|10042562
37689408|10042563
37689409|10042564
37689410|10043573
37689411|10043579
37689412|10043584
37689413|10043585
37689414|37689414
37689415|10043631
37689416|10043643
37689417|10047233
37689418|10047256
37689419|10047257
37689420|10024945
37689421|10043641
37689422|10047250
37689423|10047254
37689424|10047255
37689425|37689425
37689426|10014512
37689427|37689427
37689428|10047196
37689429|10054751
37689430|10021924
37689431|10042570
37689432|10043590
37689433|10043596
37689434|10043639
37689435|37689435
37689436|10063363
37689437|10012163
37689438|10013282
37689439|10047059
37689440|10047062
37689441|37689441
37689442|37689442
37689443|10003152
37689444|10003208
37689445|10003209
37689446|10018106
37689447|10031940
37689448|10032653
37689449|10045840
37689450|37689450
37689451|37689451
37689452|37689452
37689453|10007190
37689454|10013109
37689455|10031531
37689456|10060714
37689457|10066444
37689458|37689458
37689459|37689459
37689460|10058270
37689461|37689461
37689462|10020619
37689463|37689463
37689464|10068824
37689465|10050444
37689466|37689466
37689467|10003185
37689468|10028915
37689469|37689469
37689470|10029114
37689471|10056191
37689472|37689472
37689473|37689473
37689474|37689474
37689475|10002396
37689476|37689476
37689477|10059123
37689478|10002428
37689479|37689479
37689480|37689480
37689481|10055545
37689482|10021726
37689483|10033029
37689484|10033030
37689485|10033031
37689486|10033032
37689487|10033033
37689488|10033034
37689489|10046221
37689490|10046222
37689491|10046223
37689492|10046224
37689493|10046225
37689494|10046226
37689495|37689495
37689496|10047185
37689497|10047222
37689498|10047223
37689499|37689499
37689500|10052612
37689501|37689501
37689502|37689502
37689503|10009194
37689504|10013255
37689505|10013283
37689506|10032377
37689507|10032378
37689508|10032854
37689509|10032855
37689510|10032856
37689511|10034565
37689512|10034633
37689513|10034634
37689514|10034635
37689515|37689515
37689516|10034637
37689517|10047063
37689518|37689518
37689519|10052714
37689520|10052715
37689521|37689521
37689522|10053350
37689523|10057558
37689524|10020898
37689525|37689525
37689526|37689526
37689527|10051355
37689528|37689528
37689529|10058293
37689530|37689530
37689531|10058656
37689532|37689532
37689533|37689533
37689534|37689534
37689535|10051561
37689536|10013013
37689537|37689537
37689538|10051846
37689539|37689539
37689540|10003187
37689541|37689541
37689542|10003228
37689543|10016719
37689544|10060767
37689545|10049802
37689546|10055230
37689547|37689547
37689548|37689548
37689549|37689549
37689550|37689550
37689551|10060542
37689552|37689552
37689553|10018854
37689554|10019428
37689555|10019434
37689556|10005103
37689557|10005645
37689558|10018988
37689559|10019003
37689560|10019524
37689561|10019525
37689562|10019589
37689563|10019595
37689564|10039813
37689565|10039814
37689566|10045869
37689567|10048379
37689568|10055269
37689569|37689569
37689570|10066291
37689571|10066292
37689572|10066691
37689573|10066767
37689574|37689574
37689575|10065450
37689576|37689576
37689577|10011395
37689578|37689578
37689579|10058181
37689580|37689580
37689581|10015490
37689582|10020781
37689583|10025548
37689584|37689584
37689585|10025601
37689586|10026691
37689587|10026692
37689588|10032250
37689589|10039838
37689590|37689590
37689591|37689591
37689592|37689592
37689593|37689593
37689594|10020778
37689595|10004254
37689596|10004255
37689597|10004256
37689598|10004257
37689599|10004258
37689600|10004259
37689601|10004260
37689602|10004261
37689603|37689603
37689604|10015489
37689605|10015491
37689606|10036695
37689607|10045866
37689608|10005747
37689609|10005751
37689610|10019180
37689611|10020424
37689612|37689612
37689613|10020773
37689614|10020775
37689615|10020777
37689616|10020779
37689617|10020782
37689618|10020783
37689619|10020785
37689620|10020799
37689621|10020800
37689622|10020804
37689623|10020805
37689624|10021657
37689625|10032398
37689626|10032399
37689627|10032400
37689628|10032401
37689629|10032402
37689630|10032403
37689631|10038274
37689632|10045477
37689633|10045563
37689634|10045637
37689635|10045912
37689636|10045913
37689637|10045914
37689638|10045915
37689639|10046111
37689640|10051581
37689641|10057495
37689642|10066860
37689643|37689643
37689644|37689644
37689645|37689645
37689646|10036636
37689647|37689647
37689648|10004455
37689649|10020790
37689650|10031692
37689651|10033016
37689652|37689652
37689653|10039835
37689654|10039836
37689655|10039837
37689656|10039839
37689657|10046157
37689658|37689658
37689659|10050591
37689660|37689660
37689661|10002922
37689662|37689662
37689663|10003233
37689664|10003234
37689665|10003235
37689666|10014650
37689667|10021970
37689668|10021971
37689669|10033568
37689670|10043542
37689671|10043644
37689672|37689672
37689673|37689673
37689674|10012088
37689675|37689675
37689676|10034900
37689677|37689677
37689678|10042544
37689679|10056870
37689680|37689680
37689681|37689681
37689682|10046994
37689683|10047014
37689684|37689684
37689685|10002675
37689686|10036424
37689687|10046985
37689688|37689688
37689689|10047001
37689690|10047004
37689691|10047008
37689692|10047009
37689693|10047010
37689694|10047011
37689695|10047012
37689696|10047013
37689697|10047017
37689698|10047018
37689699|10047029
37689700|10047189
37689701|37689701
37689702|10047000
37689703|10047192
37689704|10039337
37689705|10047191
37689706|37689706
42888889|10069776
42888890|10069781
42888891|10069782
42888892|10071947
42888893|10069888
42888894|10071940
42888895|10071950
42888896|10070970
42888897|10071941
42888898|10070968
42888899|10070969
42888900|10071942
42888901|10069783
42888902|10069784
42888903|10069785
42888904|10069786
42888905|10069787
42888906|10069788
42888907|10069789
42888908|10069790
42888909|10069791
42888910|10069792
42888911|10069793
42888912|10069794
42888913|10069795
42888914|10069796
42888915|10069797
42888916|10071951
42888917|10070971
42888918|10071948
42888919|10071949
42888920|10071945
42888921|10069775
42888922|10070967
42888923|10071535
42888924|10060880
42888925|10069945
42888926|10071024
42888927|10072326
42888928|10072265
42888929|10071719
42888930|10043563
42888931|10069521
42888932|10071025
42888933|10069449
42888934|10069421
42888935|10071450
42888936|10070594
42888937|10069480
42888938|10072207
42888939|10071576
42888940|10069509
42888941|10071775
42888942|10069495
42888943|10051125
42888944|10058517
42888945|10058518
42888946|10070954
42888947|10072205
42888948|10051124
42888949|10067920
42888950|10058516
42888951|10070309
42888952|10069666
42888953|10071045
42888954|10070690
42888955|10070599
42888956|10072726
42888957|10071252
42888958|10069440
42888959|10069678
42888960|10072107
42888961|10070904
42888962|10069698
42888963|10070595
42888964|10069378
42888965|10051358
42888966|10072108
42888967|10066181
42888968|10066182
42888969|10072263
42888970|10072202
42888971|10072203
42888972|10069395
42888973|10069360
42888974|10069359
42888975|10072684
42888976|10071541
42888977|10071441
42888978|10072613
42888979|10058728
42888980|10072081
42888981|10069571
42888982|10070294
42888983|10071710
42888984|10051994
42888985|10071666
42888986|10058151
42888987|10058184
42888988|10069801
42888989|10070689
42888990|10052348
42888991|10070955
42888992|10072266
42888993|10071015
42888994|10069713
42888995|10069393
42888996|10071762
42888997|10071547
42888998|10069825
42888999|10071135
42889000|10071233
42889001|10071232
42889002|10072198
42889003|10069503
42889004|10070872
42889005|10070667
42889006|10069760
42889007|10072685
42889008|10072186
42889009|10070243
42889010|10072109
42889011|10069658
42889012|10070909
42889013|10057576
42889014|10070589
42889015|10071436
42889016|10071186
42889017|10001715
42889018|10069550
42889019|10072077
42889020|10071183
42889021|10071249
42889022|10071755
42889023|10072807
42889024|10071059
42889025|10070564
42889026|10070754
42889027|10071573
42889028|10063164
42889029|10069919
42889030|10072079
42889031|10072080
42889032|10012644
42889033|10070901
42889034|10071091
42889035|10071265
42889036|10071651
42889037|10010658
42889038|10071757
42889039|10069419
42889040|10072224
42889041|10072223
42889042|10072219
42889043|10072222
42889044|10071434
42889045|10071093
42889046|10069687
42889047|10071092
42889048|10070639
42889049|10072273
42889050|10072272
42889051|10072653
42889052|10072654
42889053|10072655
42889054|10072656
42889055|10071435
42889056|10070440
42889057|10072010
42889058|10072221
42889059|10071079
42889060|10070882
42889061|10072609
42889062|10070535
42889063|10071437
42889064|10072361
42889065|10069805
42889066|10072457
42889067|10072116
42889068|10072229
42889069|10069596
42889070|10070612
42889071|10069402
42889072|10071283
42889073|10072610
42889074|10069417
42889075|10072288
42889076|10071011
42889077|10071150
42889078|10070666
42889079|10069774
42889080|10071359
42889081|10071328
42889082|10070668
42889083|10069382
42889084|10070179
42889085|10072727
42889086|10070665
42889087|10072019
42889088|10069505
42889089|10072007
42889090|10072135
42889091|10071706
42889092|10070235
42889093|10070597
42889094|10069442
42889095|10069701
42889096|10069490
42889097|10072590
42889098|10069445
42889099|10072036
42889100|10014985
42889101|10072537
42889102|10069365
42889103|10070504
42889104|10072742
42889105|10072006
42889106|10072628
42889107|10072659
42889108|10071394
42889109|10071286
42889110|10070070
42889111|10071084
42889112|10071083
42889113|10072251
42889114|10071542
42889115|10070492
42889116|10072139
42889117|10069692
42889118|10058202
42889119|10070497
42889120|10070957
42889121|10071053
42889122|10071054
42889123|10071076
42889124|10071641
42889125|10072042
42889126|10071044
42889127|10069714
42889128|10066421
42889129|10047654
42889130|10071196
42889131|10072716
42889132|10069432
42889133|10071250
42889134|10072256
42889135|10072001
42889136|10070568
42889137|10072829
42889138|10069771
42889139|10072162
42889140|10070567
42889141|10071027
42889142|10071028
42889143|10071029
42889144|10071030
42889145|10071684
42889146|10072713
42889147|10037520
42889148|10069649
42889149|10070549
42889150|10071690
42889151|10071164
42889152|10072138
42889153|10069732
42889154|10072289
42889155|10069641
42889156|10071717
42889157|10072719
42889158|10069497
42889159|10072718
42889160|10072746
42889161|10071681
42889162|10069837
42889163|10072465
42889164|10071682
42889165|10072123
42889166|10072686
42889167|10071364
42889168|10072143
42889169|10071934
42889170|10069930
42889171|10069385
42889172|10071697
42889173|10071570
42889174|10071086
42889175|10069408
42889176|10069664
42889177|10071683
42889178|10071005
42889179|10065062
42889180|10069433
42889181|10072585
42889182|10070840
42889183|10071282
42889184|10069665
42889185|10070949
42889186|10070818
42889187|10071554
42889188|10072419
42889189|10072286
42889190|10069369
42889191|10072208
42889192|10064930
42889193|10071004
42889194|10071392
42889195|10071041
42889196|10071391
42889197|10069652
42889198|10071035
42889199|10071936
42889200|10071246
42889201|10071935
42889202|10071578
42889203|10071321
42889204|10070917
42889205|10070920
42889206|10070307
42889207|10069435
42889208|10072587
42889209|10071022
42889210|10072024
42889211|10071197
42889212|10070999
42889213|10071192
42889214|10070460
42889215|10072666
42889216|10072574
42889217|10070313
42889218|10071694
42889219|10070573
42889220|10070074
42889221|10072665
42889222|10071180
42889223|10072228
42889224|10072575
42889225|10072785
42889226|10071369
42889227|10072787
42889228|10070776
42889229|10072158
42889230|10071275
42889231|10070994
42889232|10064677
42889233|10069691
42889234|10070296
42889235|10065728
42889236|10071161
42889237|10070438
42889238|10072280
42889239|10072350
42889240|10069829
42889241|10071557
42889242|10060717
42889243|10070540
42889244|10069939
42889245|10071061
42889246|10071647
42889247|10072408
42889248|10071301
42889249|10070814
42889250|10070190
42889251|10052497
42889252|10052498
42889253|10065712
42889254|10072287
42889255|10070181
42889256|10070506
42889257|10069886
42889258|10071502
42889259|10072284
42889260|10069703
42889261|10071200
42889262|10072104
42889263|10070579
42889264|10072581
42889265|10072025
42889266|10070561
42889267|10069728
42889268|10071023
42889269|10071653
42889270|10071251
42889271|10069345
42889272|10056951
42889273|10070816
42889274|10031010
42889275|10072012
42889276|10067199
42889277|10065755
42889278|10055082
42889279|10070721
42889280|10030995
42889281|10069576
42889282|10069556
42889283|10069476
42889284|10069559
42889285|10069477
42889286|10069560
42889287|10069474
42889288|10069478
42889289|10069561
42889290|10069489
42889291|10069562
42889292|10069472
42889293|10069475
42889294|10069479
42889295|10069625
42889296|10069616
42889297|10069617
42889298|10069481
42889299|10069482
42889300|10069618
42889301|10069619
42889302|10069620
42889303|10069621
42889304|10069622
42889305|10069623
42889306|10069624
42889307|10072220
42889308|10069800
42889309|10069802
42889310|10069803
42889311|10069836
42889312|10069838
42889313|10070837
42889314|10070897
42889315|10070419
42889316|10071648
42889317|10071732
42889318|10069568
42889319|10071363
42889320|10042419
42889321|10072589
42889322|10070963
42889323|10070072
42889324|10071156
42889325|10072161
42889326|10070647
42889327|10070648
42889328|10070649
42889329|10072694
42889330|10072640
42889331|10071163
42889332|10072136
42889333|10069667
42889334|10065505
42889335|10022065
42889336|10072578
42889337|10071399
42889338|10071380
42889339|10070836
42889340|10070832
42889341|10070516
42889342|10070517
42889343|10056130
42889344|10039251
42889345|10069493
42889346|10072757
42889347|10009869
42889348|10071577
42889349|10070439
42889350|10071530
42889351|10072378
42889352|10071569
42889353|10072147
42889354|10071141
42889355|10072148
42889356|10071574
42889357|10071575
42889358|10072155
42889359|10072359
42889360|10071155
42889361|10072362
42889362|10072119
42889363|10071572
42889364|10072264
42889365|10072159
42889366|10069839
42889367|10069840
42889368|10069843
42889369|10069844
42889370|10063832
42889371|10069845
42889372|10069846
42889373|10069841
42889374|10069842
42889375|10070691
42889376|10012578
42889377|10012579
42889378|10070618
42889379|10069868
42889380|10065064
42889381|10070470
42889382|10070773
42889383|10070619
42889384|10070772
42889385|10070469
42889386|10070468
42889387|10071172
42889388|10069867
42889389|10070617
42889390|10069863
42889391|10069864
42889392|10069865
42889393|10069860
42889394|10069861
42889395|10068945
42889396|10070765
42889397|10069862
42889398|10069853
42889399|10069872
42889400|10069873
42889401|10069869
42889402|10069870
42889403|10070692
42889404|10070614
42889405|10070305
42889406|10069871
42889407|10069879
42889408|10069880
42889409|10055690
42889410|10069754
42889411|10071978
42889412|10071977
42889413|10071979
42889414|10071980
42889415|10071981
42889416|10071973
42889417|10071974
42889418|10071603
42889419|10071601
42889420|10071982
42889421|10071975
42889422|10071992
42889423|10071602
42889424|10071971
42889425|10071976
42889426|10072206
42889427|10069755
42889428|10071972
42889429|10071600
42889430|10071983
42889431|10071986
42889432|10071984
42889433|10071985
42889434|10071987
42889435|10071991
42889436|10071990
42889437|10071988
42889438|10071989
42889439|10072791
42889440|10070635
42889441|10069773
42889442|10069581
42889443|10071152
42889444|10071034
42889445|10072850
42889446|10000317
42889447|10071138
42889448|10064991
42889449|10070834
42889450|10072360
42889451|10069724
42889452|10072132
42889453|10071137
42889454|10072005
42889455|10072608
42889456|10069877
42889457|10069878
42889458|10072754
42889459|10072753
42889460|10072645
42889461|10069405
42889462|10071078
42889463|10071134
42889464|10071077
42889465|10071067
42889466|10069889
42889467|10071148
42889468|10071587
42889469|10071242
42889470|10072312
42889471|10072311
42889472|10072313
42889473|10071287
42889474|10070493
42889475|10069520
42889476|10072438
42889477|10069921
42889478|10072720
42889479|10071243
42889480|10069352
42889481|10071220
42889482|10071069
42889483|10072598
42889484|10071634
42889485|10072044
42889486|10069380
42889487|10070953
42889488|10072319
42889489|10072629
42889490|10008910
42889491|10008912
42889492|10070815
42889493|10071198
42889494|10072160
42889495|10072268
42889496|10064676
42889497|10053219
42889498|10064675
42889499|10071735
42889500|10070838
42889501|10070835
42889502|10070895
42889503|10072579
42889504|10070737
42889505|10065042
42889506|10072796
42889507|10072797
42889508|10071049
42889509|10069582
42889510|10072358
42889511|10069712
42889512|10070583
42889513|10071742
42889514|10071736
42889515|10069918
42889516|10072055
42889517|10069657
42889518|10069684
42889519|10069747
42889520|10069748
42889521|10069854
42889522|10069855
42889523|10070981
42889524|10070982
42889525|10069856
42889526|10070983
42889527|10070020
42889528|10070087
42889529|10069639
42889530|10070681
42889531|10070299
42889532|10070542
42889533|10003757
42889534|10071699
42889535|10070295
42889536|10070608
42889537|10072020
42889538|10070545
42889539|10070671
42889540|10071362
42889541|10071367
42889542|10069447
42889543|10069443
42889544|10072839
42889545|10070300
42889546|10070738
42889547|10071209
42889548|10072805
42889549|10017540
42889550|10069508
42889551|10069517
42889552|10070631
42889553|10072652
42889554|10072282
42889555|10070891
42889556|10069588
42889557|10071639
42889558|10072170
42889559|10071695
42889560|10071734
42889561|10072045
42889562|10072281
42889563|10072013
42889564|10071733
42889565|10069808
42889566|10064298
42889567|10071062
42889568|10072103
42889569|10072342
42889570|10072393
42889571|10071410
42889572|10071411
42889573|10071412
42889574|10071413
42889575|10071414
42889576|10069828
42889577|10072558
42889578|10069379
42889579|10072557
42889580|10072052
42889581|10069469
42889582|10069922
42889583|10072735
42889584|10071946
42889585|10070476
42889586|10069699
42889587|10071309
42889588|10069723
42889589|10070563
42889590|10069579
42889591|10072285
42889592|10069554
42889593|10070524
42889594|10069437
42889595|10071075
42889596|10071401
42889597|10071559
42889598|10069523
42889599|10071038
42889600|10070494
42889601|10069516
42889602|10069558
42889603|10069642
42889604|10072210
42889605|10069767
42889606|10069540
42889607|10069538
42889608|10069586
42889609|10046865
42889610|10071665
42889611|10072078
42889612|10072075
42889613|10069811
42889614|10071449
42889615|10071763
42889616|10072395
42889617|10072120
42889618|10070899
42889619|10072125
42889620|10069498
42889621|10072157
42889622|10070884
42889623|10070286
42889624|10070073
42889625|10069394
42889626|10070775
42889627|10072082
42889628|10072064
42889629|10072063
42889630|10072074
42889631|10069603
42889632|10072083
42889633|10071402
42889634|10071403
42889635|10071409
42889636|10071404
42889637|10071405
42889638|10071406
42889639|10071407
42889640|10071408
42889641|10071415
42889642|10071365
42889643|10069704
42889644|10069492
42889645|10072387
42889646|10072388
42889647|10070863
42889648|10070976
42889649|10070771
42889650|10069363
42889651|10072209
42889652|10069383
42889653|10070521
42889654|10071759
42889655|10071366
42889656|10071930
42889657|10071264
42889658|10070245
42889659|10041899
42889660|10071504
42889661|10072458
42889662|10070510
42889663|10072271
42889664|10071212
42889665|10070885
42889666|10069689
42889667|10069510
42889668|10069386
42889669|10070288
42889670|10071229
42889671|10070301
42889672|10072333
42889673|10046810
42889674|10072651
42889675|10069388
42889676|10072338
42889677|10070894
42889678|10071090
42889679|10071718
42889680|10070283
42889681|10070746
42889682|10070745
42889683|10072466
42889684|10072467
42889685|10072252
42889686|10071187
42889687|10072477
42889688|10072476
42889689|10069431
42889690|10048718
42889691|10072495
42889692|10072496
42889693|10072475
42889694|10072470
42889695|10069583
42889696|10071052
42889697|10069381
42889698|10071193
42889699|10051031
42889700|10071593
42889701|10071594
42889702|10071167
42889703|10071169
42889704|10071168
42889705|10071595
42889706|10071318
42889707|10072412
42889708|10071592
42889709|10071591
42889710|10071599
42889711|10071534
42889712|10071927
42889713|10071928
42889714|10071929
42889715|10071596
42889716|10071598
42889717|10071597
42889718|10072469
42889719|10072468
42889720|10069604
42889721|10069575
42889722|10071961
42889723|10071962
42889724|10071963
42889725|10071970
42889726|10071956
42889727|10071965
42889728|10071957
42889729|10071964
42889730|10071955
42889731|10071954
42889732|10071959
42889733|10071960
42889734|10071952
42889735|10071953
42889736|10071958
42889737|10071966
42889738|10071967
42889739|10071969
42889740|10071968
42889741|10070071
42889742|10072681
42889743|10072680
42889744|10072494
42889745|10072493
42889746|10072492
42889747|10072491
42889748|10070664
42889749|10069519
42889750|10072841
42889751|10071329
42889752|10071325
42889753|10071330
42889754|10071331
42889755|10071332
42889756|10071333
42889757|10071334
42889758|10071335
42889759|10070481
42889760|10070482
42889761|10070484
42889762|10070483
42889763|10071388
42889764|10071389
42889765|10072437
42889766|10070892
42889767|10070893
42889768|10072474
42889769|10072473
42889770|10072472
42889771|10072471
42889772|10069468
42889773|10069467
42889774|10071322
42889775|10070584
42889776|10071386
42889777|10070585
42889778|10072023
42889779|10072021
42889780|10072022
42889781|10072235
42889782|10072234
42889783|10072233
42889784|10069981
42889785|10069980
42889786|10069979
42889787|10070640
42889788|10071507
42889789|10071506
42889790|10071516
42889791|10071517
42889792|10069532
42889793|10072479
42889794|10072478
42889795|10072576
42889796|10072577
42889797|10072060
42889798|10002013
42889799|10072327
42889800|10002014
42889801|10002016
42889802|10072328
42889803|10071655
42889804|10071656
42889805|10071654
42889806|10070515
42889807|10071658
42889808|10071657
42889809|10069670
42889810|10072481
42889811|10072483
42889812|10072482
42889813|10072480
42889814|10070312
42889815|10072163
42889816|10072164
42889817|10072166
42889818|10072165
42889819|10072381
42889820|10072383
42889821|10072382
42889822|10072485
42889823|10072484
42889824|10072832
42889825|10072487
42889826|10072486
42889827|10069638
42889828|10067303
42889829|10072488
42889830|10072490
42889831|10072489
42889832|10070441
42889833|10070442
42889834|10070562
42889835|10072334
42889836|10072323
42889837|10071477
42889838|10071465
42889839|10069685
42889840|10072410
42889841|10072411
42889842|10072798
42889843|10071543
42889844|10072304
42889845|10069524
42889846|10069373
42889847|10069375
42889848|10072335
42889849|10069536
42889850|10070507
42889851|10072302
42889852|10070311
42889853|10059506
42889854|10070480
42889855|10070479
42889856|10071469
42889857|10072497
42889858|10072498
42889859|10071468
42889860|10072499
42889861|10072500
42889862|10071476
42889863|10072501
42889864|10072502
42889865|10071478
42889866|10072503
42889867|10072504
42889868|10071464
42889869|10072505
42889870|10072506
42889871|10071466
42889872|10072507
42889873|10072508
42889874|10071467
42889875|10072509
42889876|10072510
42889877|10071462
42889878|10072511
42889879|10072512
42889880|10071474
42889881|10072513
42889882|10072514
42889883|10071473
42889884|10072515
42889885|10072516
42889886|10072517
42889887|10071470
42889888|10072518
42889889|10072519
42889890|10072520
42889891|10071475
42889892|10072521
42889893|10072522
42889894|10071463
42889895|10072523
42889896|10072524
42889897|10072525
42889898|10071472
42889899|10072134
42889900|10072526
42889901|10071461
42889902|10072527
42889903|10072528
42889904|10071471
42889905|10072529
42889906|10072530
42889907|10072531
42889908|10072532
42889909|10072533
42889910|10069910
42889911|10069907
42889912|10072534
42889913|10072535
42889914|10069599
42889915|10072402
42889916|10070212
42889917|10070254
42889918|10070216
42889919|10071342
42889920|10071345
42889921|10071344
42889922|10071343
42889923|10071349
42889924|10071348
42889925|10063051
42889926|10071347
42889927|10071346
42889928|10070217
42889929|10070218
42889930|10070626
42889931|10070220
42889932|10072747
42889933|10072748
42889934|10071210
42889935|10070249
42889936|10070416
42889937|10070417
42889938|10070215
42889939|10071544
42889940|10070208
42889941|10070209
42889942|10070715
42889943|10070718
42889944|10070717
42889945|10070248
42889946|10070344
42889947|10070382
42889948|10070210
42889949|10070253
42889950|10070373
42889951|10070348
42889952|10070379
42889953|10070375
42889954|10070374
42889955|10070349
42889956|10070336
42889957|10070337
42889958|10070366
42889959|10070365
42889960|10070338
42889961|10070339
42889962|10070345
42889963|10070368
42889964|10070367
42889965|10070341
42889966|10070342
42889967|10070343
42889968|10070335
42889969|10070213
42889970|10070250
42889971|10070347
42889972|10070383
42889973|10070221
42889974|10069612
42889975|10070444
42889976|10070445
42889977|10070214
42889978|10070252
42889979|10070251
42889980|10070256
42889981|10069752
42889982|10070900
42889983|10071743
42889984|10070747
42889985|10070748
42889986|10069374
42889987|10069574
42889988|10070435
42889989|10071304
42889990|10071253
42889991|10071255
42889992|10071254
42889993|10069403
42889994|10072339
42889995|10072324
42889996|10071608
42889997|10071607
42889998|10071604
42889999|10071606
42890000|10071605
42890001|10071660
42890002|10071661
42890003|10071662
42890004|10071659
42890005|10069456
42890006|10069458
42890007|10069457
42890008|10069962
42890009|10069956
42890010|10069957
42890011|10070275
42890012|10070276
42890013|10070053
42890014|10069961
42890015|10069958
42890016|10070157
42890017|10069959
42890018|10070277
42890019|10070278
42890020|10070010
42890021|10070279
42890022|10070280
42890023|10070011
42890024|10070281
42890025|10070269
42890026|10070021
42890027|10069960
42890028|10070025
42890029|10070026
42890030|10070272
42890031|10070273
42890032|10070159
42890033|10069963
42890034|10070270
42890035|10070271
42890036|10070027
42890037|10070274
42890038|10070398
42890039|10070028
42890040|10070194
42890041|10070022
42890042|10070399
42890043|10070195
42890044|10069964
42890045|10070023
42890046|10070024
42890047|10070089
42890048|10070090
42890049|10070007
42890050|10070097
42890051|10070098
42890052|10070099
42890053|10070100
42890054|10070400
42890055|10070409
42890056|10070101
42890057|10070091
42890058|10070000
42890059|10070410
42890060|10070092
42890061|10070093
42890062|10070094
42890063|10070001
42890064|10070095
42890065|10070002
42890066|10070411
42890067|10070160
42890068|10070096
42890069|10070131
42890070|10070019
42890071|10070132
42890072|10070003
42890073|10070133
42890074|10070004
42890075|10070134
42890076|10070135
42890077|10070086
42890078|10070005
42890079|10070127
42890080|10070128
42890081|10070129
42890082|10070130
42890083|10070196
42890084|10070412
42890085|10070413
42890086|10070052
42890087|10070006
42890088|10070008
42890089|10070054
42890090|10070414
42890091|10070415
42890092|10070055
42890093|10070401
42890094|10070402
42890095|10070403
42890096|10070158
42890097|10070404
42890098|10070193
42890099|10070156
42890100|10070009
42890101|10070161
42890102|10070405
42890103|10070406
42890104|10070162
42890105|10070450
42890106|10070449
42890107|10070448
42890108|10070453
42890109|10070452
42890110|10070451
42890111|10070456
42890112|10070455
42890113|10070457
42890114|10070458
42890115|10070454
42890116|10070326
42890117|10070324
42890118|10070407
42890119|10070408
42890120|10070323
42890121|10070472
42890122|10070471
42890123|10070325
42890124|10072427
42890125|10072428
42890126|10072431
42890127|10072433
42890128|10072429
42890129|10072430
42890130|10070880
42890131|10070881
42890132|10050991
42890133|10070369
42890134|10070446
42890135|10070370
42890136|10070340
42890137|10070371
42890138|10070376
42890139|10070377
42890140|10070378
42890141|10070372
42890142|10070255
42890143|10070394
42890144|10070393
42890145|10070384
42890146|10070346
42890147|10070381
42890148|10050680
42890149|10070395
42890150|10070385
42890151|10070396
42890152|10070397
42890153|10070386
42890154|10070380
42890155|10070211
42890156|10071532
42890157|10071540
42890158|10071539
42890159|10071538
42890160|10071537
42890161|10071536
42890162|10070308
42890163|10039801
42890164|10070911
42890165|10072808
42890166|10069909
42890167|10042569
42890168|10072830
42890169|10064938
42890170|10070627
42890171|10069587
42890172|10072106
42890173|10072353
42890174|10072630
42890175|10058895
42890176|10069448
42890177|10069353
42890178|10071017
42890179|10069407
42890180|10069721
42890181|10071001
42890182|10071003
42890183|10071021
42890184|10071020
42890185|10070418
42890186|10069726
42890187|10059846
42890188|10069908
42890189|10071664
42890190|10071445
42890191|10072140
42890192|10069645
42890193|10071566
42890194|10069632
42890195|10070632
42890196|10071758
42890197|10071018
42890198|10072058
42890199|10072370
42890200|10070869
42890201|10069384
42890202|10071766
42890203|10072227
42890204|10069824
42890205|10069753
42890206|10072828
42890207|10070723
42890208|10071165
42890209|10072831
42890210|10069951
42890211|10070191
42890212|10071080
42890213|10072793
42890214|10072715
42890215|10070866
42890216|10071677
42890217|10072226
42890218|10070505
42890219|10071289
42890220|10069648
42890221|10070871
42890222|10072717
42890223|10070314
42890224|10069700
42890225|10071087
42890226|10070677
42890227|10071590
42890228|10069655
42890229|10072171
42890230|10072169
42890231|10072303
42890232|10071295
42890233|10070929
42890234|10070927
42890235|10070925
42890236|10070926
42890237|10070928
42890238|10070930
42890239|10070931
42890240|10070932
42890241|10070905
42890242|10070906
42890243|10070907
42890244|10070908
42890245|10071319
42890246|10071064
42890247|10072059
42890248|10070653
42890249|10070655
42890250|10070656
42890251|10070652
42890252|10071440
42890253|10071019
42890254|10071707
42890255|10071266
42890256|10070730
42890257|10070732
42890258|10070733
42890259|10072283
42890260|10072041
42890261|10069749
42890262|10072571
42890263|10071320
42890264|10071224
42890265|10070910
42890266|10070980
42890267|10070749
42890268|10070752
42890269|10070651
42890270|10070654
42890271|10072340
42890272|10072325
42890273|10071738
42890274|10072374
42890275|10069812
42890276|10069813
42890277|10071257
42890278|10070902
42890279|10069730
42890280|10070903
42890281|10072065
42890282|10070636
42890283|10069651
42890284|10070607
42890285|10070756
42890286|10070867
42890287|10070519
42890288|10071063
42890289|10071533
42890290|10072792
42890291|10072432
42890292|10000583
42890293|10072449
42890294|10024218
42890295|10072448
42890296|10070437
42890297|10071588
42890298|10071211
42890299|10070831
42890300|10070310
42890301|10069351
42890302|10048204
42890303|10072425
42890304|10072786
42890305|10072351
42890306|10072349
42890307|10072142
42890308|10070473
42890309|10072067
42890310|10071136
42890311|10071140
42890312|10072426
42890313|10072337
42890314|10072450
42890315|10069680
42890316|10071764
42890317|10071716
42890318|10071043
42890319|10072043
42890320|10070813
42890321|10070606
42890322|10072599
42890323|10041812
42890324|10069555
42890325|10069444
42890326|10070774
42890327|10070839
42890328|10069675
42890329|10071730
42890330|10071553
42890331|10028748
42890332|10070841
42890333|10070488
42890334|10071085
42890335|10070581
42890336|10070495
42890337|10072137
42890338|10069731
42890339|10071442
42890340|10069798
42890341|10072341
42890342|10071444
42890343|10071205
42890344|10071206
42890345|10067277
42890346|10070878
42890347|10071355
42890348|10071316
42890349|10071505
42890350|10069450
42890351|10071068
42890352|10069350
42890353|10070714
42890354|10070511
42890355|10071066
42890356|10071151
42890357|10071669
42890358|10019476
42890359|10071358
42890360|10069702
42890361|10072591
42890362|10072369
42890363|10063957
42890364|10069414
42890365|10071311
42890366|10033554
42890367|10071170
42890368|10069686
42890369|10072199
42890370|10070520
42890371|10070465
42890372|10046537
42890373|10071009
42890374|10069947
42890375|10070680
42890376|10071262
42890377|10071381
42890378|10069491
42890379|10044380
42890380|10070883
42890381|10070302
42890382|10070912
42890383|10072376
42890384|10072249
42890385|10071663
42890386|10072413
42890387|10025421
42890388|10033733
42890389|10000616
42890390|10041303
42890391|10071308
42890392|10064127
42890393|10069750
42890394|10072153
42890395|10070287
42890396|10054891
42890397|10072806
42890398|10069569
42890399|10071039
42890400|10072633
42890401|10069751
42890402|10069518
42890403|10072441
42890404|10072247
42890405|10069533
42890406|10071088
42890407|10071146
42890408|10069535
42890409|10069537
42890410|10069539
42890411|10069577
42890412|10069578
42890413|10069573
42890414|10069553
42890415|10069557
42890416|10072084
42890417|10069613
42890418|10069614
42890419|10071357
42890420|10071356
42890421|10071354
42890422|10050711
42890423|10055067
42890424|10055065
42890425|10055030
42890426|10055066
42890427|10072730
42890428|10072597
42890429|10072188
42890430|10070817
42890431|10070487
42890432|10069917
42890433|10072377
42890434|10071390
42890435|10069580
42890436|10072649
42890437|10069827
42890438|10071323
42890439|10069633
42890440|10071552
42890441|10041045
42890442|10072336
42890443|10070533
42890444|10062283
42890445|10072385
42890446|10072795
42890447|10072296
42890448|10072612
42890449|10069534
42890450|10070574
42890451|10072071
42890452|10071154
42890453|10069434
42890454|10070592
42890455|10070604
42890456|10051518
42890457|10072456
42890458|10071284
42890459|10071353
42890460|10069688
42890461|10072126
42890462|10072187
42890463|10071754
42890464|10070728
42890465|10071234
42890466|10069944
42890467|10067502
42890468|10068327
42890469|10071299
42890470|10071579
42890471|10072643
42890472|10070687
42890473|10069595
42890474|10069777
42890475|10071000
42890476|10072446
42890477|10071715
42890478|10072662
42890479|10072660
42890480|10072373
42890481|10071326
42890482|10070420
42890483|10069597
42890484|10069598
42890485|10069601
42890486|10069903
42890487|10069602
42890488|10069663
42890489|10071317
42890490|10069708
42890491|10069709
42890492|10069707
42890493|10071503
42890494|10020594
42890495|10070997
42890496|10070598
42890497|10065687
42890498|10071149
42890499|10015690
42890500|10071014
42890501|10064658
42890502|10069806
42890503|10069494
42890504|10062686
42890505|10070530
42890506|10071545
42890507|10071081
42890508|10071082
42890509|10071324
42890510|10070669
42890511|10071350
42890512|10071048
42890513|10072072
42890514|10071443
42890515|10072631
42890516|10069551
42890517|10072731
42890518|10072069
42890519|10072070
42890520|10072068
42890521|10070964
42890522|10072840
42890523|10069436
42890524|10070682
42890525|10072627
42890526|10070463
42890527|10071383
42890528|10071385
42890529|10071384
42890530|10069584
42890531|10071153
42890532|10071685
42890533|10070293
42890534|10070292
42890535|10070874
42890536|10069429
42890537|10069690
42890538|10072605
42890539|10072442
42890540|10070833
42890541|10072076
42890542|10069681
42890543|10071050
42890544|10072255
42890545|10070918
42890546|10070670
42890547|10068737
42890548|10071398
42890549|10070531
42890550|10036595
42890551|10070707
42890552|10018981
42890553|10072693
42890554|10072596
42890555|10071010
42890556|10070538
42890557|10067508
42890558|10071564
42890559|10068943
42890560|10070315
42890561|10072066
42890562|10072744
42890563|10072046
42890564|10070914
42890565|10072352
42890566|10072409
42890567|10070942
42890568|10070938
42890569|10072073
42890570|10071307
42890571|10071306
42890572|10069600
42890573|10035154
42890574|10070237
42890575|10072736
42890576|10072189
42890577|10069646
42890578|10070282
42890579|10069679
42890580|10071051
42890581|10072572
42890582|10070650
42890583|10072688
42890584|10071652
42890585|10072595
42890586|10072240
42890587|10072038
42890588|10072811
42890589|10069615
42890590|10072588
42890591|10018724
42890592|10071070
42890593|10070637
42890594|10070750
42890595|10070751
42890596|10069647
42890597|10069772
42890598|10070753
42890599|10071199
42890600|10069725
42890601|10071565
42890602|10070586
42890603|10070934
42890604|10070935
42890605|10070933
42890606|10072624
42890607|10072625
42890608|10072626
42890609|10070289
42890610|10070291
42890611|10070290
42890612|10070936
42890613|10070937
42890614|10069420
42890615|10071033
42890616|10071032
42890617|10071031
42890618|10070939
42890619|10070956
42890620|10072833
42890621|10069364
42890622|10031230
42890623|10069650
42890624|10069423
42890625|10071263
42890626|10070246
42890627|10071370
42890628|10072141
42890629|10069422
42890630|10052716
42890631|10070560
42890632|10070972
42890633|10069826
42890634|10070642
42890635|10070644
42890636|10070643
42890637|10072407
42890638|10072405
42890639|10072404
42890640|10072403
42890641|10072406
42890642|10072204
42890643|10072040
42890644|10072812
42890645|10072813
42890646|10072814
42890647|10071776
42890648|10062805
42890649|10070913
42890650|10071176
42890651|10072752
42890652|10014557
42890653|10072269
42890654|10070240
42890655|10071368
42890656|10071238
42890657|10071185
42890658|10071259
42890659|10071258
42890660|10069954
42890661|10072804
42890662|10069955
42890663|10072018
42890664|10069809
42890665|10069810
42890666|10070297
42890667|10069807
42890668|42890668
42890669|10071202
42890670|42890670
42890671|42890671
42890672|10071273
42890673|42890673
42890674|42890674
42890675|42890675
42890676|42890676
42890677|10071016
42890678|42890678
42890679|42890679
42890680|42890680
42890681|42890681
42890682|10071548
42890683|10071171
42890684|42890684
42890685|42890685
42890686|42890686
42890687|10072332
42890688|42890688
42890689|42890689
42890690|10071720
42890691|10069744
42890692|10072048
42890693|10072049
42890694|10071814
42890695|10071111
42890696|42890696
42890697|10072632
42890698|42890698
42890699|10072212
42890700|42890700
42890701|10070316
42890702|42890702
42890703|42890703
42890704|10071046
42890705|10071047
42890706|42890706
42890707|42890707
42890708|10070601
42890709|42890709
42890710|42890710
42890711|10071274
42890712|42890712
42890713|10070683
42890714|10069643
42890715|42890715
42890716|42890716
42890717|42890717
42890718|42890718
42890719|10072113
42890720|10069548
42890721|10069549
42890722|10069590
42890723|10069611
42890724|10069818
42890725|42890725
42890726|42890726
42890727|10071708
42890728|42890728
42890729|42890729
42890730|10070916
42890731|10071580
42890732|10071583
42890733|42890733
42890734|42890734
42890735|10071451
42890736|10070711
42890737|42890737
42890738|10070596
42890739|42890739
42890740|42890740
42890741|42890741
42890742|42890742
42890743|42890743
42890744|10071887
42890745|10071888
42890746|10069563
42890747|42890747
42890748|10072672
42890749|10072673
42890750|10070760
42890751|10072397
42890752|42890752
42890753|10072114
42890754|42890754
42890755|10072091
42890756|10071756
42890757|42890757
42890758|42890758
42890759|10071182
42890760|10072733
42890761|10070609
42890762|10070610
42890763|42890763
42890764|10069819
42890765|10071889
42890766|10069716
42890767|42890767
42890768|42890768
42890769|10072216
42890770|42890770
42890771|42890771
42890772|10069397
42890773|10072192
42890774|42890774
42890775|10071158
42890776|42890776
42890777|42890777
42890778|10070629
42890779|10070785
42890780|10070786
42890781|10072122
42890782|42890782
42890783|10069362
42890784|10071667
42890785|10071668
42890786|10072634
42890787|10072168
42890788|10072167
42890789|10072232
42890790|10072298
42890791|10069585
42890792|10072297
42890793|42890793
42890794|10069361
42890795|42890795
42890796|10072365
42890797|10070462
42890798|10070762
42890799|10069409
42890800|10070755
42890801|10071256
42890802|10071026
42890803|10069950
42890804|10071260
42890805|10069952
42890806|10072559
42890807|10071508
42890808|10069953
42890809|10071261
42890810|10072561
42890811|10072562
42890812|10072560
42890813|10057493
42890814|10069948
42890815|10069949
42890816|42890816
42890817|10070693
42890818|10072788
42890819|10070995
42890820|10064849
42890821|10069727
42890822|10072563
42890823|10071642
42890824|10069694
42890825|10069696
42890826|10069695
42890827|10070559
42890828|10014513
42890829|10072564
42890830|10072809
42890831|10069729
42890832|42890832
42890833|10069418
42890834|10071509
42890835|10071278
42890836|10072810
42890837|10072789
42890838|10071248
42890839|42890839
42890840|10069400
42890841|10071378
42890842|10071379
42890843|42890843
42890844|42890844
42890845|10072267
42890846|10069722
42890847|42890847
42890848|10071584
42890849|42890849
42890850|42890850
42890851|42890851
42890852|42890852
42890853|10071338
42890854|42890854
42890855|42890855
42890856|10069820
42890857|42890857
42890858|10072743
42890859|42890859
42890860|10072583
42890861|42890861
42890862|42890862
42890863|10071698
42890864|10071703
42890865|10071926
42890866|10071850
42890867|10071851
42890868|42890868
42890869|42890869
42890870|42890870
42890871|10072728
42890872|42890872
42890873|42890873
42890874|10072398
42890875|10072399
42890876|42890876
42890877|42890877
42890878|10071395
42890879|42890879
42890880|10071288
42890881|42890881
42890882|10070082
42890883|10069644
42890884|42890884
42890885|10072029
42890886|10072030
42890887|42890887
42890888|42890888
42890889|42890889
42890890|42890890
42890891|42890891
42890892|42890892
42890893|42890893
42890894|42890894
42890895|42890895
42890896|42890896
42890897|42890897
42890898|42890898
42890899|10071131
42890900|10069343
42890901|10071721
42890902|42890902
42890903|10070247
42890904|42890904
42890905|42890905
42890906|42890906
42890907|42890907
42890908|42890908
42890909|10072784
42890910|42890910
42890911|42890911
42890912|10071863
42890913|10071644
42890914|10072057
42890915|42890915
42890916|10070633
42890917|10069572
42890918|10071139
42890919|10071908
42890920|10072767
42890921|10072768
42890922|42890922
42890923|42890923
42890924|10072592
42890925|42890925
42890926|10072037
42890927|10069425
42890928|10069426
42890929|42890929
42890930|42890930
42890931|10069367
42890932|42890932
42890933|42890933
42890934|42890934
42890935|42890935
42890936|10071120
42890937|10071133
42890938|10069566
42890939|42890939
42890940|42890940
42890941|10072380
42890942|10069654
42890943|10071803
42890944|10072819
42890945|10072820
42890946|10071855
42890947|42890947
42890948|42890948
42890949|10069823
42890950|10069885
42890951|10070634
42890952|10069356
42890953|10069357
42890954|10069358
42890955|10070741
42890956|42890956
42890957|10070499
42890958|42890958
42890959|42890959
42890960|42890960
42890961|10072225
42890962|42890962
42890963|10071106
42890964|42890964
42890965|10071112
42890966|42890966
42890967|42890967
42890968|42890968
42890969|10070641
42890970|10071107
42890971|42890971
42890972|10069734
42890973|10069746
42890974|42890974
42890975|10071060
42890976|10069804
42890977|10071459
42890978|10071460
42890979|42890979
42890980|10072258
42890981|42890981
42890982|10072004
42890983|42890983
42890984|10070569
42890985|10070570
42890986|10070571
42890987|10071899
42890988|42890988
42890989|42890989
42890990|10070960
42890991|42890991
42890992|10071058
42890993|42890993
42890994|10071057
42890995|42890995
42890996|42890996
42890997|10069459
42890998|10069460
42890999|10069461
42891000|10069462
42891001|10069463
42891002|10069464
42891003|42891003
42891004|42891004
42891005|10072275
42891006|10072278
42891007|10072384
42891008|42891008
42891009|42891009
42891010|10072276
42891011|10072279
42891012|42891012
42891013|10072821
42891014|42891014
42891015|10070539
42891016|10072802
42891017|42891017
42891018|42891018
42891019|42891019
42891020|10069693
42891021|10072291
42891022|10072274
42891023|10072277
42891024|42891024
42891025|42891025
42891026|42891026
42891027|42891027
42891028|10072011
42891029|42891029
42891030|42891030
42891031|42891031
42891032|42891032
42891033|42891033
42891034|10071586
42891035|10069720
42891036|10072637
42891037|42891037
42891038|42891038
42891039|10070572
42891040|42891040
42891041|42891041
42891042|42891042
42891043|42891043
42891044|42891044
42891045|42891045
42891046|10072722
42891047|42891047
42891048|10071118
42891049|10071105
42891050|42891050
42891051|42891051
42891052|10069920
42891053|10071921
42891054|42891054
42891055|10070550
42891056|10070551
42891057|10070556
42891058|10070485
42891059|10070486
42891060|10070553
42891061|10070554
42891062|10070555
42891063|42891063
42891064|10070536
42891065|10070537
42891066|10070558
42891067|10070979
42891068|10071213
42891069|42891069
42891070|10071439
42891071|10071094
42891072|10070857
42891073|42891073
42891074|10071691
42891075|10071692
42891076|10071693
42891077|42891077
42891078|42891078
42891079|42891079
42891080|10069452
42891081|42891081
42891082|10071860
42891083|42891083
42891084|10072676
42891085|42891085
42891086|42891086
42891087|42891087
42891088|42891088
42891089|10072295
42891090|42891090
42891091|10069441
42891092|42891092
42891093|10072464
42891094|42891094
42891095|10072117
42891096|42891096
42891097|10072239
42891098|10071779
42891099|42891099
42891100|10070951
42891101|42891101
42891102|42891102
42891103|42891103
42891104|42891104
42891105|42891105
42891106|42891106
42891107|42891107
42891108|10069499
42891109|10069933
42891110|10069935
42891111|10069936
42891112|42891112
42891113|10071645
42891114|42891114
42891115|42891115
42891116|10071184
42891117|42891117
42891118|42891118
42891119|42891119
42891120|42891120
42891121|42891121
42891122|42891122
42891123|42891123
42891124|10069502
42891125|10071007
42891126|42891126
42891127|42891127
42891128|42891128
42891129|10072611
42891130|42891130
42891131|42891131
42891132|10071072
42891133|42891133
42891134|42891134
42891135|10069852
42891136|42891136
42891137|10071142
42891138|10072190
42891139|42891139
42891140|10071239
42891141|42891141
42891142|42891142
42891143|42891143
42891144|42891144
42891145|42891145
42891146|10070672
42891147|10072691
42891148|10072692
42891149|10072703
42891150|10072704
42891151|10071290
42891152|42891152
42891153|42891153
42891154|10071374
42891155|10071922
42891156|10069451
42891157|10069455
42891158|42891158
42891159|10072701
42891160|10072702
42891161|10071879
42891162|10071801
42891163|10071832
42891164|10071804
42891165|42891165
42891166|10071937
42891167|42891167
42891168|10069931
42891169|10069932
42891170|10069934
42891171|10070498
42891172|10070500
42891173|10071833
42891174|42891174
42891175|10069391
42891176|10071845
42891177|10069471
42891178|42891178
42891179|10072759
42891180|10072766
42891181|42891181
42891182|10072292
42891183|42891183
42891184|10072357
42891185|10071809
42891186|10072770
42891187|10070948
42891188|10069830
42891189|10070829
42891190|10070830
42891191|10071372
42891192|10071373
42891193|10071375
42891194|10071376
42891195|42891195
42891196|10071297
42891197|10071298
42891198|10071687
42891199|42891199
42891200|10071938
42891201|42891201
42891202|42891202
42891203|10071336
42891204|10071337
42891205|10071846
42891206|10071849
42891207|42891207
42891208|10069835
42891209|10071824
42891210|10071834
42891211|42891211
42891212|10071558
42891213|10071925
42891214|10071881
42891215|10072697
42891216|10072698
42891217|10071714
42891218|42891218
42891219|10070461
42891220|10072679
42891221|10072124
42891222|10069635
42891223|10071826
42891224|10071838
42891225|10071910
42891226|42891226
42891227|10071760
42891228|42891228
42891229|42891229
42891230|10072729
42891231|10070625
42891232|10069446
42891233|10071689
42891234|42891234
42891235|10072217
42891236|10071780
42891237|10071873
42891238|42891238
42891239|10072641
42891240|10072642
42891241|10072774
42891242|10071802
42891243|10070716
42891244|42891244
42891245|42891245
42891246|10070319
42891247|10069717
42891248|10072763
42891249|10071807
42891250|10072764
42891251|10071808
42891252|10071748
42891253|10071749
42891254|10071750
42891255|10071751
42891256|10071778
42891257|10070565
42891258|10070184
42891259|10072765
42891260|10069610
42891261|10070673
42891262|10071782
42891263|10069743
42891264|10071195
42891265|10072586
42891266|10070474
42891267|42891267
42891268|10069940
42891269|42891269
42891270|10071835
42891271|42891271
42891272|42891272
42891273|42891273
42891274|42891274
42891275|10071700
42891276|10069428
42891277|10072014
42891278|10072015
42891279|10072016
42891280|42891280
42891281|10071650
42891282|42891282
42891283|42891283
42891284|10071305
42891285|10071882
42891286|10072778
42891287|10072771
42891288|10072781
42891289|42891289
42891290|42891290
42891291|10071204
42891292|10071825
42891293|42891293
42891294|42891294
42891295|10071194
42891296|42891296
42891297|42891297
42891298|10072671
42891299|10072678
42891300|42891300
42891301|10072423
42891302|42891302
42891303|10071859
42891304|10072769
42891305|42891305
42891306|42891306
42891307|42891307
42891308|42891308
42891309|42891309
42891310|10072667
42891311|10071902
42891312|42891312
42891313|42891313
42891314|10070192
42891315|10071549
42891316|42891316
42891317|42891317
42891318|10071247
42891319|42891319
42891320|42891320
42891321|42891321
42891322|42891322
42891323|42891323
42891324|42891324
42891325|10070182
42891326|42891326
42891327|42891327
42891328|10071783
42891329|42891329
42891330|10070590
42891331|10070591
42891332|10069501
42891333|10071843
42891334|10071854
42891335|42891335
42891336|42891336
42891337|10071191
42891338|10071226
42891339|10072664
42891340|10071222
42891341|10071223
42891342|10072636
42891343|42891343
42891344|10072231
42891345|10072237
42891346|10070860
42891347|10070861
42891348|42891348
42891349|10072705
42891350|10072706
42891351|42891351
42891352|10070827
42891353|10072772
42891354|10072773
42891355|10072782
42891356|10069904
42891357|10069905
42891358|10072799
42891359|42891359
42891360|10072290
42891361|42891361
42891362|42891362
42891363|42891363
42891364|42891364
42891365|42891365
42891366|42891366
42891367|42891367
42891368|10072777
42891369|42891369
42891370|10072616
42891371|10072620
42891372|10071128
42891373|10071741
42891374|10072118
42891375|10069737
42891376|10069736
42891377|42891377
42891378|10071556
42891379|10072779
42891380|42891380
42891381|10070236
42891382|10071181
42891383|42891383
42891384|10069741
42891385|10071853
42891386|42891386
42891387|42891387
42891388|10072420
42891389|42891389
42891390|10071114
42891391|42891391
42891392|10072582
42891393|42891393
42891394|10072356
42891395|42891395
42891396|10071203
42891397|42891397
42891398|10071129
42891399|42891399
42891400|10072316
42891401|42891401
42891402|10070782
42891403|10070795
42891404|10070796
42891405|42891405
42891406|42891406
42891407|42891407
42891408|10072818
42891409|10072780
42891410|42891410
42891411|10071225
42891412|10069413
42891413|42891413
42891414|10070959
42891415|42891415
42891416|10071393
42891417|42891417
42891418|42891418
42891419|10070602
42891420|10070603
42891421|10072794
42891422|42891422
42891423|10069735
42891424|10070858
42891425|42891425
42891426|42891426
42891427|10071800
42891428|42891428
42891429|10071939
42891430|10071918
42891431|10072775
42891432|42891432
42891433|10070475
42891434|10072762
42891435|10072776
42891436|42891436
42891437|42891437
42891438|10070875
42891439|42891439
42891440|10071221
42891441|10069718
42891442|10069719
42891443|10070763
42891444|42891444
42891445|10072098
42891446|42891446
42891447|42891447
42891448|10071861
42891449|10071878
42891450|10071856
42891451|42891451
42891452|10072173
42891453|10072176
42891454|10069715
42891455|42891455
42891456|10069592
42891457|42891457
42891458|10072618
42891459|10072619
42891460|10072621
42891461|42891461
42891462|10071737
42891463|42891463
42891464|42891464
42891465|42891465
42891466|10069659
42891467|10069660
42891468|10069661
42891469|42891469
42891470|42891470
42891471|10072346
42891472|10070534
42891473|42891473
42891474|10070965
42891475|10072002
42891476|10072003
42891477|10071900
42891478|42891478
42891479|42891479
42891480|42891480
42891481|42891481
42891482|42891482
42891483|42891483
42891484|10069858
42891485|42891485
42891486|10069857
42891487|42891487
42891488|10070991
42891489|42891489
42891490|10070809
42891491|10070810
42891492|42891492
42891493|42891493
42891494|10071871
42891495|42891495
42891496|10071917
42891497|42891497
42891498|42891498
42891499|42891499
42891500|10072175
42891501|10072177
42891502|10070873
42891503|42891503
42891504|10070613
42891505|42891505
42891506|10070846
42891507|10069546
42891508|10070793
42891509|10070794
42891510|10071841
42891511|10071568
42891512|10070876
42891513|42891513
42891514|42891514
42891515|42891515
42891516|42891516
42891517|10070459
42891518|10070304
42891519|10069530
42891520|42891520
42891521|10070990
42891522|10070993
42891523|10070077
42891524|42891524
42891525|10072712
42891526|10069669
42891527|42891527
42891528|42891528
42891529|42891529
42891530|10070490
42891531|10070491
42891532|10071276
42891533|10071279
42891534|42891534
42891535|10072367
42891536|42891536
42891537|10069398
42891538|10069859
42891539|42891539
42891540|42891540
42891541|42891541
42891542|42891542
42891543|10071822
42891544|10071190
42891545|10071188
42891546|42891546
42891547|42891547
42891548|42891548
42891549|10071143
42891550|42891550
42891551|10072008
42891552|10072009
42891553|42891553
42891554|42891554
42891555|10069881
42891556|10069925
42891557|10069926
42891558|42891558
42891559|10069882
42891560|10069883
42891561|42891561
42891562|42891562
42891563|42891563
42891564|42891564
42891565|42891565
42891566|10070317
42891567|10071293
42891568|10071294
42891569|42891569
42891570|10069884
42891571|10071174
42891572|42891572
42891573|42891573
42891574|42891574
42891575|42891575
42891576|10070078
42891577|10070803
42891578|10072246
42891579|10070988
42891580|10070992
42891581|10071292
42891582|42891582
42891583|42891583
42891584|42891584
42891585|10069938
42891586|42891586
42891587|42891587
42891588|10071244
42891589|10071303
42891590|42891590
42891591|10071245
42891592|42891592
42891593|42891593
42891594|10069902
42891595|10070729
42891596|42891596
42891597|42891597
42891598|42891598
42891599|42891599
42891600|10069525
42891601|42891601
42891602|10072569
42891603|10072570
42891604|10070587
42891605|10070588
42891606|10071679
42891607|10069668
42891608|10072817
42891609|10069526
42891610|42891610
42891611|42891611
42891612|42891612
42891613|42891613
42891614|42891614
42891615|42891615
42891616|42891616
42891617|10069486
42891618|42891618
42891619|42891619
42891620|42891620
42891621|42891621
42891622|42891622
42891623|10069473
42891624|42891624
42891625|42891625
42891626|10069487
42891627|10071915
42891628|42891628
42891629|42891629
42891630|42891630
42891631|42891631
42891632|10069630
42891633|10069483
42891634|10069485
42891635|10069631
42891636|42891636
42891637|10069488
42891638|42891638
42891639|42891639
42891640|42891640
42891641|42891641
42891642|42891642
42891643|42891643
42891644|42891644
42891645|42891645
42891646|42891646
42891647|10072803
42891648|10070824
42891649|10072689
42891650|10072690
42891651|42891651
42891652|42891652
42891653|10070525
42891654|10070526
42891655|42891655
42891656|10072758
42891657|42891657
42891658|42891658
42891659|10070945
42891660|10070946
42891661|10070698
42891662|10069799
42891663|42891663
42891664|42891664
42891665|42891665
42891666|10072723
42891667|10072725
42891668|42891668
42891669|10071302
42891670|42891670
42891671|42891671
42891672|10071637
42891673|10070798
42891674|10070799
42891675|10070800
42891676|10071907
42891677|10072215
42891678|42891678
42891679|10071585
42891680|42891680
42891681|42891681
42891682|10071531
42891683|42891683
42891684|10072379
42891685|42891685
42891686|10071581
42891687|10069778
42891688|42891688
42891689|42891689
42891690|42891690
42891691|10069470
42891692|10072031
42891693|42891693
42891694|42891694
42891695|10069849
42891696|10069850
42891697|10069851
42891698|10070962
42891699|42891699
42891700|42891700
42891701|42891701
42891702|10069847
42891703|10070696
42891704|10071008
42891705|42891705
42891706|42891706
42891707|10069848
42891708|10070084
42891709|10070085
42891710|10071387
42891711|42891711
42891712|10069740
42891713|10071571
42891714|10071582
42891715|42891715
42891716|42891716
42891717|10071144
42891718|10071145
42891719|42891719
42891720|42891720
42891721|42891721
42891722|10069916
42891723|42891723
42891724|10072156
42891725|42891725
42891726|10072368
42891727|10072421
42891728|42891728
42891729|42891729
42891730|10069368
42891731|42891731
42891732|10070825
42891733|10070843
42891734|10070856
42891735|10070859
42891736|42891736
42891737|42891737
42891738|10070695
42891739|10070699
42891740|10070700
42891741|10069937
42891742|10070616
42891743|10070697
42891744|10072053
42891745|10072054
42891746|10070528
42891747|42891747
42891748|10070623
42891749|42891749
42891750|10070694
42891751|42891751
42891752|42891752
42891753|42891753
42891754|42891754
42891755|42891755
42891756|42891756
42891757|42891757
42891758|10071173
42891759|42891759
42891760|10071267
42891761|42891761
42891762|10070620
42891763|10070621
42891764|10070622
42891765|10070768
42891766|10072026
42891767|10072027
42891768|10069410
42891769|42891769
42891770|42891770
42891771|10071635
42891772|10071636
42891773|10072745
42891774|10072755
42891775|10072756
42891776|42891776
42891777|10071177
42891778|42891778
42891779|42891779
42891780|10071837
42891781|10071840
42891782|10070743
42891783|10070744
42891784|10070769
42891785|10070961
42891786|42891786
42891787|42891787
42891788|42891788
42891789|42891789
42891790|42891790
42891791|42891791
42891792|10070766
42891793|10070767
42891794|10070770
42891795|42891795
42891796|10069866
42891797|42891797
42891798|10070593
42891799|10071179
42891800|42891800
42891801|42891801
42891802|10069874
42891803|10069875
42891804|10069876
42891805|10072647
42891806|10072648
42891807|42891807
42891808|10070624
42891809|42891809
42891810|10070706
42891811|10071178
42891812|10072646
42891813|42891813
42891814|10070705
42891815|42891815
42891816|42891816
42891817|42891817
42891818|42891818
42891819|10072650
42891820|10069341
42891821|42891821
42891822|42891822
42891823|10070844
42891824|42891824
42891825|10070847
42891826|10070854
42891827|10070855
42891828|42891828
42891829|42891829
42891830|10070615
42891831|42891831
42891832|10070306
42891833|10071189
42891834|42891834
42891835|10070701
42891836|10070704
42891837|42891837
42891838|42891838
42891839|10069890
42891840|10069894
42891841|10069895
42891842|10069896
42891843|10069897
42891844|10069898
42891845|10069899
42891846|10069900
42891847|10069901
42891848|10069891
42891849|10069892
42891850|10069893
42891851|10071042
42891852|42891852
42891853|42891853
42891854|42891854
42891855|10072580
42891856|10070923
42891857|10070924
42891858|42891858
42891859|42891859
42891860|10070898
42891861|10072314
42891862|10069606
42891863|10069608
42891864|42891864
42891865|10069758
42891866|42891866
42891867|10072000
42891868|42891868
42891869|10071999
42891870|42891870
42891871|42891871
42891872|42891872
42891873|42891873
42891874|42891874
42891875|42891875
42891876|10071614
42891877|10071615
42891878|10071616
42891879|10071617
42891880|10071618
42891881|10071622
42891882|10071623
42891883|10071624
42891884|10071625
42891885|10071626
42891886|42891886
42891887|10071611
42891888|10071612
42891889|10071613
42891890|10071630
42891891|10071631
42891892|10071632
42891893|10071722
42891894|10071723
42891895|10071724
42891896|10071725
42891897|10071726
42891898|10071727
42891899|42891899
42891900|10071995
42891901|10071996
42891902|42891902
42891903|42891903
42891904|42891904
42891905|42891905
42891906|42891906
42891907|42891907
42891908|10072213
42891909|42891909
42891910|10069759
42891911|42891911
42891912|10069465
42891913|10069466
42891914|42891914
42891915|42891915
42891916|10072017
42891917|42891917
42891918|42891918
42891919|42891919
42891920|42891920
42891921|42891921
42891922|42891922
42891923|42891923
42891924|42891924
42891925|10071997
42891926|42891926
42891927|10071821
42891928|42891928
42891929|10069764
42891930|10072317
42891931|10072318
42891932|42891932
42891933|10071214
42891934|42891934
42891935|10072800
42891936|42891936
42891937|42891937
42891938|10071649
42891939|10070443
42891940|42891940
42891941|42891941
42891942|10069911
42891943|10071676
42891944|10071702
42891945|10069634
42891946|10070679
42891947|10070678
42891948|10071127
42891949|42891949
42891950|42891950
42891951|42891951
42891952|10070546
42891953|42891953
42891954|10072734
42891955|42891955
42891956|10072801
42891957|42891957
42891958|42891958
42891959|10069609
42891960|10069626
42891961|10069627
42891962|42891962
42891963|10072366
42891964|10070989
42891965|42891965
42891966|42891966
42891967|42891967
42891968|42891968
42891969|10070780
42891970|10070781
42891971|10070783
42891972|10070797
42891973|10070784
42891974|10070890
42891975|42891975
42891976|10070578
42891977|10071157
42891978|10070180
42891979|42891979
42891980|10072658
42891981|42891981
42891982|42891982
42891983|42891983
42891984|42891984
42891985|10072090
42891986|42891986
42891987|42891987
42891988|42891988
42891989|42891989
42891990|10071416
42891991|10071417
42891992|10071418
42891993|42891993
42891994|10071419
42891995|10071420
42891996|42891996
42891997|10071421
42891998|10071422
42891999|10071423
42892000|10071424
42892001|10071425
42892002|10071426
42892003|10071427
42892004|10071428
42892005|42892005
42892006|10071429
42892007|10069496
42892008|42892008
42892009|42892009
42892010|42892010
42892011|42892011
42892012|10070464
42892013|10070477
42892014|42892014
42892015|10071510
42892016|42892016
42892017|42892017
42892018|42892018
42892019|42892019
42892020|10072822
42892021|10070611
42892022|42892022
42892023|42892023
42892024|42892024
42892025|42892025
42892026|10072105
42892027|10071215
42892028|10071216
42892029|10069833
42892030|42892030
42892031|10072391
42892032|42892032
42892033|10072389
42892034|10072390
42892035|10072392
42892036|42892036
42892037|10070739
42892038|10072600
42892039|42892039
42892040|10072259
42892041|10069887
42892042|10071327
42892043|42892043
42892044|10071125
42892045|10071126
42892046|42892046
42892047|42892047
42892048|10070478
42892049|42892049
42892050|42892050
42892051|10070877
42892052|42892052
42892053|42892053
42892054|10069565
42892055|42892055
42892056|10072062
42892057|10072094
42892058|10070703
42892059|10070430
42892060|10070431
42892061|10070432
42892062|10072050
42892063|10069399
42892064|10069401
42892065|42892065
42892066|10071097
42892067|10071098
42892068|42892068
42892069|42892069
42892070|42892070
42892071|42892071
42892072|42892072
42892073|10069355
42892074|42892074
42892075|10072218
42892076|10072459
42892077|42892077
42892078|10071711
42892079|10071713
42892080|42892080
42892081|42892081
42892082|10069761
42892083|10069762
42892084|10070436
42892085|10069500
42892086|42892086
42892087|42892087
42892088|10069541
42892089|42892089
42892090|42892090
42892091|42892091
42892092|10071672
42892093|42892093
42892094|10069756
42892095|42892095
42892096|42892096
42892097|10072661
42892098|10070952
42892099|42892099
42892100|10072102
42892101|42892101
42892102|10072320
42892103|10072321
42892104|42892104
42892105|42892105
42892106|42892106
42892107|42892107
42892108|42892108
42892109|10072034
42892110|10072035
42892111|42892111
42892112|42892112
42892113|10070985
42892114|10072056
42892115|42892115
42892116|10069396
42892117|10070710
42892118|42892118
42892119|42892119
42892120|10072396
42892121|10069705
42892122|42892122
42892123|10070984
42892124|10070986
42892125|10070987
42892126|42892126
42892127|10069662
42892128|42892128
42892129|42892129
42892130|42892130
42892131|10069636
42892132|10069942
42892133|42892133
42892134|10072439
42892135|10072440
42892136|42892136
42892137|10072842
42892138|42892138
42892139|10071339
42892140|42892140
42892141|42892141
42892142|42892142
42892143|42892143
42892144|42892144
42892145|42892145
42892146|42892146
42892147|10071774
42892148|42892148
42892149|10070522
42892150|10070523
42892151|42892151
42892152|42892152
42892153|10071761
42892154|42892154
42892155|10072172
42892156|10071931
42892157|42892157
42892158|10072092
42892159|10072093
42892160|10072095
42892161|10072096
42892162|10072097
42892163|42892163
42892164|10069779
42892165|42892165
42892166|42892166
42892167|42892167
42892168|42892168
42892169|42892169
42892170|42892170
42892171|10071484
42892172|42892172
42892173|42892173
42892174|42892174
42892175|42892175
42892176|42892176
42892177|42892177
42892178|10069941
42892179|42892179
42892180|42892180
42892181|10069817
42892182|42892182
42892183|42892183
42892184|42892184
42892185|42892185
42892186|42892186
42892187|42892187
42892188|42892188
42892189|42892189
42892190|42892190
42892191|42892191
42892192|42892192
42892193|42892193
42892194|10072309
42892195|10072307
42892196|42892196
42892197|42892197
42892198|42892198
42892199|42892199
42892200|10071633
42892201|42892201
42892202|42892202
42892203|10071430
42892204|42892204
42892205|42892205
42892206|42892206
42892207|42892207
42892208|10071055
42892209|10071056
42892210|42892210
42892211|42892211
42892212|42892212
42892213|42892213
42892214|42892214
42892215|42892215
42892216|42892216
42892217|42892217
42892218|42892218
42892219|10069984
42892220|10069987
42892221|10069990
42892222|10069993
42892223|10069996
42892224|10069999
42892225|42892225
42892226|10069983
42892227|10069986
42892228|10069989
42892229|10069992
42892230|10069995
42892231|10069998
42892232|42892232
42892233|10069982
42892234|10069985
42892235|10069988
42892236|10069991
42892237|10069994
42892238|10069997
42892239|42892239
42892240|10070845
42892241|42892241
42892242|42892242
42892243|10071728
42892244|42892244
42892245|42892245
42892246|42892246
42892247|42892247
42892248|42892248
42892249|42892249
42892250|42892250
42892251|42892251
42892252|42892252
42892253|42892253
42892254|42892254
42892255|42892255
42892256|42892256
42892257|10072348
42892258|42892258
42892259|42892259
42892260|42892260
42892261|10071673
42892262|42892262
42892263|10071674
42892264|42892264
42892265|10071671
42892266|42892266
42892267|42892267
42892268|42892268
42892269|42892269
42892270|10069674
42892271|42892271
42892272|10072544
42892273|42892273
42892274|10072546
42892275|42892275
42892276|10072545
42892277|42892277
42892278|10072543
42892279|10071904
42892280|10069387
42892281|10069389
42892282|42892282
42892283|10071518
42892284|10069671
42892285|42892285
42892286|10071786
42892287|42892287
42892288|10072565
42892289|42892289
42892290|42892290
42892291|10072566
42892292|42892292
42892293|42892293
42892294|10070944
42892295|10070080
42892296|10070081
42892297|42892297
42892298|42892298
42892299|10072741
42892300|42892300
42892301|42892301
42892302|10070496
42892303|10070508
42892304|10070509
42892305|42892305
42892306|42892306
42892307|10071609
42892308|42892308
42892309|42892309
42892310|10071610
42892311|42892311
42892312|10072540
42892313|42892313
42892314|10072539
42892315|42892315
42892316|42892316
42892317|42892317
42892318|10071998
42892319|42892319
42892320|42892320
42892321|42892321
42892322|42892322
42892323|42892323
42892324|42892324
42892325|42892325
42892326|10071993
42892327|10071994
42892328|42892328
42892329|42892329
42892330|42892330
42892331|42892331
42892332|42892332
42892333|42892333
42892334|42892334
42892335|42892335
42892336|42892336
42892337|42892337
42892338|42892338
42892339|10072033
42892340|10072032
42892341|42892341
42892342|42892342
42892343|10071218
42892344|42892344
42892345|10071228
42892346|10071227
42892347|42892347
42892348|10071512
42892349|10071520
42892350|42892350
42892351|10071513
42892352|10071519
42892353|42892353
42892354|10071521
42892355|10071522
42892356|10071528
42892357|42892357
42892358|10071523
42892359|10071524
42892360|10071529
42892361|42892361
42892362|42892362
42892363|42892363
42892364|42892364
42892365|42892365
42892366|42892366
42892367|10072085
42892368|42892368
42892369|10071217
42892370|42892370
42892371|10070886
42892372|10070887
42892373|10070889
42892374|42892374
42892375|42892375
42892376|10069514
42892377|10070804
42892378|10070851
42892379|10071823
42892380|42892380
42892381|42892381
42892382|42892382
42892383|10071360
42892384|10070185
42892385|10070186
42892386|10070187
42892387|42892387
42892388|42892388
42892389|10072178
42892390|42892390
42892391|10072179
42892392|42892392
42892393|10072181
42892394|42892394
42892395|42892395
42892396|42892396
42892397|10071781
42892398|10071813
42892399|42892399
42892400|10069392
42892401|42892401
42892402|42892402
42892403|42892403
42892404|10072683
42892405|42892405
42892406|10072682
42892407|42892407
42892408|10071640
42892409|10071643
42892410|42892410
42892411|42892411
42892412|10071696
42892413|42892413
42892414|10072547
42892415|42892415
42892416|10072548
42892417|42892417
42892418|10072542
42892419|42892419
42892420|10072541
42892421|10071797
42892422|42892422
42892423|10071885
42892424|10071886
42892425|42892425
42892426|10071230
42892427|10071231
42892428|10071847
42892429|10071638
42892430|10071893
42892431|42892431
42892432|42892432
42892433|42892433
42892434|10072293
42892435|10072294
42892436|10069763
42892437|42892437
42892438|42892438
42892439|42892439
42892440|42892440
42892441|42892441
42892442|42892442
42892443|10071903
42892444|42892444
42892445|42892445
42892446|10070896
42892447|42892447
42892448|42892448
42892449|42892449
42892450|10071905
42892451|42892451
42892452|10069676
42892453|10069677
42892454|42892454
42892455|10069943
42892456|10072191
42892457|42892457
42892458|42892458
42892459|10071514
42892460|10071116
42892461|10072345
42892462|42892462
42892463|42892463
42892464|42892464
42892465|42892465
42892466|10069912
42892467|42892467
42892468|10069914
42892469|42892469
42892470|42892470
42892471|42892471
42892472|42892472
42892473|42892473
42892474|10070029
42892475|10070030
42892476|10070031
42892477|10070032
42892478|42892478
42892479|10069968
42892480|10069975
42892481|10069976
42892482|42892482
42892483|10070042
42892484|42892484
42892485|42892485
42892486|42892486
42892487|42892487
42892488|10070169
42892489|10070170
42892490|10070171
42892491|42892491
42892492|10069977
42892493|42892493
42892494|42892494
42892495|42892495
42892496|10070043
42892497|10070044
42892498|10070045
42892499|10070046
42892500|10070047
42892501|10070048
42892502|10070049
42892503|42892503
42892504|42892504
42892505|42892505
42892506|10070033
42892507|10070050
42892508|10070051
42892509|42892509
42892510|10070203
42892511|42892511
42892512|10070034
42892513|42892513
42892514|42892514
42892515|10070204
42892516|10070205
42892517|42892517
42892518|10069978
42892519|42892519
42892520|10070036
42892521|10070037
42892522|10070038
42892523|42892523
42892524|10070039
42892525|10070040
42892526|10070041
42892527|42892527
42892528|42892528
42892529|10070102
42892530|10070103
42892531|10070104
42892532|42892532
42892533|42892533
42892534|10070115
42892535|42892535
42892536|10070116
42892537|42892537
42892538|10070117
42892539|10069683
42892540|42892540
42892541|10070118
42892542|10070119
42892543|10070120
42892544|10069607
42892545|42892545
42892546|42892546
42892547|42892547
42892548|10069906
42892549|10070121
42892550|10070122
42892551|10070123
42892552|42892552
42892553|42892553
42892554|42892554
42892555|10070105
42892556|42892556
42892557|10070107
42892558|10070108
42892559|10070109
42892560|42892560
42892561|10069342
42892562|42892562
42892563|42892563
42892564|10070110
42892565|42892565
42892566|10070111
42892567|42892567
42892568|10070112
42892569|42892569
42892570|42892570
42892571|10070113
42892572|42892572
42892573|10070012
42892574|42892574
42892575|42892575
42892576|10070163
42892577|10070164
42892578|42892578
42892579|10070114
42892580|10070124
42892581|10070125
42892582|10070126
42892583|42892583
42892584|10070148
42892585|10070149
42892586|42892586
42892587|10070035
42892588|42892588
42892589|10070150
42892590|42892590
42892591|42892591
42892592|10070151
42892593|42892593
42892594|42892594
42892595|10070152
42892596|10070153
42892597|10070154
42892598|42892598
42892599|10070155
42892600|42892600
42892601|10070088
42892602|10070106
42892603|42892603
42892604|42892604
42892605|10070136
42892606|10070137
42892607|10070138
42892608|10070139
42892609|10070140
42892610|10070141
42892611|42892611
42892612|10070142
42892613|42892613
42892614|10070143
42892615|10070144
42892616|10070145
42892617|10070146
42892618|42892618
42892619|10070147
42892620|42892620
42892621|10070197
42892622|10070198
42892623|42892623
42892624|42892624
42892625|42892625
42892626|42892626
42892627|42892627
42892628|42892628
42892629|10072749
42892630|10072751
42892631|10072750
42892632|42892632
42892633|42892633
42892634|42892634
42892635|42892635
42892636|42892636
42892637|42892637
42892638|42892638
42892639|10070199
42892640|10070206
42892641|10070207
42892642|42892642
42892643|42892643
42892644|42892644
42892645|10070064
42892646|10070065
42892647|10070066
42892648|10070067
42892649|42892649
42892650|10070013
42892651|42892651
42892652|42892652
42892653|10070068
42892654|42892654
42892655|42892655
42892656|10069542
42892657|10069656
42892658|42892658
42892659|10070056
42892660|10070057
42892661|10070058
42892662|10070059
42892663|10070060
42892664|10070061
42892665|10070062
42892666|10070063
42892667|10070069
42892668|42892668
42892669|42892669
42892670|42892670
42892671|42892671
42892672|10070168
42892673|42892673
42892674|42892674
42892675|42892675
42892676|42892676
42892677|42892677
42892678|42892678
42892679|10072790
42892680|10072343
42892681|10072329
42892682|42892682
42892683|42892683
42892684|10070200
42892685|10070201
42892686|10070202
42892687|42892687
42892688|42892688
42892689|42892689
42892690|10070172
42892691|10070173
42892692|10070174
42892693|10070175
42892694|42892694
42892695|42892695
42892696|42892696
42892697|10070176
42892698|10070177
42892699|10070178
42892700|42892700
42892701|42892701
42892702|42892702
42892703|42892703
42892704|42892704
42892705|42892705
42892706|42892706
42892707|42892707
42892708|42892708
42892709|42892709
42892710|42892710
42892711|10070974
42892712|10070684
42892713|10070686
42892714|42892714
42892715|10071162
42892716|42892716
42892717|10071686
42892718|10071688
42892719|42892719
42892720|42892720
42892721|42892721
42892722|10070676
42892723|42892723
42892724|10071121
42892725|10071122
42892726|10071382
42892727|42892727
42892728|10070330
42892729|10070331
42892730|10070332
42892731|10070333
42892732|10070334
42892733|42892733
42892734|42892734
42892735|42892735
42892736|42892736
42892737|42892737
42892738|42892738
42892739|42892739
42892740|42892740
42892741|10070552
42892742|42892742
42892743|42892743
42892744|42892744
42892745|42892745
42892746|42892746
42892747|42892747
42892748|10071745
42892749|42892749
42892750|42892750
42892751|42892751
42892752|10070327
42892753|10070328
42892754|10070329
42892755|42892755
42892756|10072434
42892757|42892757
42892758|10072435
42892759|42892759
42892760|10072436
42892761|42892761
42892762|42892762
42892763|42892763
42892764|42892764
42892765|42892765
42892766|42892766
42892767|42892767
42892768|10070447
42892769|42892769
42892770|42892770
42892771|10070352
42892772|42892772
42892773|42892773
42892774|42892774
42892775|42892775
42892776|42892776
42892777|42892777
42892778|42892778
42892779|42892779
42892780|42892780
42892781|42892781
42892782|42892782
42892783|42892783
42892784|10072089
42892785|42892785
42892786|10069376
42892787|42892787
42892788|42892788
42892789|42892789
42892790|42892790
42892791|42892791
42892792|10070267
42892793|10070268
42892794|42892794
42892795|42892795
42892796|42892796
42892797|10070390
42892798|10070391
42892799|10070392
42892800|42892800
42892801|10070353
42892802|10070354
42892803|10070359
42892804|42892804
42892805|42892805
42892806|42892806
42892807|42892807
42892808|42892808
42892809|42892809
42892810|10070388
42892811|42892811
42892812|42892812
42892813|10070225
42892814|10070226
42892815|10070227
42892816|42892816
42892817|42892817
42892818|42892818
42892819|42892819
42892820|42892820
42892821|10069529
42892822|42892822
42892823|42892823
42892824|42892824
42892825|42892825
42892826|42892826
42892827|10071619
42892828|10070544
42892829|10070257
42892830|10070258
42892831|10070259
42892832|42892832
42892833|42892833
42892834|10070265
42892835|10070266
42892836|42892836
42892837|42892837
42892838|42892838
42892839|42892839
42892840|42892840
42892841|42892841
42892842|42892842
42892843|42892843
42892844|10072418
42892845|42892845
42892846|10072416
42892847|42892847
42892848|10072415
42892849|42892849
42892850|10072414
42892851|42892851
42892852|10072417
42892853|42892853
42892854|42892854
42892855|42892855
42892856|42892856
42892857|42892857
42892858|42892858
42892859|42892859
42892860|42892860
42892861|42892861
42892862|10072844
42892863|10072845
42892864|10072846
42892865|10072847
42892866|10072848
42892867|10072849
42892868|10070219
42892869|42892869
42892870|42892870
42892871|42892871
42892872|42892872
42892873|42892873
42892874|42892874
42892875|10069769
42892876|42892876
42892877|10070421
42892878|10069765
42892879|42892879
42892880|10069733
42892881|42892881
42892882|10070940
42892883|10070943
42892884|42892884
42892885|42892885
42892886|42892886
42892887|42892887
42892888|10070941
42892889|42892889
42892890|42892890
42892891|42892891
42892892|42892892
42892893|10070423
42892894|10069768
42892895|42892895
42892896|10070222
42892897|10070223
42892898|10070422
42892899|42892899
42892900|42892900
42892901|42892901
42892902|42892902
42892903|42892903
42892904|42892904
42892905|42892905
42892906|42892906
42892907|10070357
42892908|42892908
42892909|42892909
42892910|10070224
42892911|42892911
42892912|10070264
42892913|42892913
42892914|42892914
42892915|42892915
42892916|10070387
42892917|42892917
42892918|42892918
42892919|42892919
42892920|10070363
42892921|10070364
42892922|42892922
42892923|42892923
42892924|42892924
42892925|42892925
42892926|42892926
42892927|42892927
42892928|42892928
42892929|10070358
42892930|42892930
42892931|42892931
42892932|42892932
42892933|42892933
42892934|10070355
42892935|10070356
42892936|42892936
42892937|42892937
42892938|10070350
42892939|10070351
42892940|42892940
42892941|10070229
42892942|10070230
42892943|42892943
42892944|42892944
42892945|42892945
42892946|10070646
42892947|42892947
42892948|10070645
42892949|10069515
42892950|10071074
42892951|10071073
42892952|42892952
42892953|10070260
42892954|42892954
42892955|10070360
42892956|10070361
42892957|10070362
42892958|42892958
42892959|10070389
42892960|42892960
42892961|10070228
42892962|10070233
42892963|10070234
42892964|42892964
42892965|42892965
42892966|42892966
42892967|42892967
42892968|10070231
42892969|10070232
42892970|42892970
42892971|10070263
42892972|42892972
42892973|10070262
42892974|42892974
42892975|10070261
42892976|42892976
42892977|10072386
42892978|42892978
42892979|10070321
42892980|42892980
42892981|10069404
42892982|42892982
42892983|42892983
42892984|42892984
42892985|10072305
42892986|10072308
42892987|10072180
42892988|10072783
42892989|10072299
42892990|42892990
42892991|10072301
42892992|42892992
42892993|10072300
42892994|42892994
42892995|42892995
42892996|10071563
42892997|10071562
42892998|10071943
42892999|10071561
42893000|10071560
42893001|10071589
42893002|42893002
42893003|42893003
42893004|42893004
42893005|42893005
42893006|42893006
42893007|10071944
42893008|42893008
42893009|10071621
42893010|42893010
42893011|10071620
42893012|42893012
42893013|10071627
42893014|42893014
42893015|10071629
42893016|42893016
42893017|10071628
42893018|42893018
42893019|42893019
42893020|42893020
42893021|10071712
42893022|42893022
42893023|42893023
42893024|42893024
42893025|42893025
42893026|42893026
42893027|10072375
42893028|42893028
42893029|42893029
42893030|42893030
42893031|42893031
42893032|42893032
42893033|42893033
42893034|42893034
42893035|42893035
42893036|42893036
42893037|42893037
42893038|42893038
42893039|10071494
42893040|42893040
42893041|10072554
42893042|42893042
42893043|10072555
42893044|42893044
42893045|10071498
42893046|42893046
42893047|10072549
42893048|42893048
42893049|10072550
42893050|42893050
42893051|10071499
42893052|42893052
42893053|10072538
42893054|42893054
42893055|10072551
42893056|42893056
42893057|42893057
42893058|42893058
42893059|42893059
42893060|42893060
42893061|42893061
42893062|42893062
42893063|42893063
42893064|42893064
42893065|42893065
42893066|42893066
42893067|42893067
42893068|10069966
42893069|42893069
42893070|10069965
42893071|42893071
42893072|10069969
42893073|42893073
42893074|42893074
42893075|42893075
42893076|42893076
42893077|42893077
42893078|10072183
42893079|42893079
42893080|10072182
42893081|42893081
42893082|42893082
42893083|42893083
42893084|42893084
42893085|42893085
42893086|42893086
42893087|42893087
42893088|42893088
42893089|42893089
42893090|42893090
42893091|42893091
42893092|42893092
42893093|42893093
42893094|42893094
42893095|10071497
42893096|42893096
42893097|42893097
42893098|42893098
42893099|10071480
42893100|10071485
42893101|10071486
42893102|10071487
42893103|10071492
42893104|10071493
42893105|10071500
42893106|42893106
42893107|42893107
42893108|42893108
42893109|42893109
42893110|42893110
42893111|42893111
42893112|42893112
42893113|42893113
42893114|42893114
42893115|42893115
42893116|10071495
42893117|42893117
42893118|10072552
42893119|42893119
42893120|10072553
42893121|42893121
42893122|42893122
42893123|42893123
42893124|10069970
42893125|10069971
42893126|10069972
42893127|10069973
42893128|10069974
42893129|10069522
42893130|42893130
42893131|10069967
42893132|42893132
42893133|10070165
42893134|10070166
42893135|10070167
42893136|42893136
42893137|42893137
42893138|42893138
42893139|42893139
42893140|10070016
42893141|10070017
42893142|10070018
42893143|42893143
42893144|42893144
42893145|42893145
42893146|10070014
42893147|10070015
42893148|42893148
42893149|42893149
42893150|42893150
42893151|42893151
42893152|42893152
42893153|42893153
42893154|42893154
42893155|42893155
42893156|42893156
42893157|42893157
42893158|42893158
42893159|42893159
42893160|42893160
42893161|10069673
42893162|10071479
42893163|10071481
42893164|10071482
42893165|10071483
42893166|10071488
42893167|10071489
42893168|10071490
42893169|10071491
42893170|10071496
42893171|10071501
42893172|10069377
42893173|42893173
42893174|42893174
42893175|42893175
42893176|42893176
42893177|42893177
42893178|42893178
42893179|42893179
42893180|42893180
42893181|10070736
42893182|10072739
42893183|10071400
42893184|10070759
42893185|10071777
42893186|10069780
42893187|10071844
42893188|10071848
42893189|42893189
42893190|42893190
42893191|42893191
42893192|42893192
42893193|42893193
42893194|42893194
42893195|42893195
42893196|42893196
42893197|42893197
42893198|10071095
42893199|10072111
42893200|10072127
42893201|10071842
42893202|10070541
42893203|10072669
42893204|10072670
42893205|10070973
42893206|42893206
42893207|42893207
42893208|42893208
42893209|42893209
42893210|42893210
42893211|10072306
42893212|42893212
42893213|42893213
42893214|10070842
42893215|42893215
42893216|10070489
42893217|10069504
42893218|42893218
42893219|10072606
42893220|10072607
42893221|42893221
42893222|10071746
42893223|42893223
42893224|42893224
42893225|42893225
42893226|42893226
42893227|42893227
42893228|42893228
42893229|42893229
42893230|42893230
42893231|42893231
42893232|10072462
42893233|10071269
42893234|42893234
42893235|10071285
42893236|42893236
42893237|42893237
42893238|10070865
42893239|10070805
42893240|42893240
42893241|42893241
42893242|42893242
42893243|10069682
42893244|10072174
42893245|42893245
42893246|42893246
42893247|10072257
42893248|42893248
42893249|10070919
42893250|10069439
42893251|42893251
42893252|42893252
42893253|42893253
42893254|42893254
42893255|42893255
42893256|42893256
42893257|42893257
42893258|10072129
42893259|42893259
42893260|10072193
42893261|42893261
42893262|10070727
42893263|42893263
42893264|10070298
42893265|42893265
42893266|10070241
42893267|10069815
42893268|42893268
42893269|10072837
42893270|10071906
42893271|10071920
42893272|42893272
42893273|10070628
42893274|42893274
42893275|42893275
42893276|10071747
42893277|10069427
42893278|10069430
42893279|42893279
42893280|10071235
42893281|10071236
42893282|10071237
42893283|42893283
42893284|10069946
42893285|10070600
42893286|10072668
42893287|10072677
42893288|10071874
42893289|42893289
42893290|10069915
42893291|42893291
42893292|42893292
42893293|42893293
42893294|42893294
42893295|10070630
42893296|10071740
42893297|42893297
42893298|10070238
42893299|10070864
42893300|10072461
42893301|42893301
42893302|42893302
42893303|10070915
42893304|10071739
42893305|10071827
42893306|10071828
42893307|42893307
42893308|10072827
42893309|42893309
42893310|10072371
42893311|42893311
42893312|42893312
42893313|10070518
42893314|10071371
42893315|42893315
42893316|10070998
42893317|10071701
42893318|42893318
42893319|10072738
42893320|42893320
42893321|42893321
42893322|10070758
42893323|10069511
42893324|10071752
42893325|10071753
42893326|42893326
42893327|10069745
42893328|10069347
42893329|10069816
42893330|42893330
42893331|10071013
42893332|42893332
42893333|10069349
42893334|42893334
42893335|42893335
42893336|10071883
42893337|42893337
42893338|42893338
42893339|10069821
42893340|10071511
42893341|10071923
42893342|10069348
42893343|10070685
42893344|42893344
42893345|42893345
42893346|10072573
42893347|10072834
42893348|10072838
42893349|42893349
42893350|10070659
42893351|42893351
42893352|42893352
42893353|10072238
42893354|10072322
42893355|42893355
42893356|42893356
42893357|42893357
42893358|10070424
42893359|42893359
42893360|42893360
42893361|42893361
42893362|42893362
42893363|10072614
42893364|10072615
42893365|10072638
42893366|42893366
42893367|42893367
42893368|10071296
42893369|42893369
42893370|42893370
42893371|10072617
42893372|42893372
42893373|42893373
42893374|42893374
42893375|42893375
42893376|42893376
42893377|42893377
42893378|10072185
42893379|42893379
42893380|10072184
42893381|42893381
42893382|42893382
42893383|42893383
42893384|10070575
42893385|42893385
42893386|10071113
42893387|10071115
42893388|10072737
42893389|10072740
42893390|42893390
42893391|10072451
42893392|42893392
42893393|42893393
42893394|42893394
42893395|10069512
42893396|10070079
42893397|10070826
42893398|10071709
42893399|42893399
42893400|10070532
42893401|42893401
42893402|42893402
42893403|10069822
42893404|10072422
42893405|42893405
42893406|10072455
42893407|10072447
42893408|10072452
42893409|10072453
42893410|10072454
42893411|42893411
42893412|42893412
42893413|10070675
42893414|10072536
42893415|10072709
42893416|10072710
42893417|10071452
42893418|10071453
42893419|10071454
42893420|10071455
42893421|10070819
42893422|42893422
42893423|42893423
42893424|42893424
42893425|10071458
42893426|42893426
42893427|42893427
42893428|10071787
42893429|42893429
42893430|10071788
42893431|42893431
42893432|10072051
42893433|10072584
42893434|10071791
42893435|42893435
42893436|10071793
42893437|10069370
42893438|10069372
42893439|10070822
42893440|10070823
42893441|10070788
42893442|10070789
42893443|10071932
42893444|10071933
42893445|42893445
42893446|10070708
42893447|10070712
42893448|10071794
42893449|10071795
42893450|10071796
42893451|10072154
42893452|42893452
42893453|10070547
42893454|10070548
42893455|10069640
42893456|10070580
42893457|10072400
42893458|10072401
42893459|42893459
42893460|42893460
42893461|42893461
42893462|42893462
42893463|10071340
42893464|10071341
42893465|10071830
42893466|10071831
42893467|42893467
42893468|10071872
42893469|10071550
42893470|10071890
42893471|10072200
42893472|10072201
42893473|10071891
42893474|10069706
42893475|10069711
42893476|10069366
42893477|42893477
42893478|10071300
42893479|10071448
42893480|10071829
42893481|10071894
42893482|10071896
42893483|10072260
42893484|10072261
42893485|10072262
42893486|42893486
42893487|10072601
42893488|10072603
42893489|10072604
42893490|10072622
42893491|42893491
42893492|10071208
42893493|10071789
42893494|42893494
42893495|10071207
42893496|10071792
42893497|10071798
42893498|42893498
42893499|10070879
42893500|42893500
42893501|42893501
42893502|42893502
42893503|10072602
42893504|42893504
42893505|10071012
42893506|10071892
42893507|42893507
42893508|10072039
42893509|42893509
42893510|10072128
42893511|42893511
42893512|10072760
42893513|10072761
42893514|42893514
42893515|42893515
42893516|10072635
42893517|42893517
42893518|10072644
42893519|10071101
42893520|10071132
42893521|10069412
42893522|42893522
42893523|42893523
42893524|42893524
42893525|42893525
42893526|10070719
42893527|10070720
42893528|10070425
42893529|10070426
42893530|10071377
42893531|42893531
42893532|10071784
42893533|42893533
42893534|10072711
42893535|10071864
42893536|42893536
42893537|10071272
42893538|42893538
42893539|42893539
42893540|10070512
42893541|10070513
42893542|10070514
42893543|42893543
42893544|42893544
42893545|10071159
42893546|10071160
42893547|10070888
42893548|10071646
42893549|42893549
42893550|10071670
42893551|10071675
42893552|10072460
42893553|10072463
42893554|42893554
42893555|10071546
42893556|10071351
42893557|10071352
42893558|10069528
42893559|42893559
42893560|10071096
42893561|42893561
42893562|42893562
42893563|42893563
42893564|42893564
42893565|42893565
42893566|42893566
42893567|10072133
42893568|10072149
42893569|10072150
42893570|10072151
42893571|10072152
42893572|42893572
42893573|10072101
42893574|10070076
42893575|10070083
42893576|42893576
42893577|42893577
42893578|42893578
42893579|42893579
42893580|42893580
42893581|42893581
42893582|42893582
42893583|42893583
42893584|10070557
42893585|42893585
42893586|10072732
42893587|10071866
42893588|42893588
42893589|42893589
42893590|10070674
42893591|42893591
42893592|42893592
42893593|42893593
42893594|10072250
42893595|10070527
42893596|10072444
42893597|10072445
42893598|42893598
42893599|10070806
42893600|10070828
42893601|42893601
42893602|42893602
42893603|10071805
42893604|10071806
42893605|42893605
42893606|42893606
42893607|42893607
42893608|42893608
42893609|42893609
42893610|42893610
42893611|42893611
42893612|10071815
42893613|10071816
42893614|10069832
42893615|10070075
42893616|42893616
42893617|42893617
42893618|10071438
42893619|10071270
42893620|42893620
42893621|10071071
42893622|42893622
42893623|42893623
42893624|10071729
42893625|42893625
42893626|10071765
42893627|10071884
42893628|10071895
42893629|10072195
42893630|10072196
42893631|10072197
42893632|10071117
42893633|10072394
42893634|42893634
42893635|10071271
42893636|42893636
42893637|10071770
42893638|10071771
42893639|10071772
42893640|10071773
42893641|10071456
42893642|10071457
42893643|10072363
42893644|42893644
42893645|42893645
42893646|42893646
42893647|42893647
42893648|10071913
42893649|42893649
42893650|10071166
42893651|10071857
42893652|10072424
42893653|42893653
42893654|10071310
42893655|10071313
42893656|10071314
42893657|10071315
42893658|42893658
42893659|42893659
42893660|42893660
42893661|42893661
42893662|10071914
42893663|10069672
42893664|42893664
42893665|10072131
42893666|10071880
42893667|42893667
42893668|10071875
42893669|10072714
42893670|10072721
42893671|10072724
42893672|10071919
42893673|10070740
42893674|10072699
42893675|10072700
42893676|42893676
42893677|10070709
42893678|10070713
42893679|10070742
42893680|42893680
42893681|42893681
42893682|10071219
42893683|10071790
42893684|10069923
42893685|10072047
42893686|10072707
42893687|10072708
42893688|42893688
42893689|10069415
42893690|42893690
42893691|10069552
42893692|10069371
42893693|42893693
42893694|42893694
42893695|10072372
42893696|10070787
42893697|10070975
42893698|42893698
42893699|10070852
42893700|10069739
42893701|42893701
42893702|10072112
42893703|42893703
42893704|10069390
42893705|10071396
42893706|10071397
42893707|10069454
42893708|10069913
42893709|10070790
42893710|10069924
42893711|10069927
42893712|10071869
42893713|10069406
42893714|42893714
42893715|42893715
42893716|10072347
42893717|42893717
42893718|42893718
42893719|42893719
42893720|10072061
42893721|42893721
42893722|42893722
42893723|10071175
42893724|42893724
42893725|10069738
42893726|10071911
42893727|42893727
42893728|10069742
42893729|10071912
42893730|10069424
42893731|10071865
42893732|10069831
42893733|10070791
42893734|10072144
42893735|10072355
42893736|10072816
42893737|10072825
42893738|10071819
42893739|10071820
42893740|10071909
42893741|10072623
42893742|42893742
42893743|10072270
42893744|42893744
42893745|10071065
42893746|10072253
42893747|10072254
42893748|42893748
42893749|10071291
42893750|10070811
42893751|10070812
42893752|10070848
42893753|10070849
42893754|10070850
42893755|10070862
42893756|10070958
42893757|10070801
42893758|10070853
42893759|42893759
42893760|10070688
42893761|42893761
42893762|10069605
42893763|10069531
42893764|10072110
42893765|10072115
42893766|42893766
42893767|10072214
42893768|10071870
42893769|10070947
42893770|10069416
42893771|42893771
42893772|42893772
42893773|10071876
42893774|42893774
42893775|10070777
42893776|10070778
42893777|42893777
42893778|10072663
42893779|42893779
42893780|10072088
42893781|10071744
42893782|10070529
42893783|42893783
42893784|10070242
42893785|42893785
42893786|42893786
42893787|42893787
42893788|10070322
42893789|10070779
42893790|42893790
42893791|10071898
42893792|42893792
42893793|10072687
42893794|42893794
42893795|10071731
42893796|42893796
42893797|10071555
42893798|42893798
42893799|42893799
42893800|10070820
42893801|10070821
42893802|10071839
42893803|10071836
42893804|42893804
42893805|42893805
42893806|42893806
42893807|10069653
42893808|42893808
42893809|10069453
42893810|10072194
42893811|42893811
42893812|10069710
42893813|42893813
42893814|42893814
42893815|10072241
42893816|10072242
42893817|10072243
42893818|10072244
42893819|10072245
42893820|42893820
42893821|10071799
42893822|42893822
42893823|10071862
42893824|10071901
42893825|42893825
42893826|42893826
42893827|10071312
42893828|10071867
42893829|10071897
42893830|10072211
42893831|10070501
42893832|42893832
42893833|10072556
42893834|42893834
42893835|10069513
42893836|10070802
42893837|42893837
42893838|42893838
42893839|42893839
42893840|10072815
42893841|10071924
42893842|42893842
42893843|10071852
42893844|42893844
42893845|42893845
42893846|10070660
42893847|42893847
42893848|42893848
42893849|10070661
42893850|10070663
42893851|10070657
42893852|10070658
42893853|10071858
42893854|42893854
42893855|10070662
42893856|10070792
42893857|10070807
42893858|10070808
42893859|10070188
42893860|10071704
42893861|10071705
42893862|10072824
42893863|42893863
42893864|42893864
42893865|42893865
42893866|10071868
42893867|10071812
42893868|10072674
42893869|10072675
42893870|10072826
42893871|10072364
42893872|42893872
42893873|10069814
42893874|42893874
42893875|10070868
42893876|42893876
42893877|10069507
42893878|10070724
42893879|10070725
42893880|10070726
42893881|10070427
42893882|10070428
42893883|10070429
42893884|10070433
42893885|10070434
42893886|42893886
42893887|10071104
42893888|10072593
42893889|10072594
42893890|42893890
42893891|42893891
42893892|42893892
42893893|42893893
42893894|10071277
42893895|10071280
42893896|10071281
42893897|10070466
42893898|42893898
42893899|10070582
42893900|10072315
42893901|42893901
42893902|10070702
42893903|10070566
42893904|42893904
42893905|10072121
42893906|10072567
42893907|10069344
42893908|42893908
42893909|42893909
42893910|42893910
42893911|42893911
42893912|42893912
42893913|42893913
42893914|10070870
42893915|10071006
42893916|42893916
42893917|42893917
42893918|42893918
42893919|42893919
42893920|10069928
42893921|10069929
42893922|42893922
42893923|42893923
42893924|42893924
42893925|10071361
42893926|42893926
42893927|42893927
42893928|42893928
42893929|10069697
42893930|42893930
42893931|42893931
42893932|10069834
42893933|42893933
42893934|10070978
42893935|42893935
42893936|42893936
42893937|42893937
42893938|42893938
42893939|10072354
42893940|42893940
42893941|10071678
42893942|10071680
42893943|10072130
42893944|42893944
42893945|42893945
42893946|42893946
42893947|42893947
42893948|42893948
42893949|42893949
42893950|42893950
42893951|42893951
42893952|10069346
42893953|42893953
42893954|42893954
42893955|42893955
42893956|10070761
42893957|42893957
42893958|10071002
42893959|42893959
42893960|10070244
42893961|42893961
42893962|42893962
42893963|42893963
42893964|10071201
42893965|42893965
42893966|10072823
42893967|42893967
42893968|42893968
42893969|10071785
42893970|10070284
42893971|10070285
42893972|42893972
42893973|10072028
42893974|42893974
42893975|42893975
42893976|42893976
42893977|42893977
42893978|42893978
42893979|10069354
42893980|10070303
42893981|42893981
42893982|42893982
42893983|10069570
42893984|42893984
42893985|10070921
42893986|10070922
42893987|10071916
42893988|10071108
42893989|10071109
42893990|10071089
42893991|42893991
42893992|10071037
42893993|10070467
42893994|10071040
42893995|42893995
42893996|10072330
42893997|10072331
42893998|10072344
42893999|42893999
42894000|10071103
42894001|42894001
42894002|10069527
42894003|42894003
42894004|10072443
42894005|42894005
42894006|10072248
42894007|42894007
42894008|10069543
42894009|42894009
42894010|10071124
42894011|42894011
42894012|10071147
42894013|10069591
42894014|10072695
42894015|10072696
42894016|10070576
42894017|42894017
42894018|10070318
42894019|10071240
42894020|10071241
42894021|10071431
42894022|10071432
42894023|10071433
42894024|42894024
42894025|10071767
42894026|10069766
42894027|10069770
42894028|10071099
42894029|10071100
42894030|42894030
42894031|10069544
42894032|42894032
42894033|10069545
42894034|42894034
42894035|10069547
42894036|42894036
42894037|10069593
42894038|42894038
42894039|10069594
42894040|42894040
42894041|10069589
42894042|42894042
42894043|10069564
42894044|42894044
42894045|10069567
42894046|42894046
42894047|10072099
42894048|42894048
42894049|10069628
42894050|42894050
42894051|10069629
42894052|10070189
42894053|42894053
42894054|10071768
42894055|10071769
42894056|10072657
42894057|42894057
42894058|42894058
42894059|10070320
42894060|42894060
42894061|10069757
42894062|42894062
42894063|10072835
42894064|42894064
42894065|10071810
42894066|10071811
42894067|10071818
42894068|42894068
42894069|10072310
42894070|42894070
42894071|42894071
42894072|42894072
42894073|10070977
42894074|42894074
42894075|42894075
42894076|42894076
42894077|10069438
42894078|42894078
42894079|42894079
42894080|10071446
42894081|10071110
42894082|42894082
42894083|10071877
42894084|10071817
42894085|42894085
42894086|42894086
42894087|42894087
42894088|42894088
42894089|10071447
42894090|10072145
42894091|10072146
42894092|42894092
42894093|42894093
42894094|10072843
42894095|42894095
42894096|42894096
42894097|42894097
42894098|42894098
42894099|42894099
42894100|10070543
42894101|42894101
42894102|10072100
42894103|10072086
42894104|42894104
42894105|10071036
42894106|10070722
42894107|42894107
42894108|10072087
42894109|42894109
42894110|10072836
42894111|10070502
42894112|10070503
42894113|10071551
42894114|42894114
42894115|42894115
42894116|42894116
42894117|10070605
42894118|42894118
42894119|10070239
42894120|42894120
42894121|10070966
42894122|10070996
42894123|42894123
42894124|42894124
42894125|42894125
42894126|42894126
42894127|42894127
42894128|42894128
42894129|42894129
42894130|10070731
42894131|42894131
42894132|10070734
42894133|42894133
42894134|10070735
42894135|42894135
42894136|42894136
42894137|42894137
42894138|10071567
42894139|42894139
42894140|10072230
42894141|10072236
42894142|42894142
42894143|42894143
42894144|42894144
42894145|10070183
42894146|42894146
42894147|42894147
42894148|42894148
42894149|42894149
42894150|42894150
42894151|10072568
42894152|42894152
42894153|10071515
42894154|10071525
42894155|10071526
42894156|10071527
42894157|10072639
42894158|42894158
42894159|42894159
42894160|42894160
42894161|42894161
42894162|42894162
42894163|42894163
42894164|42894164
42894165|42894165
42894166|10069637
42894167|42894167
42894168|10071123
42894169|42894169
42894170|10071102
42894171|10071130
42894172|10070764
42894173|42894173
42894174|10069506
42894175|42894175
42894176|42894176
42894177|42894177
42894178|10069411
42894179|42894179
42894180|10070638
42894181|42894181
42894182|42894182
42894183|10071268
43053687|10072990
43053688|10073080
43053689|10072988
43053690|10072986
43053691|10072985
43053692|10072987
43053693|10073304
43053694|10073321
43053695|10073308
43053696|10073310
43053697|10073299
43053698|10073316
43053699|10072981
43053700|10072983
43053701|10072989
43053702|10072984
43053703|10072982
43053704|10073479
43053705|10020244
43053706|10073535
43053707|10073534
43053708|10073478
43053709|10073480
43053710|10073485
43053711|10073533
43053712|10073481
43053713|10035222
43053714|10060406
43053715|10035226
43053716|10073132
43053717|10073133
43053718|10073391
43053719|10035501
43053720|10035502
43053721|10035503
43053722|10073493
43053723|10073492
43053724|10073008
43053725|10073153
43053726|10051747
43053727|10073150
43053728|10073149
43053729|10073148
43053730|10073151
43053731|10073484
43053732|10073356
43053733|10073066
43053734|10073380
43053735|10073455
43053736|10073032
43053737|10073206
43053738|10073228
43053739|10072942
43053740|10073490
43053741|10073472
43053742|10073489
43053743|10073487
43053744|10072941
43053745|10073212
43053746|10073152
43053747|10072978
43053748|10073470
43053749|10073207
43053750|10073456
43053751|10073217
43053752|10072939
43053753|10072927
43053754|10072928
43053755|10072929
43053756|10072930
43053757|10072883
43053758|10063202
43053759|10072959
43053760|10073354
43053761|10073500
43053762|10073331
43053763|10072892
43053764|10073086
43053765|10073338
43053766|10072909
43053767|10073179
43053768|10073172
43053769|10073294
43053770|10014165
43053771|10002240
43053772|10016935
43053773|10066136
43053774|10027105
43053775|10033701
43053776|10064121
43053777|10021065
43053778|10023643
43053779|10073423
43053780|10069093
43053781|10056476
43053782|10072890
43053783|10049714
43053784|10065309
43053785|10073530
43053786|10072877
43053787|10073486
43053788|10073514
43053789|10073166
43053790|10073286
43053791|10073169
43053792|10073422
43053793|10073394
43053794|10051589
43053795|10073395
43053796|10073372
43053797|10073457
43053798|10050114
43053799|10073558
43053800|10063587
43053801|10072969
43053802|10063850
43053803|10073413
43053804|10073412
43053805|10073414
43053806|10073415
43053807|10059203
43053808|10022052
43053809|10073418
43053810|10073459
43053811|10073174
43053812|10073214
43053813|10073215
43053814|10001150
43053815|10066896
43053816|10073358
43053817|10038019
43053818|10073359
43053819|10001167
43053820|10073360
43053821|10052360
43053822|10073361
43053823|10073373
43053824|10073362
43053825|10073369
43053826|10068068
43053827|10073370
43053828|10064055
43053829|10073371
43053830|10031096
43053831|10031104
43053832|10031112
43053833|10041857
43053834|10041865
43053835|10073363
43053836|10073364
43053837|10073365
43053838|10073366
43053839|10073367
43053840|10073368
43053841|10072853
43053842|10063881
43053843|10073156
43053844|10073157
43053845|10065347
43053846|10073300
43053847|10073301
43053848|10013682
43053849|10073167
43053850|10073070
43053851|10073073
43053852|10073074
43053853|10073071
43053854|10073508
43053855|10073257
43053856|10067266
43053857|10073509
43053858|10073209
43053859|10073176
43053860|10059193
43053861|10065051
43053862|10073072
43053863|10073347
43053864|10004585
43053865|10004589
43053866|10004633
43053867|10008593
43053868|10058286
43053869|10073067
43053870|10073068
43053871|10073069
43053872|10069484
43053873|10072867
43053874|10072950
43053875|10072878
43053876|10072931
43053877|10073170
43053878|10073245
43053879|10073244
43053880|10073246
43053881|10073016
43053882|10059176
43053883|10073229
43053884|10073006
43053885|10073333
43053886|10073030
43053887|10073031
43053888|10054236
43053889|10051190
43053890|10072902
43053891|10019953
43053892|10037370
43053893|10062515
43053894|10070757
43053895|10066251
43053896|10023413
43053897|10073355
43053898|10073352
43053899|10073329
43053900|10073520
43053901|10073496
43053902|10072970
43053903|10073162
43053904|10073513
43053905|10073306
43053906|10073305
43053907|10073309
43053908|10073311
43053909|10073302
43053910|10073303
43053911|10007269
43053912|10072996
43053913|10008164
43053914|10073007
43053915|10072934
43053916|10072936
43053917|10072935
43053918|10072933
43053919|10072932
43053920|10073317
43053921|10073318
43053922|10073205
43053923|10073085
43053924|10051076
43053925|10072894
43053926|10073168
43053927|10073417
43053928|10073411
43053929|10073416
43053930|10073439
43053931|10073353
43053932|10073053
43053933|10072851
43053934|10073519
43053935|10073516
43053936|10073518
43053937|10073517
43053938|10072871
43053939|10073406
43053940|10073407
43053941|10073453
43053942|10073447
43053943|10073448
43053944|10073449
43053945|10073284
43053946|10073283
43053947|10073282
43053948|10073173
43053949|10073178
43053950|10073222
43053951|10073182
43053952|10073165
43053953|10073164
43053954|10073408
43053955|10072857
43053956|10072854
43053957|10072856
43053958|10072855
43053959|10073323
43053960|10073322
43053961|10072872
43053962|10073405
43053963|10072963
43053964|10072962
43053965|10073542
43053966|10072866
43053967|10073454
43053968|10073290
43053969|10073291
43053970|10073248
43053971|10073249
43053972|10073243
43053973|10073452
43053974|10072886
43053975|10072887
43053976|10072888
43053977|10072924
43053978|10073042
43053979|10073041
43053980|43053980
43053981|43053981
43053982|43053982
43053983|10073536
43053984|43053984
43053985|43053985
43053986|10073384
43053987|10073388
43053988|43053988
43053989|10073483
43053990|10073023
43053991|43053991
43053992|43053992
43053993|43053993
43053994|10073197
43053995|43053995
43053996|10073468
43053997|43053997
43053998|43053998
43053999|10073539
43054000|10073254
43054001|43054001
43054002|10073482
43054003|10072923
43054004|10072893
43054005|10073216
43054006|10072869
43054007|10073034
43054008|43054008
43054009|10072868
43054010|10072870
43054011|43054011
43054012|10073473
43054013|10073223
43054014|10073055
43054015|10073056
43054016|10073057
43054017|10073059
43054018|10073334
43054019|10060121
43054020|10073213
43054021|10073028
43054022|10073543
43054023|10073544
43054024|10065907
43054025|10073128
43054026|10073131
43054027|10073127
43054028|10073130
43054029|10034590
43054030|10073129
43054031|10058955
43054032|10017701
43054033|10039667
43054034|10073381
43054035|10073389
43054036|10073251
43054037|10044426
43054038|10073419
43054039|10073181
43054040|10073180
43054041|10073050
43054042|10073491
43054043|10014720
43054044|10048397
43054045|10073266
43054046|10073267
43054047|10073258
43054048|10073270
43054049|10073260
43054050|10073261
43054051|10073262
43054052|10073263
43054053|10073264
43054054|10073265
43054055|10073259
43054056|10054912
43054057|10054914
43054058|10073268
43054059|10073269
43054060|10054913
43054061|10041866
43054062|10072943
43054063|10072944
43054064|10072903
43054065|10073292
43054066|10073488
43054067|10073175
43054068|10065349
43054069|10041875
43054070|10063536
43054071|10034299
43054072|10059631
43054073|10071119
43054074|10062904
43054075|10073115
43054076|10073116
43054077|10073124
43054078|10024407
43054079|10073117
43054080|10073118
43054081|10073119
43054082|10073120
43054083|10073121
43054084|10073285
43054085|10073236
43054086|10072998
43054087|10041849
43054088|10023856
43054089|10023774
43054090|10041826
43054091|10073324
43054092|10073325
43054093|10073328
43054094|10073344
43054095|10072997
43054096|10073177
43054097|10073330
43054098|10073332
43054099|10073471
43054100|10034811
43054101|10066471
43054102|10041067
43054103|10029488
43054104|10073088
43054105|10073087
43054106|10072891
43054107|10057070
43054108|10054115
43054109|10023848
43054110|10072926
43054111|10073538
43054112|10073230
43054113|10013913
43054114|10058898
43054115|10072955
43054116|10073450
43054117|10073409
43054118|10073226
43054119|10049122
43054120|10027146
43054121|10072874
43054122|10073224
43054123|10073225
43054124|10072858
43054125|10072859
43054126|10073451
43054127|10073410
43054128|10072956
43054129|10073210
43054130|10073211
43054131|10073183
43054132|10073081
43054133|10073420
43054134|10073421
43054135|10073474
43054136|10073475
43054137|10073515
43054138|10073029
43054139|10073235
43054140|10073171
43054141|10072889
43054142|10073027
43054143|10072882
43054144|10072881
43054145|10073238
43054146|10073242
43054147|10073346
43054148|10073345
43054149|10072915
43054150|10073293
43054151|10065867
43054152|10073062
43054153|10005949
43054154|10073106
43054155|10073140
43054156|10073135
43054157|10073063
43054158|10065868
43054159|10073064
43054160|10073024
43054161|10072968
43054162|10073501
43054163|10073048
43054164|10073047
43054165|10073499
43054166|10073033
43054167|10073134
43054168|10073142
43054169|10025557
43054170|10073141
43054171|10073136
43054172|10066948
43054173|10073137
43054174|10031291
43054175|10073107
43054176|10073144
43054177|10073138
43054178|10073143
43054179|10073139
43054180|10073065
43054181|10073145
43054182|10072960
43054183|10072953
43054184|10073458
43054185|10072964
43054186|10073232
43054187|10073541
43054188|10072952
43054189|10066206
43054190|10065430
43054191|10073540
43054192|10073094
43054193|10073095
43054194|10073096
43054195|10073098
43054196|10073099
43054197|10027095
43054198|10073100
43054199|10073101
43054200|10073103
43054201|10070577
43054202|10033364
43054203|10073104
43054204|10051537
43054205|10072900
43054206|43054206
43054207|43054207
43054208|43054208
43054209|10073374
43054210|10073375
43054211|43054211
43054212|43054212
43054213|43054213
43054214|43054214
43054215|10073288
43054216|43054216
43054217|43054217
43054218|43054218
43054219|43054219
43054220|43054220
43054221|10073040
43054222|43054222
43054223|10073195
43054224|43054224
43054225|43054225
43054226|10073446
43054227|43054227
43054228|10073400
43054229|43054229
43054230|10073401
43054231|43054231
43054232|10073505
43054233|10073506
43054234|43054234
43054235|43054235
43054236|43054236
43054237|43054237
43054238|43054238
43054239|43054239
43054240|43054240
43054241|43054241
43054242|10073397
43054243|10073398
43054244|10073399
43054245|10073403
43054246|10073404
43054247|10073392
43054248|10072992
43054249|43054249
43054250|10073376
43054251|10073377
43054252|10073378
43054253|10073504
43054254|10072971
43054255|43054255
43054256|10073379
43054257|10073188
43054258|10073199
43054259|10073201
43054260|10073202
43054261|10073186
43054262|10073502
43054263|10073507
43054264|43054264
43054265|43054265
43054266|43054266
43054267|10073351
43054268|43054268
43054269|43054269
43054270|43054270
43054271|43054271
43054272|43054272
43054273|43054273
43054274|43054274
43054275|43054275
43054276|43054276
43054277|43054277
43054278|10073154
43054279|43054279
43054280|10073155
43054281|10072972
43054282|10072974
43054283|43054283
43054284|10073203
43054285|43054285
43054286|10073187
43054287|43054287
43054288|43054288
43054289|10073497
43054290|43054290
43054291|10073192
43054292|43054292
43054293|43054293
43054294|43054294
43054295|43054295
43054296|10072979
43054297|10073350
43054298|43054298
43054299|10073221
43054300|43054300
43054301|43054301
43054302|43054302
43054303|43054303
43054304|43054304
43054305|43054305
43054306|10072875
43054307|43054307
43054308|10073234
43054309|10073498
43054310|10073035
43054311|43054311
43054312|43054312
43054313|43054313
43054314|10073038
43054315|43054315
43054316|10072910
43054317|10072911
43054318|43054318
43054319|43054319
43054320|10073208
43054321|43054321
43054322|43054322
43054323|10072908
43054324|43054324
43054325|10073163
43054326|43054326
43054327|10073247
43054328|43054328
43054329|10072899
43054330|10073239
43054331|10073466
43054332|10073383
43054333|10073219
43054334|10073465
43054335|43054335
43054336|43054336
43054337|10073307
43054338|43054338
43054339|10072975
43054340|43054340
43054341|10073287
43054342|10072965
43054343|10072966
43054344|43054344
43054345|10073158
43054346|10073521
43054347|10073522
43054348|43054348
43054349|10072905
43054350|43054350
43054351|10073218
43054352|43054352
43054353|10073010
43054354|43054354
43054355|10073193
43054356|10073054
43054357|10073011
43054358|10072937
43054359|43054359
43054360|43054360
43054361|43054361
43054362|10073037
43054363|10073075
43054364|10073077
43054365|10073078
43054366|10073079
43054367|43054367
43054368|43054368
43054369|43054369
43054370|43054370
43054371|43054371
43054372|43054372
43054373|43054373
43054374|43054374
43054375|43054375
43054376|43054376
43054377|43054377
43054378|10073076
43054379|10073464
43054380|43054380
43054381|43054381
43054382|43054382
43054383|10073559
43054384|43054384
43054385|10073437
43054386|43054386
43054387|10073441
43054388|43054388
43054389|10073435
43054390|10073440
43054391|10073436
43054392|43054392
43054393|43054393
43054394|10073434
43054395|10072994
43054396|10073438
43054397|43054397
43054398|43054398
43054399|43054399
43054400|43054400
43054401|10073443
43054402|10073462
43054403|43054403
43054404|10073013
43054405|43054405
43054406|43054406
43054407|10072973
43054408|43054408
43054409|10073348
43054410|10073281
43054411|43054411
43054412|10073003
43054413|10073000
43054414|10073001
43054415|43054415
43054416|10073004
43054417|10073005
43054418|10073253
43054419|10073002
43054420|43054420
43054421|43054421
43054422|43054422
43054423|43054423
43054424|43054424
43054425|10072951
43054426|10073512
43054427|43054427
43054428|10072884
43054429|10072885
43054430|10073160
43054431|43054431
43054432|43054432
43054433|43054433
43054434|43054434
43054435|10072938
43054436|10073511
43054437|10072917
43054438|10073357
43054439|43054439
43054440|10073525
43054441|10073526
43054442|10073159
43054443|10073382
43054444|10073476
43054445|43054445
43054446|10073510
43054447|10073424
43054448|10073548
43054449|43054449
43054450|10073425
43054451|10073426
43054452|43054452
43054453|10073554
43054454|10073556
43054455|10073555
43054456|10073427
43054457|10073017
43054458|10073018
43054459|10073019
43054460|10073020
43054461|10073021
43054462|10073022
43054463|43054463
43054464|43054464
43054465|43054465
43054466|43054466
43054467|43054467
43054468|10073295
43054469|43054469
43054470|10073297
43054471|10073296
43054472|43054472
43054473|43054473
43054474|43054474
43054475|43054475
43054476|43054476
43054477|43054477
43054478|43054478
43054479|10073428
43054480|43054480
43054481|10072925
43054482|43054482
43054483|43054483
43054484|43054484
43054485|43054485
43054486|10073429
43054487|43054487
43054488|10073430
43054489|43054489
43054490|43054490
43054491|10073545
43054492|10073547
43054493|10073546
43054494|43054494
43054495|10073553
43054496|10073557
43054497|43054497
43054498|10073552
43054499|43054499
43054500|10073549
43054501|10073431
43054502|10073045
43054503|10073046
43054504|10073113
43054505|10073114
43054506|10073550
43054507|43054507
43054508|43054508
43054509|10072860
43054510|43054510
43054511|10072862
43054512|43054512
43054513|10072861
43054514|10073043
43054515|10073044
43054516|10073111
43054517|10073112
43054518|10073432
43054519|43054519
43054520|43054520
43054521|43054521
43054522|43054522
43054523|43054523
43054524|43054524
43054525|43054525
43054526|43054526
43054527|10073551
43054528|43054528
43054529|43054529
43054530|10072863
43054531|43054531
43054532|10072864
43054533|43054533
43054534|43054534
43054535|43054535
43054536|10072852
43054537|43054537
43054538|43054538
43054539|43054539
43054540|43054540
43054541|10073200
43054542|43054542
43054543|10073341
43054544|43054544
43054545|10073082
43054546|10073083
43054547|10073342
43054548|43054548
43054549|43054549
43054550|10073523
43054551|10073524
43054552|43054552
43054553|43054553
43054554|43054554
43054555|10073393
43054556|10072895
43054557|10072904
43054558|43054558
43054559|10073051
43054560|10073198
43054561|10072922
43054562|43054562
43054563|10073227
43054564|10073009
43054565|10072921
43054566|10073349
43054567|10072920
43054568|10073460
43054569|10073467
43054570|10073433
43054571|43054571
43054572|10073319
43054573|10073320
43054574|43054574
43054575|43054575
43054576|43054576
43054577|10072873
43054578|43054578
43054579|43054579
43054580|10073312
43054581|10073313
43054582|10073314
43054583|10073315
43054584|10073336
43054585|43054585
43054586|43054586
43054587|10073337
43054588|43054588
43054589|10073014
43054590|10073015
43054591|10072976
43054592|10072977
43054593|10073012
43054594|10073161
43054595|43054595
43054596|43054596
43054597|43054597
43054598|43054598
43054599|43054599
43054600|43054600
43054601|43054601
43054602|43054602
43054603|10072945
43054604|10072946
43054605|10072948
43054606|43054606
43054607|43054607
43054608|43054608
43054609|43054609
43054610|43054610
43054611|10073442
43054612|43054612
43054613|43054613
43054614|43054614
43054615|10073386
43054616|43054616
43054617|10073537
43054618|10073252
43054619|43054619
43054620|10073326
43054621|10073495
43054622|43054622
43054623|10073327
43054624|43054624
43054625|43054625
43054626|10072918
43054627|10072919
43054628|43054628
43054629|43054629
43054630|10073276
43054631|43054631
43054632|10073277
43054633|43054633
43054634|10073271
43054635|43054635
43054636|10073278
43054637|43054637
43054638|10073273
43054639|43054639
43054640|10073274
43054641|10073089
43054642|10073090
43054643|10073092
43054644|10073093
43054645|10072991
43054646|10073058
43054647|10073061
43054648|43054648
43054649|43054649
43054650|10073275
43054651|10073279
43054652|10073280
43054653|43054653
43054654|43054654
43054655|43054655
43054656|10073091
43054657|43054657
43054658|10072940
43054659|43054659
43054660|10073060
43054661|43054661
43054662|10073147
43054663|43054663
43054664|43054664
43054665|43054665
43054666|10073272
43054667|43054667
43054668|43054668
43054669|43054669
43054670|10073231
43054671|43054671
43054672|10073084
43054673|43054673
43054674|10073444
43054675|43054675
43054676|43054676
43054677|10073335
43054678|10073528
43054679|43054679
43054680|10073445
43054681|10073233
43054682|10073122
43054683|10073123
43054684|43054684
43054685|43054685
43054686|10073503
43054687|43054687
43054688|43054688
43054689|43054689
43054690|43054690
43054691|43054691
43054692|10073125
43054693|43054693
43054694|43054694
43054695|10073250
43054696|43054696
43054697|43054697
43054698|10073126
43054699|10073240
43054700|43054700
43054701|43054701
43054702|43054702
43054703|43054703
43054704|43054704
43054705|10073108
43054706|43054706
43054707|43054707
43054708|43054708
43054709|43054709
43054710|43054710
43054711|43054711
43054712|43054712
43054713|43054713
43054714|10073110
43054715|43054715
43054716|43054716
43054717|43054717
43054718|43054718
43054719|10073109
43054720|43054720
43054721|10073146
43054722|43054722
43054723|43054723
43054724|43054724
43054725|43054725
43054726|43054726
43054727|43054727
43054728|10072961
43054729|43054729
43054730|10073039
43054731|10073461
43054732|10073532
43054733|10073289
43054734|43054734
43054735|43054735
43054736|43054736
43054737|10073102
43054738|43054738
43054739|10073105
43054740|43054740
43054741|43054741
43054742|43054742
43054743|43054743
43054744|10072912
43054745|10072980
43054746|43054746
43054747|43054747
43054748|43054748
43054749|43054749
43054750|10073097
43054751|43054751
43054752|43054752
43054753|43054753
43054754|43054754
43054755|43054755
43054756|43054756
43054757|43054757
43054758|43054758
43054759|43054759
43054760|43054760
43054761|43054761
43054762|10073463
43054763|43054763
43054764|10073204
43054765|10073036
43054766|43054766
43054767|43054767
43054768|10072880
43054769|10072954
43054770|10072879
43054771|43054771
43054772|43054772
43054773|43054773
43054774|43054774
43054775|43054775
43054776|43054776
43054777|43054777
43054778|43054778
43054779|10073026
43054780|10073025
43054781|10073527
43054782|10072993
43054783|10072995
43054784|43054784
43054785|10073196
43054786|43054786
43054787|10073343
43054788|43054788
43054789|43054789
43054790|10073052
43054791|10072898
43054792|43054792
43054793|43054793
43054794|43054794
43054795|43054795
43054796|10072897
43054797|10072916
43054798|10072906
43054799|10072907
43054800|10072901
43054801|10073184
43054802|10073185
43054803|10073255
43054804|10073256
43054805|10073189
43054806|10072896
43054807|43054807
43054808|43054808
43054809|43054809
43054810|43054810
43054811|10073220
43054812|43054812
43054813|10073049
43054814|43054814
43054815|43054815
43054816|43054816
43054817|10073396
43054818|10073402
43054819|43054819
43054820|43054820
43054821|10073390
43054822|43054822
43054823|43054823
43054824|10073298
43054825|43054825
43054826|43054826
43054827|10073237
43054828|10073529
43054829|10072967
43054830|43054830
43054831|10073531
43054832|10073339
43054833|43054833
43054834|10072999
43054835|43054835
43054836|43054836
43054837|10072957
43054838|10072958
43054839|43054839
43054840|10072865
43054841|10073494
43054842|43054842
43054843|43054843
43054844|10073190
43054845|10073191
43054846|43054846
43054847|43054847
43054848|43054848
43054849|10072947
43054850|10072949
43054851|10073477
43054852|10072913
43054853|43054853
43054854|43054854
43054855|10073340
43054856|10072876
43054857|43054857
43054858|43054858
43054859|10073469
43054860|43054860
43054861|10072914
43054862|43054862
43054863|10073387
43054864|10073241
43054865|43054865
43054866|43054866
43054867|10073194
43561951|43561951
43561952|43561952
43561953|43561953
43561954|43561954
43561955|43561955
43561956|43561956
43561957|10073566
43561958|10073567
43561959|10073568
43561960|10073569
43561961|10073570
43561962|10073571
43561963|10073572
43561964|43561964
43561965|43561965
43561966|10073575
43561967|10073576
43561968|10073577
43561969|43561969
43561970|43561970
43561971|43561971
43561972|43561972
43561973|43561973
43561974|10073583
43561975|10073584
43561976|10073585
43561977|10073586
43561978|10073587
43561979|10073588
43561980|10073589
43561981|10073590
43561982|10073591
43561983|43561983
43561984|10073593
43561985|43561985
43561986|10073595
43561987|43561987
43561988|43561988
43561989|43561989
43561990|43561990
43561991|10073600
43561992|43561992
43561993|43561993
43561994|43561994
43561995|43561995
43561996|43561996
43561997|43561997
43561998|43561998
43561999|43561999
43562000|43562000
43562001|43562001
43562002|43562002
43562003|43562003
43562004|43562004
43562005|43562005
43562006|43562006
43562007|43562007
43562008|43562008
43562009|43562009
43562010|43562010
43562011|43562011
43562012|43562012
43562013|43562013
43562014|43562014
43562015|43562015
43562016|43562016
43562017|43562017
43562018|43562018
43562019|43562019
43562020|43562020
43562021|43562021
43562022|10073631
43562023|10073632
43562024|10073633
43562025|10073634
43562026|10073635
43562027|10073636
43562028|10073637
43562029|10073638
43562030|10073639
43562031|10073640
43562032|10073641
43562033|10073642
43562034|10073643
43562035|10073644
43562036|10073645
43562037|10073646
43562038|10073647
43562039|10073648
43562040|10073649
43562041|10073650
43562042|10073651
43562043|43562043
43562044|43562044
43562045|43562045
43562046|43562046
43562047|10073656
43562048|10073657
43562049|10073658
43562050|43562050
43562051|43562051
43562052|43562052
43562053|10073662
43562054|10073663
43562055|10073664
43562056|10073665
43562057|10073666
43562058|43562058
43562059|10073668
43562060|10073669
43562061|43562061
43562062|10073671
43562063|10073672
43562064|10073673
43562065|10073674
43562066|10073675
43562067|43562067
43562068|43562068
43562069|43562069
43562070|43562070
43562071|43562071
43562072|43562072
43562073|10073682
43562074|10073683
43562075|10073684
43562076|10073685
43562077|10073686
43562078|10073687
43562079|10073688
43562080|43562080
43562081|43562081
43562082|43562082
43562083|43562083
43562084|10073693
43562085|43562085
43562086|10073695
43562087|43562087
43562088|43562088
43562089|43562089
43562090|43562090
43562091|43562091
43562092|43562092
43562093|43562093
43562094|43562094
43562095|10073704
43562096|10073705
43562097|43562097
43562098|43562098
43562099|43562099
43562100|10073709
43562101|10073710
43562102|10073711
43562103|43562103
43562104|43562104
43562105|43562105
43562106|43562106
43562107|43562107
43562108|10073717
43562109|10073718
43562110|43562110
43562111|43562111
43562112|43562112
43562113|10073722
43562114|43562114
43562115|43562115
43562116|43562116
43562117|43562117
43562118|43562118
43562119|10073728
43562120|10073729
43562121|10073730
43562122|10073731
43562123|43562123
43562124|10073733
43562125|43562125
43562126|10073735
43562127|43562127
43562128|10073737
43562129|43562129
43562130|43562130
43562131|43562131
43562132|43562132
43562133|43562133
43562134|10073743
43562135|10073744
43562136|43562136
43562137|43562137
43562138|10073747
43562139|10073748
43562140|43562140
43562141|10073750
43562142|43562142
43562143|43562143
43562144|43562144
43562145|10073754
43562146|43562146
43562147|43562147
43562148|10073757
43562149|43562149
43562150|43562150
43562151|43562151
43562152|10073761
43562153|10073762
43562154|10073763
43562155|10073764
43562156|10073765
43562157|10073766
43562158|43562158
43562159|43562159
43562160|10073769
43562161|43562161
43562162|43562162
43562163|43562163
43562164|10073773
43562165|43562165
43562166|43562166
43562167|43562167
43562168|10073777
43562169|10073778
43562170|43562170
43562171|10073780
43562172|43562172
43562173|43562173
43562174|43562174
43562175|10073784
43562176|43562176
43562177|10073786
43562178|10073787
43562179|10073788
43562180|10073789
43562181|10073790
43562182|10073791
43562183|10073792
43562184|10073793
43562185|10073794
43562186|10073795
43562187|10073796
43562188|10073797
43562189|10073798
43562190|10073799
43562191|10073800
43562192|10073801
43562193|10073802
43562194|10073803
43562195|10073804
43562196|10073805
43562197|10073806
43562198|10073807
43562199|10073808
43562200|10073809
43562201|10073810
43562202|10073811
43562203|10073812
43562204|10073813
43562205|10073814
43562206|10073815
43562207|10073816
43562208|10073817
43562209|10073818
43562210|10073819
43562211|10073820
43562212|10073821
43562213|10073822
43562214|10073823
43562215|10073824
43562216|10073825
43562217|10073826
43562218|10073827
43562219|10073828
43562220|10073829
43562221|10073830
43562222|10073831
43562223|10073832
43562224|10073833
43562225|10073834
43562226|10073835
43562227|10073836
43562228|10073837
43562229|10073838
43562230|10073839
43562231|10073840
43562232|10073841
43562233|10073842
43562234|10073843
43562235|10073844
43562236|10073845
43562237|10073846
43562238|10073847
43562239|10073848
43562240|10073849
43562241|10073850
43562242|43562242
43562243|43562243
43562244|43562244
43562245|43562245
43562246|43562246
43562247|43562247
43562248|43562248
43562249|43562249
43562250|10073859
43562251|10073860
43562252|10073861
43562253|10073862
43562254|10073863
43562255|10073864
43562256|10073865
43562257|10073866
43562258|10073867
43562259|10073868
43562260|10073869
43562261|10073870
43562262|10073871
43562263|10073872
43562264|10073873
43562265|10073874
43562266|10073875
43562267|10073876
43562268|10073877
43562269|10073878
43562270|10073879
43562271|10073880
43562272|10073881
43562273|10073882
43562274|10073883
43562275|10073884
43562276|10073885
43562277|10073886
43562278|10073887
43562279|10073888
43562280|10073889
43562281|10073890
43562282|10073891
43562283|10073892
43562284|10073893
43562285|10073894
43562286|10073895
43562287|10073896
43562288|10073897
43562289|10073898
43562290|10073899
43562291|10073900
43562292|10073901
43562293|10073902
43562294|10073903
43562295|10073904
43562296|10073905
43562297|10073906
43562298|10073907
43562299|10073908
43562300|10073909
43562301|10073910
43562302|10073911
43562303|10073912
43562304|10073913
43562305|10073914
43562306|10073915
43562307|10073916
43562308|10073917
43562309|10073918
43562310|10073919
43562311|10073920
43562312|10073921
43562313|10073922
43562314|10073923
43562315|10073924
43562316|10073925
43562317|10073926
43562318|10073927
43562319|43562319
43562320|43562320
43562321|43562321
43562322|43562322
43562323|10073932
43562324|10073933
43562325|10073934
43562326|10073935
43562327|10073936
43562328|10073937
43562329|43562329
43562330|10073939
43562331|10073940
43562332|43562332
43562333|43562333
43562334|43562334
43562335|10073944
43562336|43562336
43562337|43562337
43562338|43562338
43562339|10073948
43562340|10073949
43562341|10073950
43562342|10073951
43562343|43562343
43562344|10073953
43562345|43562345
43562346|10073955
43562347|43562347
43562348|43562348
43562349|43562349
43562350|10073959
43562351|43562351
43562352|10073961
43562353|10073962
43562354|10073963
43562355|43562355
43562356|43562356
43562357|10073966
43562358|10073967
43562359|10073968
43562360|10073969
43562361|10073970
43562362|10073971
43562363|10073972
43562364|10073973
43562365|10073974
43562366|10073975
43562367|43562367
43562368|43562368
43562369|43562369
43562370|43562370
43562371|43562371
43562372|10073981
43562373|10073982
43562374|10073983
43562375|10073984
43562376|10073985
43562377|43562377
43562378|10073987
43562379|10073988
43562380|43562380
43562381|43562381
43562382|43562382
43562383|43562383
43562384|43562384
43562385|43562385
43562386|43562386
43562387|43562387
43562388|43562388
43562389|43562389
43562390|43562390
43562391|43562391
43562392|43562392
43562393|43562393
43562394|43562394
43562395|43562395
43562396|43562396
43562397|43562397
43562398|43562398
43562399|43562399
43562400|43562400
43562401|43562401
43562402|43562402
43562403|43562403
43562404|43562404
43562405|43562405
43562406|43562406
43562407|10074016
43562408|10074017
43562409|10074018
43562410|10074019
43562411|10074020
43562412|10074021
43562413|10074022
43562414|10074023
43562415|10074024
43562416|10074025
43562417|43562417
43562418|43562418
43562419|43562419
43562420|10074029
43562421|10074030
43562422|10074031
43562423|10074032
43562424|10074033
43562425|10074034
43562426|10074035
43562427|10074036
43562428|10074037
43562429|10074038
43562430|10074039
43562431|10074040
43562432|10074041
43562433|10074042
43562434|10074043
43562435|10074044
43562436|10074045
43562437|10074046
43562438|10074047
43562439|10074048
43562440|10074049
43562441|10074050
43562442|10074051
43562443|43562443
43562444|43562444
43562445|43562445
43562446|10074055
43562447|10074056
43562448|43562448
43562449|10074058
43562450|10074059
43562451|10074060
43562452|43562452
43562453|10074062
43562454|43562454
43562455|10074064
43562456|43562456
43562457|43562457
43562458|43562458
43562459|43562459
43562460|43562460
43562461|10074070
43562462|10074071
43562463|43562463
43562464|43562464
43562465|43562465
43562466|10074075
43562467|10074076
43562468|43562468
43562469|10074078
43562470|43562470
43562471|43562471
43562472|10074081
43562473|10074082
43562474|10074083
43562475|43562475
43562476|10074085
43562477|10074086
43562478|10074087
43562479|10074088
43562480|10074089
43562481|10074090
43562482|10074091
43562483|10074092
43562484|10074093
43562485|10074094
43562486|10074095
43562487|10074096
43562488|10074097
43562489|10074098
43562490|10074099
43562491|10074100
43562492|10074101
43562493|10074102
43562494|10074103
43562495|10074104
43562496|10074105
43562497|10074106
43562498|10074107
43562499|10074108
43562500|10074109
43562501|10074110
43562502|10074111
43562503|10074112
43562504|10074113
43562505|10074114
43562506|10074115
43562507|10074116
43562508|10074117
43562509|10074118
43562510|10074119
43562511|10074120
43562512|10074121
43562513|10074122
43562514|10074123
43562515|10074124
43562516|10074125
43562517|10074126
43562518|10074127
43562519|10074128
43562520|10074129
43562521|10074130
43562522|10074131
43562523|10074132
43562524|10074133
43562525|10074134
43562526|10074135
43562527|10074136
43562528|10074137
43562529|10074138
43562530|10074139
43562531|10074140
43562532|10074141
43562533|10074142
43562534|10074143
43562535|10074144
43562536|10074145
43562537|10074146
43562538|10074147
43562539|43562539
43562540|10074149
43562541|43562541
43562542|43562542
43562543|10074152
43562544|10074153
43562545|10074154
43562546|10074155
43562547|10074156
43562548|10074157
43562549|43562549
43562550|43562550
43562551|43562551
43562552|10074161
43562553|43562553
43562554|43562554
43562555|10074164
43562556|10074165
43562557|10074166
43562558|10074167
43562559|43562559
43562560|43562560
43562561|43562561
43562562|43562562
43562563|43562563
43562564|43562564
43562565|43562565
43562566|10074175
43562567|10074176
43562568|10074177
43562569|10074178
43562570|10074179
43562571|43562571
43562572|43562572
43562573|43562573
43562574|43562574
43562575|43562575
43562576|43562576
43562577|43562577
43562578|43562578
43562579|10074188
43562580|10074189
43562581|10074190
43562582|10074191
43562583|10074192
43562584|10074193
43562585|10074194
43562586|10074195
43562587|10074196
43562588|10074197
43562589|10074198
43562590|10074199
43562591|10074200
43562592|10074201
43562593|10074202
43562594|10074203
43562595|10074204
43562596|10074205
43562597|10074206
43562598|10074207
43562599|10074208
43562600|10074209
43562601|10074210
43562602|10074211
43562603|10074212
43562604|10074213
43562605|10074214
43562606|10074215
43562607|43562607
43562608|43562608
43562609|43562609
43562610|43562610
43562611|43562611
43562612|43562612
43562613|10074222
43562614|10074223
43562615|10074224
43562616|10074225
43562617|10074226
43562618|10074227
43562619|10074228
43562620|10074229
43562621|10074230
43562622|10074231
43562623|10074232
43562624|10074233
43562625|10074234
43562626|10074235
43562627|10074236
43562628|10074237
43562629|43562629
43562630|43562630
43562631|43562631
43562632|43562632
43562633|43562633
43562634|43562634
43562635|43562635
43562636|43562636
43562637|43562637
43562638|43562638
43562639|43562639
43562640|43562640
43562641|43562641
43562642|43562642
43562643|43562643
43562644|43562644
43562645|43562645
43562646|10074255
43562647|10074256
43562648|10074257
43562649|10074258
43562650|43562650
43562651|10074260
43562652|10074261
43562653|10074262
43562654|10074263
43562655|43562655
43562656|10074265
43562657|43562657
43562658|43562658
43562659|43562659
43562660|43562660
43562661|43562661
43562662|10074271
43562663|10074272
43562664|10074273
43562665|10074274
43562666|10074275
43562667|10074276
43562668|10074277
43562669|10074278
43562670|10074279
43562671|10074280
43562672|10074281
43562673|10074282
43562674|43562674
43562675|43562675
43562676|10074285
43562677|10074286
43562678|10074287
43562679|10074288
43562680|10074289
43562681|10074290
43562682|10074291
43562683|10074292
43562684|43562684
43562685|10074294
43562686|10074295
43562687|10074296
43562688|43562688
43562689|10074298
43562690|10074299
43562691|43562691
43562692|43562692
43562693|43562693
43562694|43562694
43562695|43562695
43562696|43562696
43562697|10002976
43562698|10009926
43562699|10012118
43562700|10014025
43562701|10016056
43562702|10017107
43562703|10019956
43562704|10022158
43562705|10025412
43562706|10027627
43562707|10030012
43562708|10030865
43562709|10035763
43562710|10047095
43562711|10048602
43562712|10050162
43562713|10050164
43562714|10050217
43562715|10053090
43562716|10058105
43562717|10060476
43562718|10065046
43562719|10073385
43562720|10073560
43562721|10073561
43562722|10073562
43562723|10073563
43562724|10073564
43562725|10073565
43562726|10073573
43562727|10073574
43562728|10073578
43562729|10073579
43562730|10073580
43562731|10073581
43562732|10073582
43562733|10073592
43562734|10073594
43562735|10073596
43562736|10073597
43562737|10073598
43562738|10073599
43562739|10073601
43562740|10073602
43562741|10073603
43562742|10073604
43562743|10073605
43562744|10073606
43562745|10073607
43562746|10073608
43562747|10073609
43562748|10073610
43562749|10073611
43562750|10073612
43562751|10073613
43562752|10073614
43562753|10073615
43562754|10073616
43562755|10073617
43562756|10073618
43562757|10073619
43562758|10073620
43562759|10073621
43562760|10073622
43562761|10073623
43562762|10073624
43562763|10073625
43562764|10073626
43562765|10073627
43562766|10073628
43562767|10073629
43562768|10073630
43562769|10073652
43562770|10073653
43562771|10073654
43562772|10073655
43562773|10073659
43562774|10073660
43562775|10073661
43562776|10073667
43562777|10073670
43562778|10073676
43562779|10073677
43562780|10073678
43562781|10073679
43562782|10073680
43562783|10073681
43562784|10073689
43562785|10073690
43562786|10073691
43562787|10073692
43562788|10073694
43562789|10073696
43562790|10073697
43562791|10073698
43562792|10073699
43562793|10073700
43562794|10073701
43562795|10073702
43562796|10073703
43562797|10073706
43562798|10073707
43562799|10073708
43562800|10073712
43562801|10073713
43562802|10073714
43562803|10073715
43562804|10073716
43562805|10073719
43562806|10073720
43562807|10073721
43562808|10073723
43562809|10073724
43562810|10073725
43562811|10073726
43562812|10073727
43562813|10073732
43562814|10073734
43562815|10073736
43562816|10073738
43562817|10073739
43562818|10073740
43562819|10073741
43562820|10073742
43562821|10073745
43562822|10073746
43562823|10073749
43562824|10073751
43562825|10073752
43562826|10073753
43562827|10073755
43562828|10073756
43562829|10073758
43562830|10073759
43562831|10073760
43562832|10073767
43562833|10073768
43562834|10073770
43562835|10073771
43562836|10073772
43562837|10073774
43562838|10073775
43562839|10073776
43562840|10073779
43562841|10073781
43562842|10073782
43562843|10073783
43562844|10073785
43562845|10073851
43562846|10073852
43562847|10073853
43562848|10073854
43562849|10073855
43562850|10073856
43562851|10073857
43562852|10073858
43562853|10073928
43562854|10073929
43562855|10073930
43562856|10073931
43562857|10073938
43562858|10073941
43562859|10073942
43562860|10073943
43562861|10073945
43562862|10073946
43562863|10073947
43562864|10073952
43562865|10073954
43562866|10073956
43562867|10073957
43562868|10073958
43562869|10073960
43562870|10073964
43562871|10073965
43562872|10073976
43562873|10073977
43562874|10073978
43562875|10073979
43562876|10073980
43562877|10073986
43562878|10073989
43562879|10073990
43562880|10073991
43562881|10073992
43562882|10073993
43562883|10073994
43562884|10073995
43562885|10073996
43562886|10073997
43562887|10073998
43562888|10073999
43562889|10074000
43562890|10074001
43562891|10074002
43562892|10074003
43562893|10074004
43562894|10074005
43562895|10074006
43562896|10074007
43562897|10074008
43562898|10074009
43562899|10074010
43562900|10074011
43562901|10074012
43562902|10074013
43562903|10074014
43562904|10074015
43562905|10074026
43562906|10074027
43562907|10074028
43562908|10074052
43562909|10074053
43562910|10074054
43562911|10074057
43562912|10074061
43562913|10074063
43562914|10074065
43562915|10074066
43562916|10074067
43562917|10074068
43562918|10074069
43562919|10074072
43562920|10074073
43562921|10074074
43562922|10074077
43562923|10074079
43562924|10074080
43562925|10074084
43562926|10074148
43562927|10074150
43562928|10074151
43562929|10074158
43562930|10074159
43562931|10074160
43562932|10074162
43562933|10074163
43562934|10074168
43562935|10074169
43562936|10074170
43562937|10074171
43562938|10074172
43562939|10074173
43562940|10074174
43562941|10074180
43562942|10074181
43562943|10074182
43562944|10074183
43562945|10074184
43562946|10074185
43562947|10074186
43562948|10074187
43562949|10074216
43562950|10074217
43562951|10074218
43562952|10074219
43562953|10074220
43562954|10074221
43562955|10074238
43562956|10074239
43562957|10074240
43562958|10074241
43562959|10074242
43562960|10074243
43562961|10074244
43562962|10074245
43562963|10074246
43562964|10074247
43562965|10074248
43562966|10074249
43562967|10074250
43562968|10074251
43562969|10074252
43562970|10074253
43562971|10074254
43562972|10074259
43562973|10074264
43562974|10074266
43562975|10074267
43562976|10074268
43562977|10074269
43562978|10074270
43562979|10074283
43562980|10074284
43562981|10074293
43562982|10074297
43562983|10074300
43562984|10074301
43562985|10074302
43562986|10074303
43562987|10074304
43562988|10074305
45885339|10074469
45885340|10076290
45885341|10074468
45885342|10074470
45885343|10074471
45885344|10074472
45885345|10074473
45885346|10074474
45885347|10074475
45885348|10074484
45885349|10074485
45885350|10075883
45885351|10075884
45885352|10075885
45885353|10075886
45885354|10076291
45885355|10076292
45885356|10076293
45885357|10076307
45885358|10074508
45885359|10074509
45885360|10074510
45885361|10074511
45885362|10074512
45885363|10074513
45885364|10074514
45885365|10074515
45885366|10074516
45885367|10074517
45885368|10074520
45885369|10074525
45885370|10074526
45885371|10074527
45885372|10074528
45885373|10074529
45885374|10074530
45885375|10074531
45885376|10074532
45885377|10074533
45885378|10076032
45885379|10076033
45885380|10076035
45885381|10076036
45885382|10076037
45885383|10076038
45885384|10076040
45885385|10076041
45885386|10076044
45885387|10076045
45885388|10076048
45885389|10076050
45885390|10076051
45885391|10076053
45885392|10076055
45885393|10076056
45885394|10076058
45885395|10076060
45885396|10076061
45885397|10076063
45885398|10076064
45885399|10076065
45885400|10076066
45885401|10076067
45885402|10076068
45885403|10076069
45885404|10076070
45885405|10076071
45885406|10076072
45885407|10076073
45885408|10076074
45885409|10076075
45885410|10076076
45885411|10076077
45885412|10076078
45885413|10076079
45885414|10076080
45885415|10076081
45885416|10076082
45885417|10076083
45885418|10076084
45885419|10076085
45885420|10076086
45885421|10076087
45885422|10076088
45885423|10076089
45885424|10076090
45885425|10076091
45885426|10076092
45885427|10076096
45885428|10076097
45885429|10076098
45885430|10076099
45885431|10076100
45885432|10076101
45885433|10076102
45885434|10076103
45885435|10076104
45885436|10076105
45885437|10076106
45885438|10076108
45885439|10076109
45885440|10076110
45885441|10076111
45885442|10076112
45885443|10076113
45885444|10076115
45885445|10076116
45885446|10076117
45885447|10076118
45885448|10076119
45885449|10076120
45885450|10076121
45885451|10076122
45885452|10076123
45885453|10076124
45885454|10076125
45885455|10076126
45885456|10076127
45885457|10076128
45885458|10076129
45885459|10076130
45885460|10076131
45885461|10076132
45885462|10076133
45885463|10076134
45885464|10076135
45885465|10076136
45885466|10076137
45885467|10076138
45885468|10076139
45885469|10076140
45885470|10076141
45885471|10076142
45885472|10076143
45885473|10076144
45885474|10076145
45885475|10076146
45885476|10076147
45885477|10076148
45885478|10076155
45885479|10076156
45885480|10076157
45885481|10076158
45885482|10076159
45885483|10076160
45885484|10076161
45885485|10076162
45885486|10076163
45885487|10076164
45885488|10076165
45885489|10076166
45885490|10076167
45885491|10076168
45885492|10076169
45885493|10076170
45885494|10076171
45885495|10076172
45885496|10076173
45885497|10076174
45885498|10076175
45885499|10076176
45885500|10076177
45885501|10076178
45885502|10076179
45885503|10076180
45885504|10076181
45885505|10076182
45885506|10076183
45885507|10076184
45885508|10076185
45885509|10076186
45885510|10076187
45885511|10076188
45885512|10076189
45885513|10076190
45885514|10076191
45885515|10076192
45885516|10076199
45885517|10076202
45885518|10076203
45885519|10076204
45885520|10076205
45885521|10076206
45885522|10076211
45885523|10076215
45885524|10076216
45885525|10076217
45885526|10076222
45885527|10076223
45885528|10076224
45885529|10076227
45885530|10076229
45885531|10076230
45885532|10076233
45885533|10076235
45885534|10076236
45885535|10076237
45885536|10076238
45885537|10076239
45885538|10076241
45885539|10076242
45885540|10076245
45885541|10076246
45885542|10076247
45885543|10076248
45885544|10076249
45885545|10076251
45885546|10076253
45885547|10076254
45885548|10076255
45885549|10076260
45885550|10076265
45885551|10076266
45885552|10076267
45885553|10076268
45885554|10076269
45885555|10076270
45885556|10076271
45885557|10076272
45885558|10076273
45885559|10076278
45885560|10076279
45885561|10076280
45885562|10076286
45885563|10076287
45885564|10076288
45885565|10076299
45885566|10076300
45885567|10076301
45885568|10076302
45885569|10076308
45885570|10076309
45885571|10076310
45885572|10076311
45885573|10076312
45885574|10076313
45885575|10076327
45885576|10076328
45885577|10076329
45885578|10076330
45885579|10076331
45885580|10076338
45885581|10076339
45885582|10076360
45885583|10076362
45885584|10076367
45885585|10076368
45885586|10076370
45885587|10076371
45885588|10076372
45885589|10076373
45885590|10076374
45885591|10076380
45885592|10076381
45885593|10076382
45885594|10076383
45885595|10076384
45885596|10076385
45885597|10076386
45885598|10076387
45885599|10076388
45885600|10076389
45885601|10076390
45885602|10076398
45885603|10076406
45885604|10076413
45885605|10076415
45885606|10076416
45885607|10076417
45885608|10076418
45885609|10076419
45885610|10076420
45885611|10076427
45885612|10076429
45885613|10076430
45885614|10076431
45885615|10076437
45885616|10076442
45885617|10076443
45885618|10076445
45885619|10076447
45885620|10076448
45885621|10076449
45885622|10076450
45885623|10076451
45885624|10076454
45885625|10076460
45885626|10076465
45885627|10076369
45885628|10076470
45885629|10076473
45885630|10074840
45885631|10074842
45885632|10074843
45885633|10074846
45885634|10074847
45885635|10074534
45885636|10074535
45885637|10074538
45885638|10074539
45885639|10074540
45885640|10074541
45885641|10074547
45885642|10074549
45885643|10074551
45885644|10074552
45885645|10074554
45885646|10074555
45885647|10074556
45885648|10074557
45885649|10074559
45885650|10074560
45885651|10074561
45885652|10074563
45885653|10074564
45885654|10074565
45885655|10074566
45885656|10074569
45885657|10074570
45885658|10074583
45885659|10074584
45885660|10074585
45885661|10074586
45885662|10074587
45885663|10074588
45885664|10074593
45885665|10074594
45885666|10074597
45885667|10074598
45885668|10074599
45885669|10074600
45885670|10074602
45885671|10074603
45885672|10074850
45885673|10074851
45885674|10074853
45885675|10074857
45885676|10074859
45885677|10074860
45885678|10074861
45885679|10074863
45885680|10074864
45885681|10074866
45885682|10074867
45885683|10074868
45885684|10074869
45885685|10074870
45885686|10074880
45885687|10074887
45885688|10074890
45885689|10074891
45885690|10074894
45885691|10074895
45885692|10074896
45885693|10074898
45885694|10074899
45885695|10074902
45885696|10074903
45885697|10074904
45885698|10074905
45885699|10074906
45885700|10074908
45885701|10074909
45885702|10074913
45885703|10074923
45885704|10074924
45885705|10074929
45885706|10074936
45885707|10074937
45885708|10074941
45885709|10074942
45885710|10074943
45885711|10074946
45885712|10074947
45885713|10074950
45885714|10074954
45885715|10074960
45885716|10074969
45885717|10074970
45885718|10074971
45885719|10074972
45885720|10074976
45885721|10074977
45885722|10074978
45885723|10074979
45885724|10074984
45885725|10074985
45885726|10074986
45885727|10074987
45885728|10074990
45885729|10074992
45885730|10074993
45885731|10074995
45885732|10074996
45885733|10074997
45885734|10074998
45885735|10075002
45885736|10075003
45885737|10075004
45885738|10075005
45885739|10075006
45885740|10075007
45885741|10075008
45885742|10075009
45885743|10075014
45885744|10075015
45885745|10075016
45885746|10075017
45885747|10075018
45885748|10075021
45885749|10075023
45885750|10075025
45885751|10075026
45885752|10075032
45885753|10075033
45885754|10075037
45885755|10075038
45885756|10075039
45885757|10075043
45885758|10075046
45885759|10075048
45885760|10075049
45885761|10075050
45885762|10074607
45885763|10074608
45885764|10074610
45885765|10074613
45885766|10074616
45885767|10074617
45885768|10074618
45885769|10074620
45885770|10074621
45885771|10074625
45885772|10074636
45885773|10074638
45885774|10074639
45885775|10074640
45885776|10074641
45885777|10074642
45885778|10074643
45885779|10074667
45885780|10074668
45885781|10074670
45885782|10074671
45885783|10074672
45885784|10074680
45885785|10074682
45885786|10074686
45885787|10074687
45885788|10074693
45885789|10074696
45885790|10074697
45885791|10074698
45885792|10074699
45885793|10074700
45885794|10074701
45885795|10074702
45885796|10074703
45885797|10074704
45885798|10074705
45885799|10074706
45885800|10074707
45885801|10074712
45885802|10074713
45885803|10074714
45885804|10074716
45885805|10074717
45885806|10074718
45885807|10074719
45885808|10074720
45885809|10074721
45885810|10074722
45885811|10074723
45885812|10074724
45885813|10074725
45885814|10074726
45885815|10074727
45885816|10074728
45885817|10074729
45885818|10074730
45885819|10074731
45885820|10074734
45885821|10074735
45885822|10074736
45885823|10074737
45885824|10074738
45885825|10074739
45885826|10074740
45885827|10074741
45885828|10074742
45885829|10074743
45885830|10074744
45885831|10074745
45885832|10074746
45885833|10074753
45885834|10074755
45885835|10074756
45885836|10074757
45885837|10074758
45885838|10074759
45885839|10074760
45885840|10074761
45885841|10074766
45885842|10074767
45885843|10074768
45885844|10074771
45885845|10074772
45885846|10074773
45885847|10074774
45885848|10074775
45885849|10074776
45885850|10075061
45885851|10075062
45885852|10075063
45885853|10075068
45885854|10075069
45885855|10075070
45885856|10075071
45885857|10075072
45885858|10075076
45885859|10075077
45885860|10075078
45885861|10075081
45885862|10075083
45885863|10075084
45885864|10075085
45885865|10075086
45885866|10075087
45885867|10075088
45885868|10075094
45885869|10075095
45885870|10075096
45885871|10075097
45885872|10075098
45885873|10075099
45885874|10075100
45885875|10075101
45885876|10075102
45885877|10075103
45885878|10075104
45885879|10075105
45885880|10075106
45885881|10075107
45885882|10075108
45885883|10075109
45885884|10075117
45885885|10075118
45885886|10075119
45885887|10075122
45885888|10075124
45885889|10075125
45885890|10075134
45885891|10075136
45885892|10075137
45885893|10075139
45885894|10075140
45885895|10075141
45885896|10075142
45885897|10075147
45885898|10075149
45885899|10075154
45885900|10075156
45885901|10075157
45885902|10075158
45885903|10075159
45885904|10075160
45885905|10075162
45885906|10075163
45885907|10075164
45885908|10075165
45885909|10075166
45885910|10075173
45885911|10075174
45885912|10075178
45885913|10075185
45885914|10075186
45885915|10075187
45885916|10075189
45885917|10075190
45885918|10075191
45885919|10075192
45885920|10075197
45885921|10075201
45885922|10075202
45885923|10075203
45885924|10075204
45885925|10075205
45885926|10075208
45885927|10075209
45885928|10075210
45885929|10075211
45885930|10075212
45885931|10075213
45885932|10075216
45885933|10075217
45885934|10075218
45885935|10075223
45885936|10075226
45885937|10075232
45885938|10075233
45885939|10075240
45885940|10075241
45885941|10074778
45885942|10074779
45885943|10074785
45885944|10074786
45885945|10074787
45885946|10074788
45885947|10074789
45885948|10074796
45885949|10074801
45885950|10074802
45885951|10074807
45885952|10074808
45885953|10074809
45885954|10074830
45885955|10074831
45885956|10074832
45885957|10074833
45885958|10074834
45885959|10074835
45885960|10075243
45885961|10075245
45885962|10075246
45885963|10075247
45885964|10075248
45885965|10075249
45885966|10075250
45885967|10075251
45885968|10075252
45885969|10075253
45885970|10075254
45885971|10075255
45885972|10075256
45885973|10075264
45885974|10075265
45885975|10075267
45885976|10075268
45885977|10075270
45885978|10075271
45885979|10075274
45885980|10075281
45885981|10075283
45885982|10075284
45885983|10075285
45885984|10075286
45885985|10075287
45885986|10075288
45885987|10075289
45885988|10075290
45885989|10075291
45885990|10075292
45885991|10075295
45885992|10075297
45885993|10075298
45885994|10075299
45885995|10075301
45885996|10075303
45885997|10075304
45885998|10075305
45885999|10075306
45886000|10075307
45886001|10075308
45886002|10075309
45886003|10075310
45886004|10075311
45886005|10075313
45886006|10075314
45886007|10075315
45886008|10075316
45886009|10075322
45886010|10075324
45886011|10075326
45886012|10075327
45886013|10075328
45886014|10075329
45886015|10075330
45886016|10075331
45886017|10075332
45886018|10075333
45886019|10075343
45886020|10075346
45886021|10075347
45886022|10075348
45886023|10075349
45886024|10075350
45886025|10075351
45886026|10075352
45886027|10075353
45886028|10075360
45886029|10075364
45886030|10075366
45886031|10075368
45886032|10075369
45886033|10075370
45886034|10075373
45886035|10075378
45886036|10075380
45886037|10075381
45886038|10075385
45886039|10075386
45886040|10075393
45886041|10075394
45886042|10075395
45886043|10075397
45886044|10075398
45886045|10075399
45886046|10075400
45886047|10075401
45886048|10075402
45886049|10075404
45886050|10075421
45886051|10075422
45886052|10075423
45886053|10075425
45886054|10075426
45886055|10075427
45886056|10075428
45886057|10075445
45886058|10075449
45886059|10075450
45886060|10075454
45886061|10075455
45886062|10075456
45886063|10075457
45886064|10075458
45886065|10075460
45886066|10075461
45886067|10075462
45886068|10075467
45886069|10075469
45886070|10075470
45886071|10075476
45886072|10075478
45886073|10075479
45886074|10075481
45886075|10075486
45886076|10075491
45886077|10075492
45886078|10075493
45886079|10075494
45886080|10075511
45886081|10075512
45886082|10075513
45886083|10075519
45886084|10075520
45886085|10075521
45886086|10075528
45886087|10075530
45886088|10075531
45886089|10075532
45886090|10075533
45886091|10075534
45886092|10075535
45886093|10075536
45886094|10075537
45886095|10075539
45886096|10075540
45886097|10075545
45886098|10075546
45886099|10075547
45886100|10075548
45886101|10075549
45886102|10075551
45886103|10075552
45886104|10075553
45886105|10075554
45886106|10075555
45886107|10075561
45886108|10075562
45886109|10075563
45886110|10075565
45886111|10075566
45886112|10075567
45886113|10075569
45886114|10075570
45886115|10075571
45886116|10075572
45886117|10075573
45886118|10075574
45886119|10075575
45886120|10075576
45886121|10075577
45886122|10075578
45886123|10075579
45886124|10075580
45886125|10075581
45886126|10075582
45886127|10075583
45886128|10075584
45886129|10075585
45886130|10075586
45886131|10075587
45886132|10075588
45886133|10075589
45886134|10075596
45886135|10075597
45886136|10075598
45886137|10075600
45886138|10075601
45886139|10075602
45886140|10075606
45886141|10075609
45886142|10075610
45886143|10075611
45886144|10075613
45886145|10075614
45886146|10075616
45886147|10075617
45886148|10075618
45886149|10075619
45886150|10075620
45886151|10075622
45886152|10075626
45886153|10075627
45886154|10075628
45886155|10075629
45886156|10075631
45886157|10075633
45886158|10075634
45886159|10075637
45886160|10075638
45886161|10075639
45886162|10075640
45886163|10075641
45886164|10075642
45886165|10075643
45886166|10075644
45886167|10075645
45886168|10075646
45886169|10075647
45886170|10075648
45886171|10075649
45886172|10075650
45886173|10075651
45886174|10075652
45886175|10075653
45886176|10075654
45886177|10075655
45886178|10075682
45886179|10075685
45886180|10075686
45886181|10075688
45886182|10075689
45886183|10075690
45886184|10075691
45886185|10075694
45886186|10075696
45886187|10075697
45886188|10075698
45886189|10075699
45886190|10075704
45886191|10075705
45886192|10075706
45886193|10075707
45886194|10075708
45886195|10075709
45886196|10075710
45886197|10075713
45886198|10075714
45886199|10075715
45886200|10075720
45886201|10075721
45886202|10075724
45886203|10075725
45886204|10075726
45886205|10075728
45886206|10075729
45886207|10075730
45886208|10075731
45886209|10075732
45886210|10075733
45886211|10075734
45886212|10075735
45886213|10075736
45886214|10075737
45886215|10075738
45886216|10075739
45886217|10075740
45886218|10075741
45886219|10075742
45886220|10075743
45886221|10075744
45886222|10075745
45886223|10075760
45886224|10075761
45886225|10075765
45886226|10075771
45886227|10075772
45886228|10075773
45886229|10075774
45886230|10075775
45886231|10075799
45886232|10075803
45886233|10075808
45886234|10075809
45886235|10075812
45886236|10075813
45886237|10075825
45886238|10075830
45886239|10075831
45886240|10075833
45886241|10075834
45886242|10075842
45886243|10075843
45886244|10075845
45886245|10075846
45886246|10075847
45886247|10075848
45886248|10075849
45886249|10075853
45886250|10075854
45886251|10075859
45886252|10075864
45886253|10075865
45886254|10075866
45886255|10075867
45886256|10075872
45886257|10075873
45886258|10075874
45886259|10075888
45886260|10075889
45886261|10075890
45886262|10075891
45886263|10075892
45886264|10075895
45886265|10075896
45886266|10075897
45886267|10075898
45886268|10075899
45886269|10075900
45886270|10075901
45886271|10075902
45886272|10075903
45886273|10075918
45886274|10075919
45886275|10075922
45886276|10075923
45886277|10075924
45886278|10075925
45886279|10075926
45886280|10075927
45886281|10075928
45886282|10075929
45886283|10075930
45886284|10075931
45886285|10075932
45886286|10075933
45886287|10075934
45886288|10075935
45886289|10075936
45886290|10075937
45886291|10075938
45886292|10075939
45886293|10075940
45886294|10075941
45886295|10075942
45886296|10075943
45886297|10075944
45886298|10075945
45886299|10075946
45886300|10075947
45886301|10075948
45886302|10075949
45886303|10075950
45886304|10075951
45886305|10075952
45886306|10075953
45886307|10075954
45886308|10075955
45886309|10075956
45886310|10075957
45886311|10075958
45886312|10075959
45886313|10075960
45886314|10075961
45886315|10075962
45886316|10075963
45886317|10075964
45886318|10075965
45886319|10075966
45886320|10075967
45886321|10075968
45886322|10075969
45886323|10075970
45886324|10075971
45886325|10075978
45886326|10075979
45886327|10075980
45886328|10075992
45886329|10075993
45886330|10075994
45886331|10075995
45886332|10075996
45886333|10075999
45886334|10076000
45886335|10076001
45886336|10076002
45886337|10076003
45886338|10076004
45886339|10076005
45886340|10076006
45886341|10076007
45886342|10076008
45886343|10076009
45886344|10076010
45886345|10076011
45886346|10076012
45886347|10076013
45886348|10076014
45886349|10076015
45886350|10076016
45886351|10076017
45886352|10076018
45886353|10076019
45886354|10076020
45886355|10076021
45886356|10076022
45886357|10076023
45886358|10076024
45886359|10076025
45886360|10076026
45886361|10076027
45886362|10076031
45886363|10074306
45886364|10074307
45886365|10074309
45886366|10074310
45886367|10074312
45886368|10074313
45886369|10074315
45886370|10074316
45886371|10074319
45886372|10074327
45886373|10074331
45886374|10074332
45886375|10074333
45886376|10074336
45886377|10074337
45886378|10074338
45886379|10074339
45886380|10074340
45886381|10074341
45886382|10074342
45886383|10074348
45886384|10074349
45886385|10074350
45886386|10074352
45886387|10074353
45886388|10074354
45886389|10074357
45886390|10074358
45886391|10074359
45886392|10074361
45886393|10074362
45886394|10074363
45886395|10074367
45886396|10074372
45886397|10074373
45886398|10074386
45886399|10074387
45886400|10074396
45886401|10074397
45886402|10074401
45886403|10074403
45886404|10074409
45886405|10074413
45886406|10074414
45886407|10074417
45886408|10074418
45886409|10074419
45886410|10074420
45886411|10074421
45886412|10074422
45886413|10074423
45886414|10074424
45886415|10074425
45886416|10074426
45886417|10074430
45886418|10074431
45886419|10074432
45886420|10074433
45886421|10074436
45886422|10074437
45886423|10074442
45886424|10074443
45886425|10074444
45886426|10074453
45886427|10074455
45886428|10074456
45886429|10074457
45886430|10074458
45886431|10074459
45886432|10074460
45886433|10074462
45886434|10074465
45886435|10074467
45886436|10074476
45886437|10074480
45886438|10074481
45886439|10074482
45886440|10074486
45886441|10074488
45886442|10074489
45886443|10074490
45886444|10074491
45886445|10074492
45886446|10074493
45886447|10074495
45886448|10074496
45886449|10074497
45886450|10074498
45886451|10074506
45886452|10074507
45886453|10074434
45886454|10074435
45886455|10074438
45886456|10074439
45886457|10074440
45886458|10074441
45886459|10074445
45886460|10074446
45886461|10074447
45886462|10074448
45886463|10074449
45886464|10074450
45886465|10074451
45886466|10074452
45886467|10074454
45886468|10074461
45886469|10074463
45886470|10074464
45886471|10074477
45886472|10074478
45886473|10074479
45886474|10074483
45886475|10074499
45886476|10074500
45886477|10074501
45886478|10074502
45886479|10074503
45886480|10074504
45886481|10074505
45886482|10074518
45886483|10074519
45886484|10074521
45886485|10074522
45886486|10074523
45886487|10074524
45886488|10074536
45886489|10074537
45886490|10074542
45886491|10074543
45886492|10074544
45886493|10074545
45886494|10074546
45886495|10074548
45886496|10074550
45886497|10074553
45886498|10074558
45886499|10074562
45886500|10074567
45886501|10074568
45886502|10074571
45886503|10074572
45886504|10074573
45886505|10074574
45886506|10074575
45886507|10074576
45886508|10074577
45886509|10074578
45886510|10074580
45886511|10074581
45886512|10074582
45886513|10074589
45886514|10074590
45886515|10074591
45886516|10074595
45886517|10074596
45886518|10074604
45886519|10074605
45886520|10074606
45886521|10074609
45886522|10074611
45886523|10074612
45886524|10074614
45886525|10074615
45886526|10074619
45886527|10074622
45886528|10074623
45886529|10074624
45886530|10074626
45886531|10074627
45886532|10074628
45886533|10074629
45886534|10074630
45886535|10074631
45886536|10074632
45886537|10074633
45886538|10074634
45886539|10074635
45886540|10074637
45886541|10074644
45886542|10074645
45886543|10074646
45886544|10074647
45886545|10074648
45886546|10074649
45886547|10074650
45886548|10074651
45886549|10074652
45886550|10074653
45886551|10074654
45886552|10074655
45886553|10074656
45886554|10074657
45886555|10074658
45886556|10074659
45886557|10074660
45886558|10074661
45886559|10074662
45886560|10074663
45886561|10074664
45886562|10074665
45886563|10074666
45886564|10074669
45886565|10074673
45886566|10074674
45886567|10074675
45886568|10074676
45886569|10074677
45886570|10074678
45886571|10074679
45886572|10074681
45886573|10074683
45886574|10074684
45886575|10074685
45886576|10074688
45886577|10074689
45886578|10074690
45886579|10074691
45886580|10074692
45886581|10074694
45886582|10074695
45886583|10074708
45886584|10074709
45886585|10074710
45886586|10074711
45886587|10074715
45886588|10074732
45886589|10074733
45886590|10074747
45886591|10074748
45886592|10074749
45886593|10074750
45886594|10074751
45886595|10074752
45886596|10074754
45886597|10074762
45886598|10074763
45886599|10074764
45886600|10074765
45886601|10074770
45886602|10074777
45886603|10074780
45886604|10074781
45886605|10074782
45886606|10074783
45886607|10074784
45886608|10074790
45886609|10074791
45886610|10074792
45886611|10074793
45886612|10074794
45886613|10074795
45886614|10074797
45886615|10074798
45886616|10074799
45886617|10074800
45886618|10074803
45886619|10074804
45886620|10074806
45886621|10074810
45886622|10074811
45886623|10074812
45886624|10074813
45886625|10074815
45886626|10075371
45886627|10075372
45886628|10075374
45886629|10075375
45886630|10075376
45886631|10075377
45886632|10075379
45886633|10075382
45886634|10075383
45886635|10075384
45886636|10075387
45886637|10075388
45886638|10075389
45886639|10075390
45886640|10075391
45886641|10075392
45886642|10075405
45886643|10075406
45886644|10075407
45886645|10075408
45886646|10075409
45886647|10075410
45886648|10075411
45886649|10075412
45886650|10075413
45886651|10075414
45886652|10075415
45886653|10075416
45886654|10075417
45886655|10075418
45886656|10075419
45886657|10075420
45886658|10074865
45886659|10074871
45886660|10074872
45886661|10074873
45886662|10074874
45886663|10074875
45886664|10074876
45886665|10074877
45886666|10074878
45886667|10074879
45886668|10074881
45886669|10074882
45886670|10074883
45886671|10074884
45886672|10074885
45886673|10074886
45886674|10074889
45886675|10074892
45886676|10074893
45886677|10074897
45886678|10074900
45886679|10074901
45886680|10074907
45886681|10074910
45886682|10074911
45886683|10074912
45886684|10074914
45886685|10074915
45886686|10074916
45886687|10074917
45886688|10074918
45886689|10074919
45886690|10074920
45886691|10074921
45886692|10074922
45886693|10074925
45886694|10074926
45886695|10074927
45886696|10074928
45886697|10074931
45886698|10074932
45886699|10074933
45886700|10074934
45886701|10074935
45886702|10074938
45886703|10074940
45886704|10074944
45886705|10074945
45886706|10074948
45886707|10074949
45886708|10074951
45886709|10074952
45886710|10074953
45886711|10074955
45886712|10074956
45886713|10074957
45886714|10074958
45886715|10074959
45886716|10074961
45886717|10074962
45886718|10074963
45886719|10074964
45886720|10074965
45886721|10074966
45886722|10074967
45886723|10074968
45886724|10074973
45886725|10074974
45886726|10074975
45886727|10074980
45886728|10074981
45886729|10074982
45886730|10074983
45886731|10074988
45886732|10074989
45886733|10074991
45886734|10074994
45886735|10074999
45886736|10075000
45886737|10075001
45886738|10075711
45886739|10075712
45886740|10075716
45886741|10075717
45886742|10075718
45886743|10075719
45886744|10075722
45886745|10075723
45886746|10075727
45886747|10075746
45886748|10075747
45886749|10075748
45886750|10075749
45886751|10075750
45886752|10075751
45886753|10075752
45886754|10075753
45886755|10075754
45886756|10075755
45886757|10075756
45886758|10075757
45886759|10075758
45886760|10075759
45886761|10075762
45886762|10075763
45886763|10075764
45886764|10075766
45886765|10075767
45886766|10075768
45886767|10075769
45886768|10075770
45886769|10075777
45886770|10075778
45886771|10075779
45886772|10075780
45886773|10075781
45886774|10075782
45886775|10075783
45886776|10075784
45886777|10075785
45886778|10075786
45886779|10075787
45886780|10075788
45886781|10075789
45886782|10075790
45886783|10075791
45886784|10075792
45886785|10075793
45886786|10075794
45886787|10075795
45886788|10075796
45886789|10075797
45886790|10075798
45886791|10075801
45886792|10075802
45886793|10075804
45886794|10075805
45886795|10075807
45886796|10075810
45886797|10075814
45886798|10075815
45886799|10075816
45886800|10075817
45886801|10075818
45886802|10075819
45886803|10075820
45886804|10075821
45886805|10075822
45886806|10075823
45886807|10075824
45886808|10075826
45886809|10075827
45886810|10075828
45886811|10075829
45886812|10075832
45886813|10075835
45886814|10075836
45886815|10075837
45886816|10075838
45886817|10075839
45886818|10075840
45886819|10075841
45886820|10075844
45886821|10075850
45886822|10075851
45886823|10075010
45886824|10075011
45886825|10075012
45886826|10075013
45886827|10075019
45886828|10075020
45886829|10075022
45886830|10075024
45886831|10075028
45886832|10075029
45886833|10075030
45886834|10075031
45886835|10075034
45886836|10075035
45886837|10075036
45886838|10075040
45886839|10075041
45886840|10075042
45886841|10075044
45886842|10075047
45886843|10075051
45886844|10075052
45886845|10075053
45886846|10075055
45886847|10075056
45886848|10075057
45886849|10075058
45886850|10075059
45886851|10075060
45886852|10075064
45886853|10074308
45886854|10074311
45886855|10074314
45886856|10074317
45886857|10074318
45886858|10074320
45886859|10074321
45886860|10074322
45886861|10074323
45886862|10074324
45886863|10074325
45886864|10074326
45886865|10074329
45886866|10074330
45886867|10074334
45886868|10074335
45886869|10074343
45886870|10074344
45886871|10074345
45886872|10074346
45886873|10074347
45886874|10074351
45886875|10074355
45886876|10074356
45886877|10074360
45886878|10074364
45886879|10074365
45886880|10074366
45886881|10074368
45886882|10074369
45886883|10074370
45886884|10074371
45886885|10074374
45886886|10074375
45886887|10074376
45886888|10074378
45886889|10074379
45886890|10074380
45886891|10074381
45886892|10074382
45886893|10075066
45886894|10075067
45886895|10075073
45886896|10075074
45886897|10075075
45886898|10075079
45886899|10075080
45886900|10075082
45886901|10075089
45886902|10075090
45886903|10075091
45886904|10075092
45886905|10075093
45886906|10075110
45886907|10075111
45886908|10075112
45886909|10075113
45886910|10075114
45886911|10075115
45886912|10075116
45886913|10075120
45886914|10075121
45886915|10075123
45886916|10075126
45886917|10075127
45886918|10075128
45886919|10075129
45886920|10075130
45886921|10075131
45886922|10075132
45886923|10075133
45886924|10075135
45886925|10075138
45886926|10075143
45886927|10075144
45886928|10075989
45886929|10075990
45886930|10075991
45886931|10075998
45886932|10076028
45886933|10076029
45886934|10076030
45886935|10076034
45886936|10076039
45886937|10076042
45886938|10076043
45886939|10076046
45886940|10076047
45886941|10076049
45886942|10076052
45886943|10076054
45886944|10076057
45886945|10076059
45886946|10076062
45886947|10076093
45886948|10076094
45886949|10076095
45886950|10074384
45886951|10074385
45886952|10074388
45886953|10074389
45886954|10074390
45886955|10074391
45886956|10074392
45886957|10074393
45886958|10074394
45886959|10074395
45886960|10074398
45886961|10074399
45886962|10074400
45886963|10074402
45886964|10074404
45886965|10074405
45886966|10074406
45886967|10074407
45886968|10074408
45886969|10074410
45886970|10074411
45886971|10074412
45886972|10074415
45886973|10074416
45886974|10074427
45886975|10074428
45886976|10074429
45886977|10076149
45886978|10076150
45886979|10076151
45886980|10076152
45886981|10076153
45886982|10076154
45886983|10076193
45886984|10076194
45886985|10076195
45886986|10076196
45886987|10076197
45886988|10076198
45886989|10076200
45886990|10076201
45886991|10076207
45886992|10076208
45886993|10076209
45886994|10076210
45886995|10076212
45886996|10076213
45886997|10076214
45886998|10076218
45886999|10076219
45887000|10076220
45887001|10076221
45887002|10076225
45887003|10076226
45887004|10076228
45887005|10076231
45887006|10076232
45887007|10076234
45887008|10076243
45887009|10076244
45887010|10076250
45887011|10076252
45887012|10076256
45887013|10076257
45887014|10076258
45887015|10076259
45887016|10076261
45887017|10076262
45887018|10076263
45887019|10076264
45887020|10076274
45887021|10076275
45887022|10076276
45887023|10076277
45887024|10076281
45887025|10076282
45887026|10076283
45887027|10076284
45887028|10076285
45887029|10076289
45887030|10076294
45887031|10076295
45887032|10076296
45887033|10076297
45887034|10076298
45887035|10076303
45887036|10076304
45887037|10076305
45887038|10076306
45887039|10076314
45887040|10076315
45887041|10076316
45887042|10076317
45887043|10076318
45887044|10076319
45887045|10076320
45887046|10076321
45887047|10076322
45887048|10076323
45887049|10076324
45887050|10076325
45887051|10076326
45887052|10076332
45887053|10076333
45887054|10076334
45887055|10076335
45887056|10076336
45887057|10076337
45887058|10076340
45887059|10076341
45887060|10076342
45887061|10076343
45887062|10076344
45887063|10076345
45887064|10076346
45887065|10076347
45887066|10076348
45887067|10076349
45887068|10076350
45887069|10076351
45887070|10076352
45887071|10076353
45887072|10076354
45887073|10076355
45887074|10076357
45887075|10076358
45887076|10076359
45887077|10076361
45887078|10076363
45887079|10076364
45887080|10075145
45887081|10075146
45887082|10075148
45887083|10075150
45887084|10075151
45887085|10075152
45887086|10075153
45887087|10075155
45887088|10075161
45887089|10075168
45887090|10075169
45887091|10075170
45887092|10075171
45887093|10075172
45887094|10076365
45887095|10076366
45887096|10076375
45887097|10076376
45887098|10076377
45887099|10076378
45887100|10076379
45887101|10076391
45887102|10076392
45887103|10076393
45887104|10076394
45887105|10076395
45887106|10076396
45887107|10076397
45887108|10076399
45887109|10076400
45887110|10076401
45887111|10076402
45887112|10076403
45887113|10076404
45887114|10076405
45887115|10076407
45887116|10076408
45887117|10076409
45887118|10076410
45887119|10076411
45887120|10076412
45887121|10076414
45887122|10076421
45887123|10076422
45887124|10076423
45887125|10076424
45887126|10076425
45887127|10076426
45887128|10076428
45887129|10076432
45887130|10076433
45887131|10076434
45887132|10076435
45887133|10076436
45887134|10076438
45887135|10076439
45887136|10076440
45887137|10076441
45887138|10076444
45887139|10076446
45887140|10076452
45887141|10076453
45887142|10076455
45887143|10076457
45887144|10076458
45887145|10076459
45887146|10076461
45887147|10076462
45887148|10076463
45887149|10076464
45887150|10076466
45887151|10076467
45887152|10076468
45887153|10076469
45887154|10076471
45887155|10076472
45887156|10076474
45887157|10076475
45887158|10076476
45887159|10076477
45887160|10076478
45887161|10076479
45887162|10076480
45887163|10075176
45887164|10075177
45887165|10075179
45887166|10075180
45887167|10075181
45887168|10075182
45887169|10075183
45887170|10075184
45887171|10075188
45887172|10075193
45887173|10075194
45887174|10075195
45887175|10075196
45887176|10075198
45887177|10075199
45887178|10075200
45887179|10075206
45887180|10075207
45887181|10075214
45887182|10075215
45887183|10075219
45887184|10075220
45887185|10075221
45887186|10075222
45887187|10075224
45887188|10075227
45887189|10075228
45887190|10075229
45887191|10075230
45887192|10075231
45887193|10075234
45887194|10075235
45887195|10075236
45887196|10075237
45887197|10075238
45887198|10075239
45887199|10075244
45887200|10075257
45887201|10075258
45887202|10075259
45887203|10075260
45887204|10075261
45887205|10075262
45887206|10075263
45887207|10075266
45887208|10075269
45887209|10075272
45887210|10075273
45887211|10075275
45887212|10075276
45887213|10075277
45887214|10075278
45887215|10075279
45887216|10075280
45887217|10075282
45887218|10075424
45887219|10075429
45887220|10075430
45887221|10075431
45887222|10075432
45887223|10075433
45887224|10075434
45887225|10075435
45887226|10075436
45887227|10075437
45887228|10075438
45887229|10075439
45887230|10075440
45887231|10075441
45887232|10075442
45887233|10075443
45887234|10075444
45887235|10075446
45887236|10075447
45887237|10075448
45887238|10075451
45887239|10075452
45887240|10075453
45887241|10075459
45887242|10075463
45887243|10075464
45887244|10075465
45887245|10075466
45887246|10075468
45887247|10075471
45887248|10075472
45887249|10075473
45887250|10075474
45887251|10075475
45887252|10075477
45887253|10075480
45887254|10075482
45887255|10075483
45887256|10075484
45887257|10075485
45887258|10075487
45887259|10075488
45887260|10075489
45887261|10075490
45887262|10075495
45887263|10075496
45887264|10075497
45887265|10075498
45887266|10075499
45887267|10075500
45887268|10075501
45887269|10075502
45887270|10075503
45887271|10075504
45887272|10075505
45887273|10075506
45887274|10075507
45887275|10075508
45887276|10075509
45887277|10075510
45887278|10075514
45887279|10075515
45887280|10075516
45887281|10075517
45887282|10075518
45887283|10075522
45887284|10075523
45887285|10075524
45887286|10075525
45887287|10075526
45887288|10075527
45887289|10075529
45887290|10075538
45887291|10075541
45887292|10075542
45887293|10075543
45887294|10075544
45887295|10075550
45887296|10075556
45887297|10075557
45887298|10075558
45887299|10075559
45887300|10075560
45887301|10075564
45887302|10075568
45887303|10074579
45887304|10074592
45887305|10074805
45887306|10074814
45887307|10074930
45887308|10074939
45887309|10075800
45887310|10075806
45887311|10075054
45887312|10075065
45887313|10075590
45887314|10075591
45887315|10075592
45887316|10075593
45887317|10075594
45887318|10075599
45887319|10075603
45887320|10075605
45887321|10075607
45887322|10075608
45887323|10075612
45887324|10075615
45887325|10075621
45887326|10075623
45887327|10075624
45887328|10075625
45887329|10075630
45887330|10075632
45887331|10075635
45887332|10075636
45887333|10075656
45887334|10075657
45887335|10075658
45887336|10075659
45887337|10075660
45887338|10075661
45887339|10075662
45887340|10075663
45887341|10075665
45887342|10075666
45887343|10075667
45887344|10075668
45887345|10075669
45887346|10075670
45887347|10075671
45887348|10075673
45887349|10075674
45887350|10075675
45887351|10075676
45887352|10075677
45887353|10075678
45887354|10075679
45887355|10075680
45887356|10075681
45887357|10075683
45887358|10075684
45887359|10075687
45887360|10075692
45887361|10075693
45887362|10075695
45887363|10075700
45887364|10075701
45887365|10075702
45887366|10075703
45887367|10074377
45887368|10074383
45887369|10076356
45887370|10075167
45887371|10075175
45887372|10075664
45887373|10075672
45887374|10075356
45887375|10075361
45887376|10075852
45887377|10075855
45887378|10075856
45887379|10075857
45887380|10075858
45887381|10075860
45887382|10075861
45887383|10075862
45887384|10075863
45887385|10075868
45887386|10075869
45887387|10075870
45887388|10075871
45887389|10075875
45887390|10075876
45887391|10075877
45887392|10075878
45887393|10075879
45887394|10075880
45887395|10075881
45887396|10075882
45887397|10075887
45887398|10075893
45887399|10075894
45887400|10075904
45887401|10075905
45887402|10075906
45887403|10075907
45887404|10075908
45887405|10075909
45887406|10075910
45887407|10075911
45887408|10075912
45887409|10075913
45887410|10075914
45887411|10075915
45887412|10075916
45887413|10075917
45887414|10075920
45887415|10075921
45887416|10075972
45887417|10075973
45887418|10075974
45887419|10075975
45887420|10075976
45887421|10075977
45887422|10075981
45887423|10075982
45887424|10075983
45887425|10075984
45887426|10075985
45887427|10075986
45887428|10075987
45887429|10075988
45887430|10076107
45887431|10076114
45887432|10076240
45887433|10076456
45887434|10076481
45887435|10074844
45887436|10074601
45887437|10075027
45887438|10075045
45887439|10074769
45887440|10075225
45887441|10075242
45887442|10075396
45887443|10075403
45887444|10075595
45887445|10075604
45887446|10075776
45887447|10075811
45887448|10075997
45887449|10075293
45887450|10075294
45887451|10075296
45887452|10075300
45887453|10075302
45887454|10075312
45887455|10075317
45887456|10075318
45887457|10075319
45887458|10075320
45887459|10075321
45887460|10075323
45887461|10075325
45887462|10075334
45887463|10075335
45887464|10075336
45887465|10075337
45887466|10075338
45887467|10075339
45887468|10075340
45887469|10075341
45887470|10075342
45887471|10075344
45887472|10075345
45887473|10075354
45887474|10075355
45887475|10075357
45887476|10075358
45887477|10075359
45887478|10075362
45887479|10075363
45887480|10075365
45887481|10075367
45887482|10074487
45887483|10074494
45887484|10074816
45887485|10074817
45887486|10074818
45887487|10074819
45887488|10074820
45887489|10074821
45887490|10074822
45887491|10074823
45887492|10074824
45887493|10074825
45887494|10074826
45887495|10074827
45887496|10074828
45887497|10074829
45887498|10074836
45887499|10074837
45887500|10074838
45887501|10074839
45887502|10074841
45887503|10074845
45887504|10074848
45887505|10074849
45887506|10074852
45887507|10074854
45887508|10074855
45887509|10074856
45887510|10074858
45887511|10074862
46276554|10076482
46276555|10076483
46276556|10076485
46276557|10076493
46276558|10076496
46276559|10076497
46276560|10076498
46276561|10076500
46276562|10076501
46276563|10076503
46276564|10076505
46276565|10076507
46276566|10076508
46276567|10076510
46276568|10076515
46276569|10076516
46276570|10076520
46276571|10076521
46276572|10076523
46276573|10076524
46276574|10076525
46276575|10076526
46276576|10076533
46276577|10076534
46276578|10076536
46276579|10076537
46276580|10076538
46276581|10076539
46276582|10076540
46276583|10076544
46276584|10076549
46276585|10076552
46276586|10076553
46276587|10076566
46276588|10076568
46276589|10076571
46276590|10076572
46276591|10076573
46276592|10076575
46276593|10076576
46276594|10076578
46276595|10076579
46276596|10076580
46276597|10076581
46276598|10076585
46276599|10076586
46276600|10076587
46276601|10076588
46276602|10076595
46276603|10076597
46276604|10076598
46276605|10076599
46276606|10076600
46276607|10076601
46276608|10076602
46276609|10076603
46276610|10076604
46276611|10076605
46276612|10076606
46276613|10076607
46276614|10076608
46276615|10076609
46276616|10076623
46276617|10076624
46276618|10076625
46276619|10076626
46276620|10076627
46276621|10076628
46276622|10076635
46276623|10076639
46276624|10076640
46276625|10076643
46276626|10076644
46276627|10076653
46276628|10076656
46276629|10076657
46276630|10076658
46276631|10076659
46276632|10076660
46276633|10076661
46276634|10076662
46276635|10076663
46276636|10076664
46276637|10076665
46276638|10076666
46276639|10076667
46276640|10076668
46276641|10076669
46276642|10076670
46276643|10076671
46276644|10076672
46276645|10076673
46276646|10076674
46276647|10076675
46276648|10076676
46276649|10076677
46276650|10076678
46276651|10076692
46276652|10076693
46276653|10076694
46276654|10076700
46276655|10076701
46276656|10076702
46276657|10076703
46276658|10076704
46276659|10076705
46276660|10076706
46276661|10076707
46276662|10076708
46276663|10076709
46276664|10076710
46276665|10076711
46276666|10076712
46276667|10076713
46276668|10076714
46276669|10076715
46276670|10076716
46276671|10076717
46276672|10076732
46276673|10076733
46276674|10076735
46276675|10076737
46276676|10076743
46276677|10076744
46276678|10076746
46276679|10076747
46276680|10076748
46276681|10076749
46276682|10076750
46276683|10076751
46276684|10076753
46276685|10076756
46276686|10076757
46276687|10076764
46276688|10076765
46276689|10076767
46276690|10076768
46276691|10076769
46276692|10076770
46276693|10076772
46276694|10076775
46276695|10076776
46276696|10076777
46276697|10076778
46276698|10076781
46276699|10076783
46276700|10076784
46276701|10076785
46276702|10076835
46276703|10076836
46276704|10076837
46276705|10076838
46276706|10076839
46276707|10076861
46276708|10076864
46276709|10076866
46276710|10076868
46276711|10076869
46276712|10076874
46276713|10076875
46276714|10076876
46276715|10076877
46276716|10076879
46276717|10076881
46276718|10076882
46276719|10076886
46276720|10076888
46276721|10076892
46276722|10076896
46276723|10076897
46276724|10076898
46276725|10076904
46276726|10076905
46276727|10076908
46276728|10076909
46276729|10076910
46276730|10076911
46276731|10076915
46276732|10076916
46276733|10076929
46276734|10076931
46276735|10076935
46276736|10076936
46276737|10076937
46276738|10076941
46276739|10076948
46276740|10076949
46276741|10076950
46276742|10076951
46276743|10076952
46276744|10076953
46276745|10076954
46276746|10076955
46276747|10076961
46276748|10076965
46276749|10076966
46276750|10076967
46276751|10076968
46276752|10076969
46276753|10076970
46276754|10076971
46276755|10076972
46276756|10076976
46276757|10076977
46276758|10076978
46276759|10076981
46276760|10076982
46276761|10076983
46276762|10076985
46276763|10076986
46276764|10076988
46276765|10076990
46276766|10076991
46276767|10076993
46276768|10076994
46276769|10076999
46276770|10077000
46276771|10077003
46276772|10077005
46276773|10077007
46276774|10077014
46276775|10077015
46276776|10077018
46276777|10077019
46276778|10077020
46276779|10077021
46276780|10077022
46276781|10077023
46276782|10077025
46276783|10077026
46276784|10077027
46276785|10077028
46276786|10077029
46276787|10077030
46276788|10077031
46276789|10077032
46276790|10077034
46276791|10077041
46276792|10077045
46276793|10077051
46276794|10077052
46276795|10077053
46276796|10077054
46276797|10077055
46276798|10077072
46276799|10077073
46276800|10077079
46276801|10077087
46276802|10077088
46276803|10077094
46276804|10077104
46276805|10077106
46276806|10077107
46276807|10077108
46276808|10077109
46276809|10077110
46276810|10077114
46276811|10077115
46276812|10077116
46276813|10077117
46276814|10077118
46276815|10077143
46276816|10077144
46276817|10077145
46276818|10077146
46276819|10077160
46276820|10077161
46276821|10077162
46276822|10077166
46276823|10077167
46276824|10077168
46276825|10077169
46276826|10077170
46276827|10077171
46276828|10077172
46276829|10077173
46276830|10077174
46276831|10077175
46276832|10077176
46276833|10077177
46276834|10077178
46276835|10077179
46276836|10077207
46276837|10077208
46276838|10077209
46276839|10077215
46276840|10077216
46276841|10077217
46276842|10077232
46276843|10076535
46276844|10076542
46276845|10076569
46276846|10076745
46276847|10076760
46276848|10077024
46276849|10077033
46276850|10076828
46276851|10076829
46276852|10076830
46276853|10076831
46276854|10076832
46276855|10076833
46276856|10076834
46276857|10076840
46276858|10076841
46276859|10076842
46276860|10076843
46276861|10076844
46276862|10076845
46276863|10076846
46276864|10076847
46276865|10076848
46276866|10076849
46276867|10076850
46276868|10076851
46276869|10076852
46276870|10076853
46276871|10076854
46276872|10076855
46276873|10076856
46276874|10076857
46276875|10076859
46276876|10076860
46276877|10076862
46276878|10076863
46276879|10076865
46276880|10076867
46276881|10076870
46276882|10076871
46276883|10076872
46276884|10076873
46276885|10076878
46276886|10076880
46276887|10076883
46276888|10076884
46276889|10076885
46276890|10076887
46276891|10076889
46276892|10076890
46276893|10076891
46276894|10076893
46276895|10076894
46276896|10076895
46276897|10076899
46276898|10076900
46276899|10076901
46276900|10076902
46276901|10076903
46276902|10076906
46276903|10076907
46276904|10076912
46276905|10076913
46276906|10076914
46276907|10076917
46276908|10076918
46276909|10076919
46276910|10076920
46276911|10076921
46276912|10076922
46276913|10076923
46276914|10076924
46276915|10076925
46276916|10076926
46276917|10076927
46276918|10076928
46276919|10076930
46276920|10076932
46276921|10076933
46276922|10076934
46276923|10076938
46276924|10076939
46276925|10076940
46276926|10076942
46276927|10076943
46276928|10076944
46276929|10076945
46276930|10076946
46276931|10076947
46276932|10076956
46276933|10076957
46276934|10076958
46276935|10076959
46276936|10076960
46276937|10076962
46276938|10076963
46276939|10076964
46276940|10076973
46276941|10076974
46276942|10076975
46276943|10076979
46276944|10076980
46276945|10076984
46276946|10076987
46276947|10076989
46276948|10076992
46276949|10076995
46276950|10076996
46276951|10076997
46276952|10076998
46276953|10077001
46276954|10077002
46276955|10077004
46276956|10077006
46276957|10077008
46276958|10077009
46276959|10077010
46276960|10077011
46276961|10077012
46276962|10077013
46276963|10077016
46276964|10077017
46276965|10077035
46276966|10077036
46276967|10077037
46276968|10077038
46276969|10077040
46276970|10077042
46276971|10077043
46276972|10077044
46276973|10077046
46276974|10077047
46276975|10077049
46276976|10077050
46276977|10077056
46276978|10077057
46276979|10077058
46276980|10077059
46276981|10077060
46276982|10077061
46276983|10077062
46276984|10077063
46276985|10077064
46276986|10077065
46276987|10077066
46276988|10077067
46276989|10077068
46276990|10077069
46276991|10077070
46276992|10077071
46276993|10077074
46276994|10077075
46276995|10077076
46276996|10077077
46276997|10077078
46276998|10077080
46276999|10077081
46277000|10077082
46277001|10077083
46277002|10077084
46277003|10077085
46277004|10077086
46277005|10077089
46277006|10077090
46277007|10077091
46277008|10077092
46277009|10077093
46277010|10077095
46277011|10077096
46277012|10077097
46277013|10077098
46277014|10077099
46277015|10077100
46277016|10077101
46277017|10077102
46277018|10077103
46277019|10077105
46277020|10077111
46277021|10077112
46277022|10077113
46277023|10077119
46277024|10077120
46277025|10077121
46277026|10077122
46277027|10077123
46277028|10077124
46277029|10077125
46277030|10077126
46277031|10077127
46277032|10077128
46277033|10077129
46277034|10077130
46277035|10077131
46277036|10077132
46277037|10077133
46277038|10077134
46277039|10077135
46277040|10077136
46277041|10077137
46277042|10077138
46277043|10077139
46277044|10077140
46277045|10077141
46277046|10077142
46277047|10077147
46277048|10077148
46277049|10077149
46277050|10077150
46277051|10077151
46277052|10077152
46277053|10077153
46277054|10077154
46277055|10077155
46277056|10077156
46277057|10077157
46277058|10077158
46277059|10077159
46277060|10077163
46277061|10077164
46277062|10077165
46277063|10077180
46277064|10077181
46277065|10077182
46277066|10077183
46277067|10077184
46277068|10077185
46277069|10077187
46277070|10077188
46277071|10077189
46277072|10077190
46277073|10077191
46277074|10077192
46277075|10077194
46277076|10077195
46277077|10077196
46277078|10077197
46277079|10077198
46277080|10077199
46277081|10077200
46277082|10077201
46277083|10077202
46277084|10077203
46277085|10077204
46277086|10077205
46277087|10077206
46277088|10077210
46277089|10077211
46277090|10077212
46277091|10077213
46277092|10077214
46277093|10077218
46277094|10077219
46277095|10077220
46277096|10077221
46277097|10077222
46277098|10077223
46277099|10077224
46277100|10077225
46277101|10077226
46277102|10077227
46277103|10077228
46277104|10077229
46277105|10077230
46277106|10077231
46277107|10076484
46277108|10076486
46277109|10076487
46277110|10076488
46277111|10076489
46277112|10076490
46277113|10076491
46277114|10076492
46277115|10076494
46277116|10076495
46277117|10076499
46277118|10076502
46277119|10076504
46277120|10076506
46277121|10076509
46277122|10076511
46277123|10076512
46277124|10076513
46277125|10076514
46277126|10076517
46277127|10076518
46277128|10076519
46277129|10076522
46277130|10076527
46277131|10076528
46277132|10076529
46277133|10076530
46277134|10076531
46277135|10076532
46277136|10076541
46277137|10076543
46277138|10076545
46277139|10076546
46277140|10076547
46277141|10076548
46277142|10076550
46277143|10076551
46277144|10076554
46277145|10076555
46277146|10076556
46277147|10076557
46277148|10076558
46277149|10076559
46277150|10076560
46277151|10076561
46277152|10076562
46277153|10076563
46277154|10076564
46277155|10076565
46277156|10076567
46277157|10076570
46277158|10076574
46277159|10076577
46277160|10076582
46277161|10076583
46277162|10076584
46277163|10076589
46277164|10076590
46277165|10076591
46277166|10076592
46277167|10076593
46277168|10076594
46277169|10076596
46277170|10076610
46277171|10076611
46277172|10076612
46277173|10076613
46277174|10076614
46277175|10076615
46277176|10076616
46277177|10076617
46277178|10076618
46277179|10076619
46277180|10076620
46277181|10076621
46277182|10076622
46277183|10076629
46277184|10076630
46277185|10076631
46277186|10076632
46277187|10076633
46277188|10076634
46277189|10076636
46277190|10076637
46277191|10076638
46277192|10076641
46277193|10076642
46277194|10076645
46277195|10076646
46277196|10076647
46277197|10076648
46277198|10076649
46277199|10076650
46277200|10076651
46277201|10076652
46277202|10076654
46277203|10076655
46277204|10076679
46277205|10076681
46277206|10076682
46277207|10076683
46277208|10076684
46277209|10076685
46277210|10076687
46277211|10076688
46277212|10076689
46277213|10076690
46277214|10076691
46277215|10076695
46277216|10076696
46277217|10076697
46277218|10076698
46277219|10076699
46277220|10076718
46277221|10076719
46277222|10076720
46277223|10076721
46277224|10076722
46277225|10076723
46277226|10076724
46277227|10076725
46277228|10076726
46277229|10076727
46277230|10076728
46277231|10076729
46277232|10076730
46277233|10076731
46277234|10076734
46277235|10076736
46277236|10076738
46277237|10076739
46277238|10076740
46277239|10076741
46277240|10076742
46277241|10076752
46277242|10076754
46277243|10076755
46277244|10076758
46277245|10076759
46277246|10076761
46277247|10076762
46277248|10076763
46277249|10076766
46277250|10076771
46277251|10076773
46277252|10076774
46277253|10076779
46277254|10076780
46277255|10076782
46277256|10076786
46277257|10076787
46277258|10076788
46277259|10076789
46277260|10076790
46277261|10076791
46277262|10076792
46277263|10076793
46277264|10076794
46277265|10076795
46277266|10076796
46277267|10076797
46277268|10076798
46277269|10076799
46277270|10076800
46277271|10076801
46277272|10076802
46277273|10076803
46277274|10076804
46277275|10076805
46277276|10076806
46277277|10076807
46277278|10076808
46277279|10076809
46277280|10076810
46277281|10076811
46277282|10076812
46277283|10076813
46277284|10076814
46277285|10076815
46277286|10076816
46277287|10076817
46277288|10076818
46277289|10076819
46277290|10076820
46277291|10076821
46277292|10076822
46277293|10076823
46277294|10076824
46277295|10076825
46277296|10076826
46277297|10076827
46277298|10076858
46277299|10077039
46277300|10077048
46277301|10077186
46277302|10077193
46277303|10076680
46277304|10076686
